time_sec,cmd_linear_x,cmd_angular_z,target_right_speed_mps,actual_right_speed_mps,error_mps,abs_error_mps,squared_error,right_encoder_ticks,best_angle_rad,best_angle_deg,detected,weld_status,weld_found_count,no_weld_count,t_junction_count,unknown_status_count
0.05966329574584961,0.0,0.0,0.0,0.0,0.0,0.0,0.0,0,nan,nan,0,UNKNOWN,0,0,0,0
0.07578277587890625,0.0,0.0,0.0,0.0,0.0,0.0,0.0,0,nan,nan,0,UNKNOWN,0,0,0,0
0.09581923484802246,0.0,0.0,0.0,0.0,0.0,0.0,0.0,0,nan,nan,0,UNKNOWN,0,0,0,0
0.11578178405761719,0.0,0.0,0.0,0.0,0.0,0.0,0.0,0,nan,nan,0,UNKNOWN,0,0,0,0
0.13577795028686523,0.0,0.0,0.0,0.0,0.0,0.0,0.0,0,nan,nan,0,UNKNOWN,0,0,0,0
0.15577173233032227,0.0,0.0,0.0,0.0,0.0,0.0,0.0,0,nan,nan,0,UNKNOWN,0,0,0,0
0.17580604553222656,0.0,0.0,0.0,0.0,0.0,0.0,0.0,0,nan,nan,0,UNKNOWN,0,0,0,0
0.19581246376037598,0.0,0.0,0.0,0.0,0.0,0.0,0.0,0,nan,nan,0,UNKNOWN,0,0,0,0
0.21581792831420898,0.0,0.0,0.0,0.0,0.0,0.0,0.0,0,nan,nan,0,UNKNOWN,0,0,0,0
0.2357802391052246,0.0,0.0,0.0,0.0,0.0,0.0,0.0,0,nan,nan,0,UNKNOWN,0,0,0,0
0.25579047203063965,0.0,0.0,0.0,0.0,0.0,0.0,0.0,0,nan,nan,0,UNKNOWN,0,0,0,0
0.27585649490356445,0.0,0.0,0.0,0.0,0.0,0.0,0.0,0,nan,nan,0,UNKNOWN,0,0,0,0
0.2957956790924072,0.0,0.0,0.0,0.0,0.0,0.0,0.0,0,nan,nan,0,UNKNOWN,0,0,0,0
0.31579065322875977,0.0,0.0,0.0,0.0,0.0,0.0,0.0,0,nan,nan,0,UNKNOWN,0,0,0,0
0.3357851505279541,0.0,0.0,0.0,0.0,0.0,0.0,0.0,0,nan,nan,0,UNKNOWN,0,0,0,0
0.3557612895965576,0.0,0.0,0.0,0.0,0.0,0.0,0.0,0,nan,nan,0,UNKNOWN,0,0,0,0
0.3758232593536377,0.0,0.0,0.0,0.0,0.0,0.0,0.0,0,nan,nan,0,UNKNOWN,0,0,0,0
0.3957698345184326,0.0,0.0,0.0,0.0,0.0,0.0,0.0,0,nan,nan,0,UNKNOWN,0,0,0,0
0.41579294204711914,0.0,0.0,0.0,0.0,0.0,0.0,0.0,0,nan,nan,0,UNKNOWN,0,0,0,0
0.4357762336730957,0.0,0.0,0.0,0.0,0.0,0.0,0.0,0,nan,nan,0,UNKNOWN,0,0,0,0
0.4557681083679199,0.0,0.0,0.0,0.0,0.0,0.0,0.0,0,nan,nan,0,UNKNOWN,0,0,0,0
0.47586846351623535,0.0,0.0,0.0,0.0,0.0,0.0,0.0,0,nan,nan,0,UNKNOWN,0,0,0,0
0.49577927589416504,0.0,0.0,0.0,0.0,0.0,0.0,0.0,0,nan,nan,0,UNKNOWN,0,0,0,0
0.5158207416534424,0.0,0.0,0.0,0.0,0.0,0.0,0.0,0,nan,nan,0,UNKNOWN,0,0,0,0
0.5357611179351807,0.0,0.0,0.0,0.0,0.0,0.0,0.0,0,nan,nan,0,UNKNOWN,0,0,0,0
0.5557560920715332,0.0,0.0,0.0,0.0,0.0,0.0,0.0,0,nan,nan,0,UNKNOWN,0,0,0,0
0.575796365737915,0.0,0.0,0.0,0.0,0.0,0.0,0.0,0,nan,nan,0,UNKNOWN,0,0,0,0
0.59578537940979,0.0,0.0,0.0,0.0,0.0,0.0,0.0,0,nan,nan,0,UNKNOWN,0,0,0,0
0.615764856338501,0.0,0.0,0.0,0.0,0.0,0.0,0.0,0,nan,nan,0,UNKNOWN,0,0,0,0
0.6357717514038086,0.0,0.0,0.0,0.0,0.0,0.0,0.0,0,nan,nan,0,UNKNOWN,0,0,0,0
0.6558246612548828,0.0,0.0,0.0,0.0,0.0,0.0,0.0,0,nan,nan,0,UNKNOWN,0,0,0,0
0.6757998466491699,0.0,0.0,0.0,0.0,0.0,0.0,0.0,0,nan,nan,0,UNKNOWN,0,0,0,0
0.6957714557647705,0.0,0.0,0.0,0.0,0.0,0.0,0.0,0,nan,nan,0,UNKNOWN,0,0,0,0
0.7158083915710449,0.0,0.0,0.0,0.0,0.0,0.0,0.0,0,nan,nan,0,UNKNOWN,0,0,0,0
0.7357733249664307,0.0,0.0,0.0,0.0,0.0,0.0,0.0,0,nan,nan,0,UNKNOWN,0,0,0,0
0.755770206451416,0.0,0.0,0.0,0.0,0.0,0.0,0.0,0,nan,nan,0,UNKNOWN,0,0,0,0
0.7758095264434814,0.0,0.0,0.0,0.0,0.0,0.0,0.0,0,nan,nan,0,UNKNOWN,0,0,0,0
0.795832633972168,0.0,0.0,0.0,0.0,0.0,0.0,0.0,0,nan,nan,0,UNKNOWN,0,0,0,0
0.8158361911773682,0.0,0.0,0.0,0.0,0.0,0.0,0.0,0,nan,nan,0,UNKNOWN,0,0,0,0
0.8357698917388916,0.0,0.0,0.0,0.0,0.0,0.0,0.0,0,nan,nan,0,UNKNOWN,0,0,0,0
0.8557662963867188,0.0,0.0,0.0,0.0,0.0,0.0,0.0,0,nan,nan,0,UNKNOWN,0,0,0,0
0.8757991790771484,0.0,0.0,0.0,0.0,0.0,0.0,0.0,0,nan,nan,0,UNKNOWN,0,0,0,0
0.8957653045654297,0.0,0.0,0.0,0.0,0.0,0.0,0.0,0,nan,nan,0,UNKNOWN,0,0,0,0
0.9157955646514893,0.0,0.0,0.0,0.0,0.0,0.0,0.0,0,nan,nan,0,UNKNOWN,0,0,0,0
0.935784101486206,0.0,0.0,0.0,0.0,0.0,0.0,0.0,0,nan,nan,0,UNKNOWN,0,0,0,0
0.9557712078094482,0.0,0.0,0.0,0.0,0.0,0.0,0.0,0,nan,nan,0,UNKNOWN,0,0,0,0
0.9757983684539795,0.0,0.0,0.0,0.0,0.0,0.0,0.0,0,nan,nan,0,UNKNOWN,0,0,0,0
0.9957683086395264,0.0,0.0,0.0,0.0,0.0,0.0,0.0,0,nan,nan,0,UNKNOWN,0,0,0,0
1.0157737731933594,0.0,0.0,0.0,0.0,0.0,0.0,0.0,0,nan,nan,0,UNKNOWN,0,0,0,0
1.0357952117919922,0.0,0.0,0.0,0.0,0.0,0.0,0.0,0,nan,nan,0,UNKNOWN,0,0,0,0
1.0557761192321777,0.0,0.0,0.0,0.0,0.0,0.0,0.0,0,nan,nan,0,UNKNOWN,0,0,0,0
1.075800895690918,0.0,0.0,0.0,0.0,0.0,0.0,0.0,0,nan,nan,0,UNKNOWN,0,0,0,0
1.0957880020141602,0.0,0.0,0.0,0.0,0.0,0.0,0.0,0,nan,nan,0,UNKNOWN,0,0,0,0
1.1157939434051514,0.0,0.0,0.0,0.0,0.0,0.0,0.0,0,nan,nan,0,UNKNOWN,0,0,0,0
1.135768175125122,0.0,0.0,0.0,0.0,0.0,0.0,0.0,0,nan,nan,0,UNKNOWN,0,0,0,0
1.1557650566101074,0.0,0.0,0.0,0.0,0.0,0.0,0.0,0,nan,nan,0,UNKNOWN,0,0,0,0
1.17579984664917,0.0,0.0,0.0,0.0,0.0,0.0,0.0,0,nan,nan,0,UNKNOWN,0,0,0,0
1.1957650184631348,0.0,0.0,0.0,0.0,0.0,0.0,0.0,0,nan,nan,0,UNKNOWN,0,0,0,0
1.2157726287841797,0.0,0.0,0.0,0.0,0.0,0.0,0.0,0,nan,nan,0,UNKNOWN,0,0,0,0
1.235779047012329,0.0,0.0,0.0,0.0,0.0,0.0,0.0,0,nan,nan,0,UNKNOWN,0,0,0,0
1.2557966709136963,0.0,0.0,0.0,0.0,0.0,0.0,0.0,0,nan,nan,0,UNKNOWN,0,0,0,0
1.2757928371429443,0.0,0.0,0.0,0.0,0.0,0.0,0.0,0,nan,nan,0,UNKNOWN,0,0,0,0
1.2958250045776367,0.0,0.0,0.0,0.0,0.0,0.0,0.0,0,nan,nan,0,UNKNOWN,0,0,0,0
1.3157854080200195,0.0,0.0,0.0,0.0,0.0,0.0,0.0,0,nan,nan,0,UNKNOWN,0,0,0,0
1.335789442062378,0.0,0.0,0.0,0.0,0.0,0.0,0.0,0,nan,nan,0,UNKNOWN,0,0,0,0
1.355778694152832,0.0,0.0,0.0,0.0,0.0,0.0,0.0,0,nan,nan,0,UNKNOWN,0,0,0,0
1.3758094310760498,0.0,0.0,0.0,0.0,0.0,0.0,0.0,0,nan,nan,0,UNKNOWN,0,0,0,0
1.3957643508911133,0.0,0.0,0.0,0.0,0.0,0.0,0.0,0,nan,nan,0,UNKNOWN,0,0,0,0
1.4157707691192627,0.0,0.0,0.0,0.0,0.0,0.0,0.0,0,nan,nan,0,UNKNOWN,0,0,0,0
1.4357776641845703,0.0,0.0,0.0,0.0,0.0,0.0,0.0,0,nan,nan,0,UNKNOWN,0,0,0,0
1.4557857513427734,0.0,0.0,0.0,0.0,0.0,0.0,0.0,0,nan,nan,0,UNKNOWN,0,0,0,0
1.4758000373840332,0.0,0.0,0.0,0.0,0.0,0.0,0.0,0,nan,nan,0,UNKNOWN,0,0,0,0
1.4957711696624756,0.0,0.0,0.0,0.0,0.0,0.0,0.0,0,nan,nan,0,UNKNOWN,0,0,0,0
1.5157837867736816,0.0,0.0,0.0,0.0,0.0,0.0,0.0,0,nan,nan,0,UNKNOWN,0,0,0,0
1.5357563495635986,0.0,0.0,0.0,0.0,0.0,0.0,0.0,0,nan,nan,0,UNKNOWN,0,0,0,0
1.5557551383972168,0.0,0.0,0.0,0.0,0.0,0.0,0.0,0,nan,nan,0,UNKNOWN,0,0,0,0
1.5757954120635986,0.0,0.0,0.0,0.0,0.0,0.0,0.0,0,nan,nan,0,UNKNOWN,0,0,0,0
1.59576416015625,0.0,0.0,0.0,0.0,0.0,0.0,0.0,0,nan,nan,0,UNKNOWN,0,0,0,0
1.6157937049865723,0.0,0.0,0.0,0.0,0.0,0.0,0.0,0,nan,nan,0,UNKNOWN,0,0,0,0
1.6357884407043457,0.0,0.0,0.0,0.0,0.0,0.0,0.0,0,nan,nan,0,UNKNOWN,0,0,0,0
1.6558594703674316,0.0,0.0,0.0,0.0,0.0,0.0,0.0,0,nan,nan,0,UNKNOWN,0,0,0,0
1.675793170928955,0.0,0.0,0.0,0.0,0.0,0.0,0.0,0,nan,nan,0,UNKNOWN,0,0,0,0
1.6957590579986572,0.0,0.0,0.0,0.0,0.0,0.0,0.0,0,nan,nan,0,UNKNOWN,0,0,0,0
1.7158024311065674,0.0,0.0,0.0,0.0,0.0,0.0,0.0,0,nan,nan,0,UNKNOWN,0,0,0,0
1.7357614040374756,0.0,0.0,0.0,0.0,0.0,0.0,0.0,0,nan,nan,0,UNKNOWN,0,0,0,0
1.755897045135498,0.0,0.0,0.0,0.0,0.0,0.0,0.0,0,nan,nan,0,UNKNOWN,0,0,0,0
1.7758078575134277,0.0,0.0,0.0,0.0,0.0,0.0,0.0,0,nan,nan,0,UNKNOWN,0,0,0,0
1.795832633972168,0.0,0.0,0.0,0.0,0.0,0.0,0.0,0,nan,nan,0,UNKNOWN,0,0,0,0
1.815849781036377,0.0,0.0,0.0,0.0,0.0,0.0,0.0,0,nan,nan,0,UNKNOWN,0,0,0,0
1.8357954025268555,0.0,0.0,0.0,0.0,0.0,0.0,0.0,0,nan,nan,0,UNKNOWN,0,0,0,0
1.8558275699615479,0.0,0.0,0.0,0.0,0.0,0.0,0.0,0,nan,nan,0,UNKNOWN,0,0,0,0
1.8758845329284668,0.0,0.0,0.0,0.0,0.0,0.0,0.0,0,nan,nan,0,UNKNOWN,0,0,0,0
1.895885944366455,0.0,0.0,0.0,0.0,0.0,0.0,0.0,0,nan,nan,0,UNKNOWN,0,0,0,0
1.9158935546875,0.0,0.0,0.0,0.0,0.0,0.0,0.0,0,nan,nan,0,UNKNOWN,0,0,0,0
1.9357705116271973,0.0,0.0,0.0,0.0,0.0,0.0,0.0,0,nan,nan,0,UNKNOWN,0,0,0,0
1.9557709693908691,0.0,0.0,0.0,0.0,0.0,0.0,0.0,0,nan,nan,0,UNKNOWN,0,0,0,0
1.9757883548736572,0.0,0.0,0.0,0.0,0.0,0.0,0.0,0,nan,nan,0,UNKNOWN,0,0,0,0
1.9957680702209473,0.0,0.0,0.0,0.0,0.0,0.0,0.0,0,nan,nan,0,UNKNOWN,0,0,0,0
2.015763282775879,0.0,0.0,0.0,0.0,0.0,0.0,0.0,0,nan,nan,0,UNKNOWN,0,0,0,0
2.0357682704925537,0.0,0.0,0.0,0.0,0.0,0.0,0.0,0,nan,nan,0,UNKNOWN,0,0,0,0
2.0557985305786133,0.0,0.0,0.0,0.0,0.0,0.0,0.0,0,nan,nan,0,UNKNOWN,0,0,0,0
2.075774669647217,0.0,0.0,0.0,0.0,0.0,0.0,0.0,0,nan,nan,0,UNKNOWN,0,0,0,0
2.095773935317993,0.0,0.0,0.0,0.0,0.0,0.0,0.0,0,nan,nan,0,UNKNOWN,0,0,0,0
2.115755796432495,0.0,0.0,0.0,0.0,0.0,0.0,0.0,0,nan,nan,0,UNKNOWN,0,0,0,0
2.1357734203338623,0.0,0.0,0.0,0.0,0.0,0.0,0.0,0,nan,nan,0,UNKNOWN,0,0,0,0
2.1557559967041016,0.0,0.0,0.0,0.0,0.0,0.0,0.0,0,nan,nan,0,UNKNOWN,0,0,0,0
2.1757755279541016,0.0,0.0,0.0,0.0,0.0,0.0,0.0,0,nan,nan,0,UNKNOWN,0,0,0,0
2.1957616806030273,0.0,0.0,0.0,0.0,0.0,0.0,0.0,0,nan,nan,0,UNKNOWN,0,0,0,0
2.2157647609710693,0.0,0.0,0.0,0.0,0.0,0.0,0.0,0,nan,nan,0,UNKNOWN,0,0,0,0
2.235769033432007,0.0,0.0,0.0,0.0,0.0,0.0,0.0,0,nan,nan,0,UNKNOWN,0,0,0,0
2.2558109760284424,0.0,0.0,0.0,0.0,0.0,0.0,0.0,0,nan,nan,0,UNKNOWN,0,0,0,0
2.275775909423828,0.0,0.0,0.0,0.0,0.0,0.0,0.0,0,nan,nan,0,UNKNOWN,0,0,0,0
2.295795202255249,0.0,0.0,0.0,0.0,0.0,0.0,0.0,0,nan,nan,0,UNKNOWN,0,0,0,0
2.3157546520233154,0.0,0.0,0.0,0.0,0.0,0.0,0.0,0,nan,nan,0,UNKNOWN,0,0,0,0
2.3357629776000977,0.0,0.0,0.0,0.0,0.0,0.0,0.0,0,nan,nan,0,UNKNOWN,0,0,0,0
2.355762481689453,0.0,0.0,0.0,0.0,0.0,0.0,0.0,0,nan,nan,0,UNKNOWN,0,0,0,0
2.3757667541503906,0.0,0.0,0.0,0.0,0.0,0.0,0.0,0,nan,nan,0,UNKNOWN,0,0,0,0
2.3958168029785156,0.0,0.0,0.0,0.0,0.0,0.0,0.0,0,nan,nan,0,UNKNOWN,0,0,0,0
2.415766716003418,0.0,0.0,0.0,0.0,0.0,0.0,0.0,0,nan,nan,0,UNKNOWN,0,0,0,0
2.4357690811157227,0.0,0.0,0.0,0.0,0.0,0.0,0.0,0,nan,nan,0,UNKNOWN,0,0,0,0
2.455784559249878,0.0,0.0,0.0,0.0,0.0,0.0,0.0,0,nan,nan,0,UNKNOWN,0,0,0,0
2.4757673740386963,0.0,0.0,0.0,0.0,0.0,0.0,0.0,0,nan,nan,0,UNKNOWN,0,0,0,0
2.4957730770111084,0.0,0.0,0.0,0.0,0.0,0.0,0.0,0,nan,nan,0,UNKNOWN,0,0,0,0
2.5157597064971924,0.0,0.0,0.0,0.0,0.0,0.0,0.0,0,nan,nan,0,UNKNOWN,0,0,0,0
2.535761594772339,0.0,0.0,0.0,0.0,0.0,0.0,0.0,0,nan,nan,0,UNKNOWN,0,0,0,0
2.5557563304901123,0.0,0.0,0.0,0.0,0.0,0.0,0.0,0,nan,nan,0,UNKNOWN,0,0,0,0
2.575772762298584,0.0,0.0,0.0,0.0,0.0,0.0,0.0,0,nan,nan,0,UNKNOWN,0,0,0,0
2.59576416015625,0.0,0.0,0.0,0.0,0.0,0.0,0.0,0,nan,nan,0,UNKNOWN,0,0,0,0
2.615785598754883,0.0,0.0,0.0,0.0,0.0,0.0,0.0,0,nan,nan,0,UNKNOWN,0,0,0,0
2.635777235031128,0.0,0.0,0.0,0.0,0.0,0.0,0.0,0,nan,nan,0,UNKNOWN,0,0,0,0
2.6557862758636475,0.0,0.0,0.0,0.0,0.0,0.0,0.0,0,nan,nan,0,UNKNOWN,0,0,0,0
2.675769805908203,0.0,0.0,0.0,0.0,0.0,0.0,0.0,0,nan,nan,0,UNKNOWN,0,0,0,0
2.695763349533081,0.0,0.0,0.0,0.0,0.0,0.0,0.0,0,nan,nan,0,UNKNOWN,0,0,0,0
2.7157554626464844,0.0,0.0,0.0,0.0,0.0,0.0,0.0,0,nan,nan,0,UNKNOWN,0,0,0,0
2.735778331756592,0.0,0.0,0.0,0.0,0.0,0.0,0.0,0,nan,nan,0,UNKNOWN,0,0,0,0
2.755824327468872,0.0,0.0,0.0,0.0,0.0,0.0,0.0,0,nan,nan,0,UNKNOWN,0,0,0,0
2.7757840156555176,0.0,0.0,0.0,0.0,0.0,0.0,0.0,0,nan,nan,0,UNKNOWN,0,0,0,0
2.795781135559082,0.0,0.0,0.0,0.0,0.0,0.0,0.0,0,nan,nan,0,UNKNOWN,0,0,0,0
2.815767765045166,0.0,0.0,0.0,0.0,0.0,0.0,0.0,0,nan,nan,0,UNKNOWN,0,0,0,0
2.8357787132263184,0.0,0.0,0.0,0.0,0.0,0.0,0.0,0,nan,nan,0,UNKNOWN,0,0,0,0
2.855799674987793,0.0,0.0,0.0,0.0,0.0,0.0,0.0,0,nan,nan,0,UNKNOWN,0,0,0,0
2.875770092010498,0.0,0.0,0.0,0.0,0.0,0.0,0.0,0,nan,nan,0,UNKNOWN,0,0,0,0
2.895761489868164,0.0,0.0,0.0,0.0,0.0,0.0,0.0,0,nan,nan,0,UNKNOWN,0,0,0,0
2.9157555103302,0.0,0.0,0.0,0.0,0.0,0.0,0.0,0,nan,nan,0,UNKNOWN,0,0,0,0
2.9357733726501465,0.0,0.0,0.0,0.0,0.0,0.0,0.0,0,nan,nan,0,UNKNOWN,0,0,0,0
2.9557785987854004,0.0,0.0,0.0,0.0,0.0,0.0,0.0,0,nan,nan,0,UNKNOWN,0,0,0,0
2.9757683277130127,0.0,0.0,0.0,0.0,0.0,0.0,0.0,0,nan,nan,0,UNKNOWN,0,0,0,0
2.995760917663574,0.0,0.0,0.0,0.0,0.0,0.0,0.0,0,nan,nan,0,UNKNOWN,0,0,0,0
3.015763282775879,0.0,0.0,0.0,0.0,0.0,0.0,0.0,0,nan,nan,0,UNKNOWN,0,0,0,0
3.035780429840088,0.0,0.0,0.0,0.0,0.0,0.0,0.0,0,nan,nan,0,UNKNOWN,0,0,0,0
3.0558104515075684,0.0,0.0,0.0,0.0,0.0,0.0,0.0,0,nan,nan,0,UNKNOWN,0,0,0,0
3.075761318206787,0.0,0.0,0.0,0.0,0.0,0.0,0.0,0,nan,nan,0,UNKNOWN,0,0,0,0
3.0957791805267334,0.0,0.0,0.0,0.0,0.0,0.0,0.0,0,nan,nan,0,UNKNOWN,0,0,0,0
3.1157562732696533,0.0,0.0,0.0,0.0,0.0,0.0,0.0,0,nan,nan,0,UNKNOWN,0,0,0,0
3.1357626914978027,0.0,0.0,0.0,0.0,0.0,0.0,0.0,0,nan,nan,0,UNKNOWN,0,0,0,0
3.1557865142822266,0.0,0.0,0.0,0.0,0.0,0.0,0.0,0,nan,nan,0,UNKNOWN,0,0,0,0
3.1757867336273193,0.0,0.0,0.0,0.0,0.0,0.0,0.0,0,nan,nan,0,UNKNOWN,0,0,0,0
3.1957640647888184,0.0,0.0,0.0,0.0,0.0,0.0,0.0,0,nan,nan,0,UNKNOWN,0,0,0,0
3.2157652378082275,0.0,0.0,0.0,0.0,0.0,0.0,0.0,0,nan,nan,0,UNKNOWN,0,0,0,0
3.2357685565948486,0.0,0.0,0.0,0.0,0.0,0.0,0.0,0,nan,nan,0,UNKNOWN,0,0,0,0
3.255794048309326,0.0,0.0,0.0,0.0,0.0,0.0,0.0,0,nan,nan,0,UNKNOWN,0,0,0,0
3.275801658630371,0.0,0.0,0.0,0.0,0.0,0.0,0.0,0,nan,nan,0,UNKNOWN,0,0,0,0
3.2957959175109863,0.0,0.0,0.0,0.0,0.0,0.0,0.0,0,nan,nan,0,UNKNOWN,0,0,0,0
3.3157708644866943,0.0,0.0,0.0,0.0,0.0,0.0,0.0,0,nan,nan,0,UNKNOWN,0,0,0,0
3.3357696533203125,0.0,0.0,0.0,0.0,0.0,0.0,0.0,0,nan,nan,0,UNKNOWN,0,0,0,0
3.355801820755005,0.0,0.0,0.0,0.0,0.0,0.0,0.0,0,nan,nan,0,UNKNOWN,0,0,0,0
3.3757669925689697,0.0,0.0,0.0,0.0,0.0,0.0,0.0,0,nan,nan,0,UNKNOWN,0,0,0,0
3.395763397216797,0.0,0.0,0.0,0.0,0.0,0.0,0.0,0,nan,nan,0,UNKNOWN,0,0,0,0
3.4157660007476807,0.0,0.0,0.0,0.0,0.0,0.0,0.0,0,nan,nan,0,UNKNOWN,0,0,0,0
3.4357821941375732,0.0,0.0,0.0,0.0,0.0,0.0,0.0,0,nan,nan,0,UNKNOWN,0,0,0,0
3.4558370113372803,0.0,0.0,0.0,0.0,0.0,0.0,0.0,0,nan,nan,0,UNKNOWN,0,0,0,0
3.475966215133667,0.0,0.0,0.0,0.0,0.0,0.0,0.0,0,nan,nan,0,UNKNOWN,0,0,0,0
3.4957828521728516,0.0,0.0,0.0,0.0,0.0,0.0,0.0,0,nan,nan,0,UNKNOWN,0,0,0,0
3.51577091217041,0.0,0.0,0.0,0.0,0.0,0.0,0.0,0,nan,nan,0,UNKNOWN,0,0,0,0
3.5357730388641357,0.0,0.0,0.0,0.0,0.0,0.0,0.0,0,nan,nan,0,UNKNOWN,0,0,0,0
3.5558111667633057,0.0,0.0,0.0,0.0,0.0,0.0,0.0,0,nan,nan,0,UNKNOWN,0,0,0,0
3.5757691860198975,0.0,0.0,0.0,0.0,0.0,0.0,0.0,0,nan,nan,0,UNKNOWN,0,0,0,0
3.5957729816436768,0.0,0.0,0.0,0.0,0.0,0.0,0.0,0,nan,nan,0,UNKNOWN,0,0,0,0
3.61578369140625,0.0,0.0,0.0,0.0,0.0,0.0,0.0,0,nan,nan,0,UNKNOWN,0,0,0,0
3.63576078414917,0.0,0.0,0.0,0.0,0.0,0.0,0.0,0,nan,nan,0,UNKNOWN,0,0,0,0
3.6558525562286377,0.0,0.0,0.0,0.0,0.0,0.0,0.0,0,nan,nan,0,UNKNOWN,0,0,0,0
3.6757607460021973,0.0,0.0,0.0,0.0,0.0,0.0,0.0,0,nan,nan,0,UNKNOWN,0,0,0,0
3.6957643032073975,0.0,0.0,0.0,0.0,0.0,0.0,0.0,0,nan,nan,0,UNKNOWN,0,0,0,0
3.7157633304595947,0.0,0.0,0.0,0.0,0.0,0.0,0.0,0,nan,nan,0,UNKNOWN,0,0,0,0
3.7357680797576904,0.0,0.0,0.0,0.0,0.0,0.0,0.0,0,nan,nan,0,UNKNOWN,0,0,0,0
3.755784273147583,0.0,0.0,0.0,0.0,0.0,0.0,0.0,0,nan,nan,0,UNKNOWN,0,0,0,0
3.775804281234741,0.0,0.0,0.0,0.0,0.0,0.0,0.0,0,nan,nan,0,UNKNOWN,0,0,0,0
3.795761823654175,0.0,0.0,0.0,0.0,0.0,0.0,0.0,0,nan,nan,0,UNKNOWN,0,0,0,0
3.815757989883423,0.0,0.0,0.0,0.0,0.0,0.0,0.0,0,nan,nan,0,UNKNOWN,0,0,0,0
3.8357720375061035,0.0,0.0,0.0,0.0,0.0,0.0,0.0,0,nan,nan,0,UNKNOWN,0,0,0,0
3.855807304382324,0.0,0.0,0.0,0.0,0.0,0.0,0.0,0,nan,nan,0,UNKNOWN,0,0,0,0
3.8757705688476562,0.0,0.0,0.0,0.0,0.0,0.0,0.0,0,nan,nan,0,UNKNOWN,0,0,0,0
3.895763397216797,0.0,0.0,0.0,0.0,0.0,0.0,0.0,0,nan,nan,0,UNKNOWN,0,0,0,0
3.915780544281006,0.0,0.0,0.0,0.0,0.0,0.0,0.0,0,nan,nan,0,UNKNOWN,0,0,0,0
3.9357781410217285,0.0,0.0,0.0,0.0,0.0,0.0,0.0,0,nan,nan,0,UNKNOWN,0,0,0,0
3.9557993412017822,0.0,0.0,0.0,0.0,0.0,0.0,0.0,0,nan,nan,0,UNKNOWN,0,0,0,0
3.9757657051086426,0.0,0.0,0.0,0.0,0.0,0.0,0.0,0,nan,nan,0,UNKNOWN,0,0,0,0
3.995779037475586,0.0,0.0,0.0,0.0,0.0,0.0,0.0,0,nan,nan,0,UNKNOWN,0,0,0,0
4.0157740116119385,0.0,0.0,0.0,0.0,0.0,0.0,0.0,0,nan,nan,0,UNKNOWN,0,0,0,0
4.0357666015625,0.0,0.0,0.0,0.0,0.0,0.0,0.0,0,nan,nan,0,UNKNOWN,0,0,0,0
4.055823564529419,0.0,0.0,0.0,0.0,0.0,0.0,0.0,0,nan,nan,0,UNKNOWN,0,0,0,0
4.075799226760864,0.0,0.0,0.0,0.0,0.0,0.0,0.0,0,nan,nan,0,UNKNOWN,0,0,0,0
4.09577202796936,0.0,0.0,0.0,0.0,0.0,0.0,0.0,0,nan,nan,0,UNKNOWN,0,0,0,0
4.115776062011719,0.0,0.0,0.0,0.0,0.0,0.0,0.0,0,nan,nan,0,UNKNOWN,0,0,0,0
4.135768890380859,0.0,0.0,0.0,0.0,0.0,0.0,0.0,0,nan,nan,0,UNKNOWN,0,0,0,0
4.155805587768555,0.0,0.0,0.0,0.0,0.0,0.0,0.0,0,nan,nan,0,UNKNOWN,0,0,0,0
4.175758123397827,0.0,0.0,0.0,0.0,0.0,0.0,0.0,0,nan,nan,0,UNKNOWN,0,0,0,0
4.195761203765869,0.0,0.0,0.0,0.0,0.0,0.0,0.0,0,nan,nan,0,UNKNOWN,0,0,0,0
4.215771198272705,0.0,0.0,0.0,0.0,0.0,0.0,0.0,0,nan,nan,0,UNKNOWN,0,0,0,0
4.235779523849487,0.0,0.0,0.0,0.0,0.0,0.0,0.0,0,nan,nan,0,UNKNOWN,0,0,0,0
4.255818843841553,0.0,0.0,0.0,0.0,0.0,0.0,0.0,0,nan,nan,0,UNKNOWN,0,0,0,0
4.2757744789123535,0.0,0.0,0.0,0.0,0.0,0.0,0.0,0,nan,nan,0,UNKNOWN,0,0,0,0
4.295762538909912,0.0,0.0,0.0,0.0,0.0,0.0,0.0,0,nan,nan,0,UNKNOWN,0,0,0,0
4.315760374069214,0.0,0.0,0.0,0.0,0.0,0.0,0.0,0,nan,nan,0,UNKNOWN,0,0,0,0
4.335767507553101,0.0,0.0,0.0,0.0,0.0,0.0,0.0,0,nan,nan,0,UNKNOWN,0,0,0,0
4.355794429779053,0.0,0.0,0.0,0.0,0.0,0.0,0.0,0,nan,nan,0,UNKNOWN,0,0,0,0
4.375767230987549,0.0,0.0,0.0,0.0,0.0,0.0,0.0,0,nan,nan,0,UNKNOWN,0,0,0,0
4.395773649215698,0.0,0.0,0.0,0.0,0.0,0.0,0.0,0,nan,nan,0,UNKNOWN,0,0,0,0
4.415797710418701,0.0,0.0,0.0,0.0,0.0,0.0,0.0,0,nan,nan,0,UNKNOWN,0,0,0,0
4.4357757568359375,0.0,0.0,0.0,0.0,0.0,0.0,0.0,0,nan,nan,0,UNKNOWN,0,0,0,0
4.45582914352417,0.0,0.0,0.0,0.0,0.0,0.0,0.0,0,nan,nan,0,UNKNOWN,0,0,0,0
4.475766658782959,0.0,0.0,0.0,0.0,0.0,0.0,0.0,0,nan,nan,0,UNKNOWN,0,0,0,0
4.495763063430786,0.0,0.0,0.0,0.0,0.0,0.0,0.0,0,nan,nan,0,UNKNOWN,0,0,0,0
4.515761137008667,0.0,0.0,0.0,0.0,0.0,0.0,0.0,0,nan,nan,0,UNKNOWN,0,0,0,0
4.5357749462127686,0.0,0.0,0.0,0.0,0.0,0.0,0.0,0,nan,nan,0,UNKNOWN,0,0,0,0
4.555814504623413,0.0,0.0,0.0,0.0,0.0,0.0,0.0,0,nan,nan,0,UNKNOWN,0,0,0,0
4.575760126113892,0.0,0.0,0.0,0.0,0.0,0.0,0.0,0,nan,nan,0,UNKNOWN,0,0,0,0
4.59576153755188,0.0,0.0,0.0,0.0,0.0,0.0,0.0,0,nan,nan,0,UNKNOWN,0,0,0,0
4.615817546844482,0.0,0.0,0.0,0.0,0.0,0.0,0.0,0,nan,nan,0,UNKNOWN,0,0,0,0
4.635969161987305,0.0,0.0,0.0,0.0,0.0,0.0,0.0,0,nan,nan,0,UNKNOWN,0,0,0,0
4.655932664871216,0.0,0.0,0.0,0.0,0.0,0.0,0.0,0,nan,nan,0,UNKNOWN,0,0,0,0
4.6758928298950195,0.0,0.0,0.0,0.0,0.0,0.0,0.0,0,nan,nan,0,UNKNOWN,0,0,0,0
4.695831775665283,0.0,0.0,0.0,0.0,0.0,0.0,0.0,0,nan,nan,0,UNKNOWN,0,0,0,0
4.715799570083618,0.0,0.0,0.0,0.0,0.0,0.0,0.0,0,nan,nan,0,UNKNOWN,0,0,0,0
4.735795021057129,0.0,0.0,0.0,0.0,0.0,0.0,0.0,0,nan,nan,0,UNKNOWN,0,0,0,0
4.75587797164917,0.0,0.0,0.0,0.0,0.0,0.0,0.0,0,nan,nan,0,UNKNOWN,0,0,0,0
4.775910377502441,0.0,0.0,0.0,0.0,0.0,0.0,0.0,0,nan,nan,0,UNKNOWN,0,0,0,0
4.79586386680603,0.0,0.0,0.0,0.0,0.0,0.0,0.0,0,nan,nan,0,UNKNOWN,0,0,0,0
4.8157875537872314,0.0,0.0,0.0,0.0,0.0,0.0,0.0,0,nan,nan,0,UNKNOWN,0,0,0,0
4.83586311340332,0.0,0.0,0.0,0.0,0.0,0.0,0.0,0,nan,nan,0,UNKNOWN,0,0,0,0
4.855848073959351,0.0,0.0,0.0,0.0,0.0,0.0,0.0,0,nan,nan,0,UNKNOWN,0,0,0,0
4.875869989395142,0.0,0.0,0.0,0.0,0.0,0.0,0.0,0,nan,nan,0,UNKNOWN,0,0,0,0
4.895867347717285,0.0,0.0,0.0,0.0,0.0,0.0,0.0,0,nan,nan,0,UNKNOWN,0,0,0,0
4.9157679080963135,0.0,0.0,0.0,0.0,0.0,0.0,0.0,0,nan,nan,0,UNKNOWN,0,0,0,0
4.9359142780303955,0.0,0.0,0.0,0.0,0.0,0.0,0.0,0,nan,nan,0,UNKNOWN,0,0,0,0
4.955889940261841,0.0,0.0,0.0,0.0,0.0,0.0,0.0,0,nan,nan,0,UNKNOWN,0,0,0,0
4.975860118865967,0.0,0.0,0.0,0.0,0.0,0.0,0.0,0,nan,nan,0,UNKNOWN,0,0,0,0
4.995858430862427,0.0,0.0,0.0,0.0,0.0,0.0,0.0,0,nan,nan,0,UNKNOWN,0,0,0,0
5.015799045562744,0.0,0.0,0.0,0.0,0.0,0.0,0.0,0,nan,nan,0,UNKNOWN,0,0,0,0
5.035883665084839,0.0,0.0,0.0,0.0,0.0,0.0,0.0,0,nan,nan,0,UNKNOWN,0,0,0,0
5.055878400802612,0.0,0.0,0.0,0.0,0.0,0.0,0.0,0,nan,nan,0,UNKNOWN,0,0,0,0
5.0758185386657715,0.0,0.0,0.0,0.0,0.0,0.0,0.0,0,nan,nan,0,UNKNOWN,0,0,0,0
5.095784425735474,0.0,0.0,0.0,0.0,0.0,0.0,0.0,0,nan,nan,0,UNKNOWN,0,0,0,0
5.115772485733032,0.0,0.0,0.0,0.0,0.0,0.0,0.0,0,nan,nan,0,UNKNOWN,0,0,0,0
5.135805606842041,0.0,0.0,0.0,0.0,0.0,0.0,0.0,0,nan,nan,0,UNKNOWN,0,0,0,0
5.15583062171936,0.0,0.0,0.0,0.0,0.0,0.0,0.0,0,nan,nan,0,UNKNOWN,0,0,0,0
5.175783634185791,0.0,0.0,0.0,0.0,0.0,0.0,0.0,0,nan,nan,0,UNKNOWN,0,0,0,0
5.19586443901062,0.0,0.0,0.0,0.0,0.0,0.0,0.0,0,nan,nan,0,UNKNOWN,0,0,0,0
5.215758562088013,0.0,0.0,0.0,0.0,0.0,0.0,0.0,0,nan,nan,0,UNKNOWN,0,0,0,0
5.235830783843994,0.0,0.0,0.0,0.0,0.0,0.0,0.0,0,nan,nan,0,UNKNOWN,0,0,0,0
5.255926609039307,0.0,0.0,0.0,0.0,0.0,0.0,0.0,0,nan,nan,0,UNKNOWN,0,0,0,0
5.275868892669678,0.0,0.0,0.0,0.0,0.0,0.0,0.0,0,nan,nan,0,UNKNOWN,0,0,0,0
5.295802354812622,0.0,0.0,0.0,0.0,0.0,0.0,0.0,0,nan,nan,0,UNKNOWN,0,0,0,0
5.315782308578491,0.0,0.0,0.0,0.0,0.0,0.0,0.0,0,nan,nan,0,UNKNOWN,0,0,0,0
5.335778713226318,0.0,0.0,0.0,0.0,0.0,0.0,0.0,0,nan,nan,0,UNKNOWN,0,0,0,0
5.355828762054443,0.0,0.0,0.0,0.0,0.0,0.0,0.0,0,nan,nan,0,UNKNOWN,0,0,0,0
5.375868558883667,0.0,0.0,0.0,0.0,0.0,0.0,0.0,0,nan,nan,0,UNKNOWN,0,0,0,0
5.395834445953369,0.0,0.0,0.0,0.0,0.0,0.0,0.0,0,nan,nan,0,UNKNOWN,0,0,0,0
5.415771007537842,0.0,0.0,0.0,0.0,0.0,0.0,0.0,0,nan,nan,0,UNKNOWN,0,0,0,0
5.435839653015137,0.0,0.0,0.0,0.0,0.0,0.0,0.0,0,nan,nan,0,UNKNOWN,0,0,0,0
5.455881595611572,0.0,0.0,0.0,0.0,0.0,0.0,0.0,0,nan,nan,0,UNKNOWN,0,0,0,0
5.475881338119507,0.0,0.0,0.0,0.0,0.0,0.0,0.0,0,nan,nan,0,UNKNOWN,0,0,0,0
5.4958271980285645,0.0,0.0,0.0,0.0,0.0,0.0,0.0,0,nan,nan,0,UNKNOWN,0,0,0,0
5.515782117843628,0.0,0.0,0.0,0.0,0.0,0.0,0.0,0,nan,nan,0,UNKNOWN,0,0,0,0
5.535844802856445,0.0,0.0,0.0,0.0,0.0,0.0,0.0,0,nan,nan,0,UNKNOWN,0,0,0,0
5.55590558052063,0.0,0.0,0.0,0.0,0.0,0.0,0.0,0,nan,nan,0,UNKNOWN,0,0,0,0
5.575947523117065,0.0,0.0,0.0,0.0,0.0,0.0,0.0,0,nan,nan,0,UNKNOWN,0,0,0,0
5.595876932144165,0.0,0.0,0.0,0.0,0.0,0.0,0.0,0,nan,nan,0,UNKNOWN,0,0,0,0
5.615798234939575,0.0,0.0,0.0,0.0,0.0,0.0,0.0,0,nan,nan,0,UNKNOWN,0,0,0,0
5.635843276977539,0.0,0.0,0.0,0.0,0.0,0.0,0.0,0,nan,nan,0,UNKNOWN,0,0,0,0
5.655885219573975,0.0,0.0,0.0,0.0,0.0,0.0,0.0,0,nan,nan,0,UNKNOWN,0,0,0,0
5.675846338272095,0.0,0.0,0.0,0.0,0.0,0.0,0.0,0,nan,nan,0,UNKNOWN,0,0,0,0
5.695791006088257,0.0,0.0,0.0,0.0,0.0,0.0,0.0,0,nan,nan,0,UNKNOWN,0,0,0,0
5.715851783752441,0.0,0.0,0.0,0.0,0.0,0.0,0.0,0,nan,nan,0,UNKNOWN,0,0,0,0
5.735865354537964,0.0,0.0,0.0,0.0,0.0,0.0,0.0,0,nan,nan,0,UNKNOWN,0,0,0,0
5.7558653354644775,0.0,0.0,0.0,0.0,0.0,0.0,0.0,0,nan,nan,0,UNKNOWN,0,0,0,0
5.775946855545044,0.0,0.0,0.0,0.0,0.0,0.0,0.0,0,nan,nan,0,UNKNOWN,0,0,0,0
5.7959277629852295,0.0,0.0,0.0,0.0,0.0,0.0,0.0,0,nan,nan,0,UNKNOWN,0,0,0,0
5.815738201141357,0.0,0.0,0.0,0.0,0.0,0.0,0.0,0,nan,nan,0,UNKNOWN,0,0,0,0
5.8357789516448975,0.0,0.0,0.0,0.0,0.0,0.0,0.0,0,nan,nan,0,UNKNOWN,0,0,0,0
5.855790615081787,0.0,0.0,0.0,0.0,0.0,0.0,0.0,0,nan,nan,0,UNKNOWN,0,0,0,0
5.875771999359131,0.0,0.0,0.0,0.0,0.0,0.0,0.0,0,nan,nan,0,UNKNOWN,0,0,0,0
5.895772218704224,0.0,0.0,0.0,0.0,0.0,0.0,0.0,0,nan,nan,0,UNKNOWN,0,0,0,0
5.915783643722534,0.0,0.0,0.0,0.0,0.0,0.0,0.0,0,nan,nan,0,UNKNOWN,0,0,0,0
5.935896158218384,0.0,0.0,0.0,0.0,0.0,0.0,0.0,0,nan,nan,0,UNKNOWN,0,0,0,0
5.95578670501709,0.0,0.0,0.0,0.0,0.0,0.0,0.0,0,nan,nan,0,UNKNOWN,0,0,0,0
5.975809097290039,0.0,0.0,0.0,0.0,0.0,0.0,0.0,0,nan,nan,0,UNKNOWN,0,0,0,0
5.995778322219849,0.0,0.0,0.0,0.0,0.0,0.0,0.0,0,nan,nan,0,UNKNOWN,0,0,0,0
6.015775680541992,0.0,0.0,0.0,0.0,0.0,0.0,0.0,0,nan,nan,0,UNKNOWN,0,0,0,0
6.035824537277222,0.0,0.0,0.0,0.0,0.0,0.0,0.0,0,nan,nan,0,UNKNOWN,0,0,0,0
6.055809259414673,0.0,0.0,0.0,0.0,0.0,0.0,0.0,0,nan,nan,0,UNKNOWN,0,0,0,0
6.075779438018799,0.0,0.0,0.0,0.0,0.0,0.0,0.0,0,nan,nan,0,UNKNOWN,0,0,0,0
6.0957841873168945,0.0,0.0,0.0,0.0,0.0,0.0,0.0,0,nan,nan,0,UNKNOWN,0,0,0,0
6.115821123123169,0.0,0.0,0.0,0.0,0.0,0.0,0.0,0,nan,nan,0,UNKNOWN,0,0,0,0
6.135974645614624,0.0,0.0,0.0,0.0,0.0,0.0,0.0,0,nan,nan,0,UNKNOWN,0,0,0,0
6.155965089797974,0.0,0.0,0.0,0.0,0.0,0.0,0.0,0,nan,nan,0,UNKNOWN,0,0,0,0
6.1758856773376465,0.0,0.0,0.0,0.0,0.0,0.0,0.0,0,nan,nan,0,UNKNOWN,0,0,0,0
6.195827960968018,0.0,0.0,0.0,0.0,0.0,0.0,0.0,0,nan,nan,0,UNKNOWN,0,0,0,0
6.21577000617981,0.0,0.0,0.0,0.0,0.0,0.0,0.0,0,nan,nan,0,UNKNOWN,0,0,0,0
6.2358012199401855,0.0,0.0,0.0,0.0,0.0,0.0,0.0,0,nan,nan,0,UNKNOWN,0,0,0,0
6.255835771560669,0.0,0.0,0.0,0.0,0.0,0.0,0.0,0,nan,nan,0,UNKNOWN,0,0,0,0
6.275799036026001,0.0,0.0,0.0,0.0,0.0,0.0,0.0,0,nan,nan,0,UNKNOWN,0,0,0,0
6.295863628387451,0.0,0.0,0.0,0.0,0.0,0.0,0.0,0,nan,nan,0,UNKNOWN,0,0,0,0
6.315767765045166,0.0,0.0,0.0,0.0,0.0,0.0,0.0,0,nan,nan,0,UNKNOWN,0,0,0,0
6.3357930183410645,0.0,0.0,0.0,0.0,0.0,0.0,0.0,0,nan,nan,0,UNKNOWN,0,0,0,0
6.355794906616211,0.0,0.0,0.0,0.0,0.0,0.0,0.0,0,nan,nan,0,UNKNOWN,0,0,0,0
6.375800371170044,0.0,0.0,0.0,0.0,0.0,0.0,0.0,0,nan,nan,0,UNKNOWN,0,0,0,0
6.395785570144653,0.0,0.0,0.0,0.0,0.0,0.0,0.0,0,nan,nan,0,UNKNOWN,0,0,0,0
6.415776014328003,0.0,0.0,0.0,0.0,0.0,0.0,0.0,0,nan,nan,0,UNKNOWN,0,0,0,0
6.4357781410217285,0.0,0.0,0.0,0.0,0.0,0.0,0.0,0,nan,nan,0,UNKNOWN,0,0,0,0
6.455829381942749,0.0,0.0,0.0,0.0,0.0,0.0,0.0,0,nan,nan,0,UNKNOWN,0,0,0,0
6.475841760635376,0.0,0.0,0.0,0.0,0.0,0.0,0.0,0,nan,nan,0,UNKNOWN,0,0,0,0
6.495788097381592,0.0,0.0,0.0,0.0,0.0,0.0,0.0,0,nan,nan,0,UNKNOWN,0,0,0,0
6.515777349472046,0.0,0.0,0.0,0.0,0.0,0.0,0.0,0,nan,nan,0,UNKNOWN,0,0,0,0
6.535794258117676,0.0,0.0,0.0,0.0,0.0,0.0,0.0,0,nan,nan,0,UNKNOWN,0,0,0,0
6.555810928344727,0.0,0.0,0.0,0.0,0.0,0.0,0.0,0,nan,nan,0,UNKNOWN,0,0,0,0
6.5757927894592285,0.0,0.0,0.0,0.0,0.0,0.0,0.0,0,nan,nan,0,UNKNOWN,0,0,0,0
6.595805644989014,0.0,0.0,0.0,0.0,0.0,0.0,0.0,0,nan,nan,0,UNKNOWN,0,0,0,0
6.615779876708984,0.0,0.0,0.0,0.0,0.0,0.0,0.0,0,nan,nan,0,UNKNOWN,0,0,0,0
6.635787487030029,0.0,0.0,0.0,0.0,0.0,0.0,0.0,0,nan,nan,0,UNKNOWN,0,0,0,0
6.655920743942261,0.0,0.0,0.0,0.0,0.0,0.0,0.0,0,nan,nan,0,UNKNOWN,0,0,0,0
6.675816059112549,0.0,0.0,0.0,0.0,0.0,0.0,0.0,0,nan,nan,0,UNKNOWN,0,0,0,0
6.695865631103516,0.0,0.0,0.0,0.0,0.0,0.0,0.0,0,nan,nan,0,UNKNOWN,0,0,0,0
6.7157793045043945,0.0,0.0,0.0,0.0,0.0,0.0,0.0,0,nan,nan,0,UNKNOWN,0,0,0,0
6.735858678817749,0.0,0.0,0.0,0.0,0.0,0.0,0.0,0,nan,nan,0,UNKNOWN,0,0,0,0
6.7558274269104,0.0,0.0,0.0,0.0,0.0,0.0,0.0,0,nan,nan,0,UNKNOWN,0,0,0,0
6.775841236114502,0.0,0.0,0.0,0.0,0.0,0.0,0.0,0,nan,nan,0,UNKNOWN,0,0,0,0
6.795842170715332,0.0,0.0,0.0,0.0,0.0,0.0,0.0,0,nan,nan,0,UNKNOWN,0,0,0,0
6.815770864486694,0.0,0.0,0.0,0.0,0.0,0.0,0.0,0,nan,nan,0,UNKNOWN,0,0,0,0
6.83586573600769,0.0,0.0,0.0,0.0,0.0,0.0,0.0,0,nan,nan,0,UNKNOWN,0,0,0,0
6.855877161026001,0.0,0.0,0.0,0.0,0.0,0.0,0.0,0,nan,nan,0,UNKNOWN,0,0,0,0
6.875824451446533,0.0,0.0,0.0,0.0,0.0,0.0,0.0,0,nan,nan,0,UNKNOWN,0,0,0,0
6.8958210945129395,0.0,0.0,0.0,0.0,0.0,0.0,0.0,0,nan,nan,0,UNKNOWN,0,0,0,0
6.915772914886475,0.0,0.0,0.0,0.0,0.0,0.0,0.0,0,nan,nan,0,UNKNOWN,0,0,0,0
6.935786485671997,0.0,0.0,0.0,0.0,0.0,0.0,0.0,0,nan,nan,0,UNKNOWN,0,0,0,0
6.955796957015991,0.0,0.0,0.0,0.0,0.0,0.0,0.0,0,nan,nan,0,UNKNOWN,0,0,0,0
6.975781679153442,0.0,0.0,0.0,0.0,0.0,0.0,0.0,0,nan,nan,0,UNKNOWN,0,0,0,0
6.995779752731323,0.0,0.0,0.0,0.0,0.0,0.0,0.0,0,nan,nan,0,UNKNOWN,0,0,0,0
7.015769720077515,0.0,0.0,0.0,0.0,0.0,0.0,0.0,0,nan,nan,0,UNKNOWN,0,0,0,0
7.035781621932983,0.0,0.0,0.0,0.0,0.0,0.0,0.0,0,nan,nan,0,UNKNOWN,0,0,0,0
7.055788516998291,0.0,0.0,0.0,0.0,0.0,0.0,0.0,0,nan,nan,0,UNKNOWN,0,0,0,0
7.075780630111694,0.0,0.0,0.0,0.0,0.0,0.0,0.0,0,nan,nan,0,UNKNOWN,0,0,0,0
7.095779657363892,0.0,0.0,0.0,0.0,0.0,0.0,0.0,0,nan,nan,0,UNKNOWN,0,0,0,0
7.115777492523193,0.0,0.0,0.0,0.0,0.0,0.0,0.0,0,nan,nan,0,UNKNOWN,0,0,0,0
7.13577675819397,0.0,0.0,0.0,0.0,0.0,0.0,0.0,0,nan,nan,0,UNKNOWN,0,0,0,0
7.155771732330322,0.0,0.0,0.0,0.0,0.0,0.0,0.0,0,nan,nan,0,UNKNOWN,0,0,0,0
7.1757824420928955,0.0,0.0,0.0,0.0,0.0,0.0,0.0,0,nan,nan,0,UNKNOWN,0,0,0,0
7.195781230926514,0.0,0.0,0.0,0.0,0.0,0.0,0.0,0,nan,nan,0,UNKNOWN,0,0,0,0
7.215777397155762,0.0,0.0,0.0,0.0,0.0,0.0,0.0,0,nan,nan,0,UNKNOWN,0,0,0,0
7.2357752323150635,0.0,0.0,0.0,0.0,0.0,0.0,0.0,0,nan,nan,0,UNKNOWN,0,0,0,0
7.255794048309326,0.0,0.0,0.0,0.0,0.0,0.0,0.0,0,nan,nan,0,UNKNOWN,0,0,0,0
7.275782346725464,0.0,0.0,0.0,0.0,0.0,0.0,0.0,0,nan,nan,0,UNKNOWN,0,0,0,0
7.2958149909973145,0.0,0.0,0.0,0.0,0.0,0.0,0.0,0,nan,nan,0,UNKNOWN,0,0,0,0
7.315781354904175,0.0,0.0,0.0,0.0,0.0,0.0,0.0,0,nan,nan,0,UNKNOWN,0,0,0,0
7.335768222808838,0.0,0.0,0.0,0.0,0.0,0.0,0.0,0,nan,nan,0,UNKNOWN,0,0,0,0
7.355787992477417,0.0,0.0,0.0,0.0,0.0,0.0,0.0,0,nan,nan,0,UNKNOWN,0,0,0,0
7.375767946243286,0.0,0.0,0.0,0.0,0.0,0.0,0.0,0,nan,nan,0,UNKNOWN,0,0,0,0
7.395770072937012,0.0,0.0,0.0,0.0,0.0,0.0,0.0,0,nan,nan,0,UNKNOWN,0,0,0,0
7.415773630142212,0.0,0.0,0.0,0.0,0.0,0.0,0.0,0,nan,nan,0,UNKNOWN,0,0,0,0
7.435764789581299,0.0,0.0,0.0,0.0,0.0,0.0,0.0,0,nan,nan,0,UNKNOWN,0,0,0,0
7.455785274505615,0.0,0.0,0.0,0.0,0.0,0.0,0.0,0,nan,nan,0,UNKNOWN,0,0,0,0
7.475795269012451,0.0,0.0,0.0,0.0,0.0,0.0,0.0,0,nan,nan,0,UNKNOWN,0,0,0,0
7.495763063430786,0.0,0.0,0.0,0.0,0.0,0.0,0.0,0,nan,nan,0,UNKNOWN,0,0,0,0
7.515778541564941,0.0,0.0,0.0,0.0,0.0,0.0,0.0,0,nan,nan,0,UNKNOWN,0,0,0,0
7.535768508911133,0.0,0.0,0.0,0.0,0.0,0.0,0.0,0,nan,nan,0,UNKNOWN,0,0,0,0
7.555766344070435,0.0,0.0,0.0,0.0,0.0,0.0,0.0,0,nan,nan,0,UNKNOWN,0,0,0,0
7.5759196281433105,0.0,0.0,0.0,0.0,0.0,0.0,0.0,0,nan,nan,0,UNKNOWN,0,0,0,0
7.5957794189453125,0.0,0.0,0.0,0.0,0.0,0.0,0.0,0,nan,nan,0,UNKNOWN,0,0,0,0
7.615774631500244,0.0,0.0,0.0,0.0,0.0,0.0,0.0,0,nan,nan,0,UNKNOWN,0,0,0,0
7.635772466659546,0.0,0.0,0.0,0.0,0.0,0.0,0.0,0,nan,nan,0,UNKNOWN,0,0,0,0
7.6558637619018555,0.0,0.0,0.0,0.0,0.0,0.0,0.0,0,nan,nan,0,UNKNOWN,0,0,0,0
7.67576789855957,0.0,0.0,0.0,0.0,0.0,0.0,0.0,0,nan,nan,0,UNKNOWN,0,0,0,0
7.6957690715789795,0.0,0.0,0.0,0.0,0.0,0.0,0.0,0,nan,nan,0,UNKNOWN,0,0,0,0
7.715756893157959,0.0,0.0,0.0,0.0,0.0,0.0,0.0,0,nan,nan,0,UNKNOWN,0,0,0,0
7.735760450363159,0.0,0.0,0.0,0.0,0.0,0.0,0.0,0,nan,nan,0,UNKNOWN,0,0,0,0
7.755822658538818,0.0,0.0,0.0,0.0,0.0,0.0,0.0,0,nan,nan,0,UNKNOWN,0,0,0,0
7.775773286819458,0.0,0.0,0.0,0.0,0.0,0.0,0.0,0,nan,nan,0,UNKNOWN,0,0,0,0
7.79576563835144,0.0,0.0,0.0,0.0,0.0,0.0,0.0,0,nan,nan,0,UNKNOWN,0,0,0,0
7.815777540206909,0.0,0.0,0.0,0.0,0.0,0.0,0.0,0,nan,nan,0,UNKNOWN,0,0,0,0
7.835771083831787,0.0,0.0,0.0,0.0,0.0,0.0,0.0,0,nan,nan,0,UNKNOWN,0,0,0,0
7.855796575546265,0.0,0.0,0.0,0.0,0.0,0.0,0.0,0,nan,nan,0,UNKNOWN,0,0,0,0
7.875782489776611,0.0,0.0,0.0,0.0,0.0,0.0,0.0,0,nan,nan,0,UNKNOWN,0,0,0,0
7.8957507610321045,0.0,0.0,0.0,0.0,0.0,0.0,0.0,0,nan,nan,0,UNKNOWN,0,0,0,0
7.9157187938690186,0.0,0.0,0.0,0.0,0.0,0.0,0.0,0,nan,nan,0,UNKNOWN,0,0,0,0
7.935750722885132,0.0,0.0,0.0,0.0,0.0,0.0,0.0,0,nan,nan,0,UNKNOWN,0,0,0,0
7.95576810836792,0.0,0.0,0.0,0.0,0.0,0.0,0.0,0,nan,nan,0,UNKNOWN,0,0,0,0
7.975771188735962,0.0,0.0,0.0,0.0,0.0,0.0,0.0,0,nan,nan,0,UNKNOWN,0,0,0,0
7.995769023895264,0.0,0.0,0.0,0.0,0.0,0.0,0.0,0,nan,nan,0,UNKNOWN,0,0,0,0
8.015771865844727,0.0,0.0,0.0,0.0,0.0,0.0,0.0,0,nan,nan,0,UNKNOWN,0,0,0,0
8.035779476165771,0.0,0.0,0.0,0.0,0.0,0.0,0.0,0,nan,nan,0,UNKNOWN,0,0,0,0
8.055798768997192,0.0,0.0,0.0,0.0,0.0,0.0,0.0,0,nan,nan,0,UNKNOWN,0,0,0,0
8.075774908065796,0.0,0.0,0.0,0.0,0.0,0.0,0.0,0,nan,nan,0,UNKNOWN,0,0,0,0
8.095771551132202,0.0,0.0,0.0,0.0,0.0,0.0,0.0,0,nan,nan,0,UNKNOWN,0,0,0,0
8.115778684616089,0.0,0.0,0.0,0.0,0.0,0.0,0.0,0,nan,nan,0,UNKNOWN,0,0,0,0
8.135778427124023,0.0,0.0,0.0,0.0,0.0,0.0,0.0,0,nan,nan,0,UNKNOWN,0,0,0,0
8.155786991119385,0.0,0.0,0.0,0.0,0.0,0.0,0.0,0,nan,nan,0,UNKNOWN,0,0,0,0
8.175814151763916,0.0,0.0,0.0,0.0,0.0,0.0,0.0,0,nan,nan,0,UNKNOWN,0,0,0,0
8.19590163230896,0.0,0.0,0.0,0.0,0.0,0.0,0.0,0,nan,nan,0,UNKNOWN,0,0,0,0
8.215800046920776,0.0,0.0,0.0,0.0,0.0,0.0,0.0,0,nan,nan,0,UNKNOWN,0,0,0,0
8.235846757888794,0.0,0.0,0.0,0.0,0.0,0.0,0.0,0,nan,nan,0,UNKNOWN,0,0,0,0
8.255867719650269,0.0,0.0,0.0,0.0,0.0,0.0,0.0,0,nan,nan,0,UNKNOWN,0,0,0,0
8.275895833969116,0.0,0.0,0.0,0.0,0.0,0.0,0.0,0,nan,nan,0,UNKNOWN,0,0,0,0
8.295820474624634,0.0,0.0,0.0,0.0,0.0,0.0,0.0,0,nan,nan,0,UNKNOWN,0,0,0,0
8.31579041481018,0.0,0.0,0.0,0.0,0.0,0.0,0.0,0,nan,nan,0,UNKNOWN,0,0,0,0
8.335818767547607,0.0,0.0,0.0,0.0,0.0,0.0,0.0,0,nan,nan,0,UNKNOWN,0,0,0,0
8.355875730514526,0.0,0.0,0.0,0.0,0.0,0.0,0.0,0,nan,nan,0,UNKNOWN,0,0,0,0
8.37597107887268,0.0,0.0,0.0,0.0,0.0,0.0,0.0,0,nan,nan,0,UNKNOWN,0,0,0,0
8.395808458328247,0.0,0.0,0.0,0.0,0.0,0.0,0.0,0,nan,nan,0,UNKNOWN,0,0,0,0
8.41579556465149,0.0,0.0,0.0,0.0,0.0,0.0,0.0,0,nan,nan,0,UNKNOWN,0,0,0,0
8.43579912185669,0.0,0.0,0.0,0.0,0.0,0.0,0.0,0,nan,nan,0,UNKNOWN,0,0,0,0
8.455854177474976,0.0,0.0,0.0,0.0,0.0,0.0,0.0,0,nan,nan,0,UNKNOWN,0,0,0,0
8.475892305374146,0.0,0.0,0.0,0.0,0.0,0.0,0.0,0,nan,nan,0,UNKNOWN,0,0,0,0
8.495936870574951,0.0,0.0,0.0,0.0,0.0,0.0,0.0,0,nan,nan,0,UNKNOWN,0,0,0,0
8.51578664779663,0.0,0.0,0.0,0.0,0.0,0.0,0.0,0,nan,nan,0,UNKNOWN,0,0,0,0
8.53583312034607,0.0,0.0,0.0,0.0,0.0,0.0,0.0,0,nan,nan,0,UNKNOWN,0,0,0,0
8.555862665176392,0.0,0.0,0.0,0.0,0.0,0.0,0.0,0,nan,nan,0,UNKNOWN,0,0,0,0
8.575880765914917,0.0,0.0,0.0,0.0,0.0,0.0,0.0,0,nan,nan,0,UNKNOWN,0,0,0,0
8.5958251953125,0.0,0.0,0.0,0.0,0.0,0.0,0.0,0,nan,nan,0,UNKNOWN,0,0,0,0
8.615809440612793,0.0,0.0,0.0,0.0,0.0,0.0,0.0,0,nan,nan,0,UNKNOWN,0,0,0,0
8.635945558547974,0.0,0.0,0.0,0.0,0.0,0.0,0.0,0,nan,nan,0,UNKNOWN,0,0,0,0
8.656022071838379,0.0,0.0,0.0,0.0,0.0,0.0,0.0,0,nan,nan,0,UNKNOWN,0,0,0,0
8.676016807556152,0.0,0.0,0.0,0.0,0.0,0.0,0.0,0,nan,nan,0,UNKNOWN,0,0,0,0
8.695960998535156,0.0,0.0,0.0,0.0,0.0,0.0,0.0,0,nan,nan,0,UNKNOWN,0,0,0,0
8.715898752212524,0.0,0.0,0.0,0.0,0.0,0.0,0.0,0,nan,nan,0,UNKNOWN,0,0,0,0
8.735833644866943,0.0,0.0,0.0,0.0,0.0,0.0,0.0,0,nan,nan,0,UNKNOWN,0,0,0,0
8.75583267211914,0.0,0.0,0.0,0.0,0.0,0.0,0.0,0,nan,nan,0,UNKNOWN,0,0,0,0
8.775838851928711,0.0,0.0,0.0,0.0,0.0,0.0,0.0,0,nan,nan,0,UNKNOWN,0,0,0,0
8.795813083648682,0.0,0.0,0.0,0.0,0.0,0.0,0.0,0,nan,nan,0,UNKNOWN,0,0,0,0
8.81576156616211,0.0,0.0,0.0,0.0,0.0,0.0,0.0,0,nan,nan,0,UNKNOWN,0,0,0,0
8.835859298706055,0.0,0.0,0.0,0.0,0.0,0.0,0.0,0,nan,nan,0,UNKNOWN,0,0,0,0
8.855870008468628,0.0,0.0,0.0,0.0,0.0,0.0,0.0,0,nan,nan,0,UNKNOWN,0,0,0,0
8.875845909118652,0.0,0.0,0.0,0.0,0.0,0.0,0.0,0,nan,nan,0,UNKNOWN,0,0,0,0
8.895826578140259,0.0,0.0,0.0,0.0,0.0,0.0,0.0,0,nan,nan,0,UNKNOWN,0,0,0,0
8.915814876556396,0.0,0.0,0.0,0.0,0.0,0.0,0.0,0,nan,nan,0,UNKNOWN,0,0,0,0
8.936006784439087,0.0,0.0,0.0,0.0,0.0,0.0,0.0,0,nan,nan,0,UNKNOWN,0,0,0,0
8.956024646759033,0.0,0.0,0.0,0.0,0.0,0.0,0.0,0,nan,nan,0,UNKNOWN,0,0,0,0
8.975984334945679,0.0,0.0,0.0,0.0,0.0,0.0,0.0,0,nan,nan,0,UNKNOWN,0,0,0,0
8.995855569839478,0.0,0.0,0.0,0.0,0.0,0.0,0.0,0,nan,nan,0,UNKNOWN,0,0,0,0
9.015788316726685,0.0,0.0,0.0,0.0,0.0,0.0,0.0,0,nan,nan,0,UNKNOWN,0,0,0,0
9.03584599494934,0.0,0.0,0.0,0.0,0.0,0.0,0.0,0,nan,nan,0,UNKNOWN,0,0,0,0
9.05586862564087,0.0,0.0,0.0,0.0,0.0,0.0,0.0,0,nan,nan,0,UNKNOWN,0,0,0,0
9.07586121559143,0.0,0.0,0.0,0.0,0.0,0.0,0.0,0,nan,nan,0,UNKNOWN,0,0,0,0
9.095832824707031,0.0,0.0,0.0,0.0,0.0,0.0,0.0,0,nan,nan,0,UNKNOWN,0,0,0,0
9.115803718566895,0.0,0.0,0.0,0.0,0.0,0.0,0.0,0,nan,nan,0,UNKNOWN,0,0,0,0
9.135887861251831,0.0,0.0,0.0,0.0,0.0,0.0,0.0,0,nan,nan,0,UNKNOWN,0,0,0,0
9.155857563018799,0.0,0.0,0.0,0.0,0.0,0.0,0.0,0,nan,nan,0,UNKNOWN,0,0,0,0
9.17581057548523,0.0,0.0,0.0,0.0,0.0,0.0,0.0,0,nan,nan,0,UNKNOWN,0,0,0,0
9.195843696594238,0.0,0.0,0.0,0.0,0.0,0.0,0.0,0,nan,nan,0,UNKNOWN,0,0,0,0
9.215770721435547,0.0,0.0,0.0,0.0,0.0,0.0,0.0,0,nan,nan,0,UNKNOWN,0,0,0,0
9.235881328582764,0.0,0.0,0.0,0.0,0.0,0.0,0.0,0,nan,nan,0,UNKNOWN,0,0,0,0
9.255876541137695,0.0,0.0,0.0,0.0,0.0,0.0,0.0,0,nan,nan,0,UNKNOWN,0,0,0,0
9.275850057601929,0.0,0.0,0.0,0.0,0.0,0.0,0.0,0,nan,nan,0,UNKNOWN,0,0,0,0
9.295880317687988,0.0,0.0,0.0,0.0,0.0,0.0,0.0,0,nan,nan,0,UNKNOWN,0,0,0,0
9.315785884857178,0.0,0.0,0.0,0.0,0.0,0.0,0.0,0,nan,nan,0,UNKNOWN,0,0,0,0
9.335841178894043,0.0,0.0,0.0,0.0,0.0,0.0,0.0,0,nan,nan,0,UNKNOWN,0,0,0,0
9.355928182601929,0.0,0.0,0.0,0.0,0.0,0.0,0.0,0,nan,nan,0,UNKNOWN,0,0,0,0
9.37588357925415,0.0,0.0,0.0,0.0,0.0,0.0,0.0,0,nan,nan,0,UNKNOWN,0,0,0,0
9.395848989486694,0.0,0.0,0.0,0.0,0.0,0.0,0.0,0,nan,nan,0,UNKNOWN,0,0,0,0
9.415777921676636,0.0,0.0,0.0,0.0,0.0,0.0,0.0,0,nan,nan,0,UNKNOWN,0,0,0,0
9.435827016830444,0.0,0.0,0.0,0.0,0.0,0.0,0.0,0,nan,nan,0,UNKNOWN,0,0,0,0
9.455893993377686,0.0,0.0,0.0,0.0,0.0,0.0,0.0,0,nan,nan,0,UNKNOWN,0,0,0,0
9.475919246673584,0.0,0.0,0.0,0.0,0.0,0.0,0.0,0,nan,nan,0,UNKNOWN,0,0,0,0
9.49586796760559,0.0,0.0,0.0,0.0,0.0,0.0,0.0,0,nan,nan,0,UNKNOWN,0,0,0,0
9.515790700912476,0.0,0.0,0.0,0.0,0.0,0.0,0.0,0,nan,nan,0,UNKNOWN,0,0,0,0
9.535864353179932,0.0,0.0,0.0,0.0,0.0,0.0,0.0,0,nan,nan,0,UNKNOWN,0,0,0,0
9.55591607093811,0.0,0.0,0.0,0.0,0.0,0.0,0.0,0,nan,nan,0,UNKNOWN,0,0,0,0
9.575842380523682,0.0,0.0,0.0,0.0,0.0,0.0,0.0,0,nan,nan,0,UNKNOWN,0,0,0,0
9.595832824707031,0.0,0.0,0.0,0.0,0.0,0.0,0.0,0,nan,nan,0,UNKNOWN,0,0,0,0
9.615792512893677,0.0,0.0,0.0,0.0,0.0,0.0,0.0,0,nan,nan,0,UNKNOWN,0,0,0,0
9.63587236404419,0.0,0.0,0.0,0.0,0.0,0.0,0.0,0,nan,nan,0,UNKNOWN,0,0,0,0
9.655876159667969,0.0,0.0,0.0,0.0,0.0,0.0,0.0,0,nan,nan,0,UNKNOWN,0,0,0,0
9.675840616226196,0.0,0.0,0.0,0.0,0.0,0.0,0.0,0,nan,nan,0,UNKNOWN,0,0,0,0
9.69585394859314,0.0,0.0,0.0,0.0,0.0,0.0,0.0,0,nan,nan,0,UNKNOWN,0,0,0,0
9.715836524963379,0.0,0.0,0.0,0.0,0.0,0.0,0.0,0,nan,nan,0,UNKNOWN,0,0,0,0
9.735914707183838,0.0,0.0,0.0,0.0,0.0,0.0,0.0,0,nan,nan,0,UNKNOWN,0,0,0,0
9.755894660949707,0.0,0.0,0.0,0.0,0.0,0.0,0.0,0,nan,nan,0,UNKNOWN,0,0,0,0
9.775928735733032,0.0,0.0,0.0,0.0,0.0,0.0,0.0,0,nan,nan,0,UNKNOWN,0,0,0,0
9.795945882797241,0.0,0.0,0.0,0.0,0.0,0.0,0.0,0,nan,nan,0,UNKNOWN,0,0,0,0
9.815776586532593,0.0,0.0,0.0,0.0,0.0,0.0,0.0,0,nan,nan,0,UNKNOWN,0,0,0,0
9.835814952850342,0.0,0.0,0.0,0.0,0.0,0.0,0.0,0,nan,nan,0,UNKNOWN,0,0,0,0
9.855850219726562,0.0,0.0,0.0,0.0,0.0,0.0,0.0,0,nan,nan,0,UNKNOWN,0,0,0,0
9.875819683074951,0.0,0.0,0.0,0.0,0.0,0.0,0.0,0,nan,nan,0,UNKNOWN,0,0,0,0
9.895851612091064,0.0,0.0,0.0,0.0,0.0,0.0,0.0,0,nan,nan,0,UNKNOWN,0,0,0,0
9.915791034698486,0.0,0.0,0.0,0.0,0.0,0.0,0.0,0,nan,nan,0,UNKNOWN,0,0,0,0
9.93585991859436,0.0,0.0,0.0,0.0,0.0,0.0,0.0,0,nan,nan,0,UNKNOWN,0,0,0,0
9.955858707427979,0.0,0.0,0.0,0.0,0.0,0.0,0.0,0,nan,nan,0,UNKNOWN,0,0,0,0
9.975886821746826,0.0,0.0,0.0,0.0,0.0,0.0,0.0,0,nan,nan,0,UNKNOWN,0,0,0,0
9.995847702026367,0.0,0.0,0.0,0.0,0.0,0.0,0.0,0,nan,nan,0,UNKNOWN,0,0,0,0
10.015774011611938,0.0,0.0,0.0,0.0,0.0,0.0,0.0,0,nan,nan,0,UNKNOWN,0,0,0,0
10.035979509353638,0.0,0.0,0.0,0.0,0.0,0.0,0.0,0,nan,nan,0,UNKNOWN,0,0,0,0
10.055907726287842,0.0,0.0,0.0,0.0,0.0,0.0,0.0,0,nan,nan,0,UNKNOWN,0,0,0,0
10.075869083404541,0.0,0.0,0.0,0.0,0.0,0.0,0.0,0,nan,nan,0,UNKNOWN,0,0,0,0
10.095897674560547,0.0,0.0,0.0,0.0,0.0,0.0,0.0,0,nan,nan,0,UNKNOWN,0,0,0,0
10.115801572799683,0.0,0.0,0.0,0.0,0.0,0.0,0.0,0,nan,nan,0,UNKNOWN,0,0,0,0
10.135863780975342,0.0,0.0,0.0,0.0,0.0,0.0,0.0,0,nan,nan,0,UNKNOWN,0,0,0,0
10.155978441238403,0.0,0.0,0.0,0.0,0.0,0.0,0.0,0,nan,nan,0,UNKNOWN,0,0,0,0
10.17598819732666,0.0,0.0,0.0,0.0,0.0,0.0,0.0,0,nan,nan,0,UNKNOWN,0,0,0,0
10.195770502090454,0.0,0.0,0.0,0.0,0.0,0.0,0.0,0,nan,nan,0,UNKNOWN,0,0,0,0
10.215764045715332,0.0,0.0,0.0,0.0,0.0,0.0,0.0,0,nan,nan,0,UNKNOWN,0,0,0,0
10.23590898513794,0.0,0.0,0.0,0.0,0.0,0.0,0.0,0,nan,nan,0,UNKNOWN,0,0,0,0
10.255873680114746,0.0,0.0,0.0,0.0,0.0,0.0,0.0,0,nan,nan,0,UNKNOWN,0,0,0,0
10.275770425796509,0.005647202697368535,-0.012,0.003847202697368535,0.0,0.003847202697368535,0.003847202697368535,1.4800968594639731e-05,0,0.10431075841188431,5.97656621480972,1,WELD_FOUND,1,0,0,0
10.295804500579834,0.005647202697368535,-0.012,0.003847202697368535,0.0,0.003847202697368535,0.003847202697368535,1.4800968594639731e-05,0,0.10431075841188431,5.97656621480972,1,WELD_FOUND,1,0,0,0
10.315767765045166,0.005647202697368535,-0.012,0.003847202697368535,0.0,0.003847202697368535,0.003847202697368535,1.4800968594639731e-05,0,0.10431075841188431,5.97656621480972,1,WELD_FOUND,1,0,0,0
10.335804462432861,0.005647202697368535,-0.012,0.003847202697368535,0.0,0.003847202697368535,0.003847202697368535,1.4800968594639731e-05,0,0.10431075841188431,5.97656621480972,1,WELD_FOUND,1,0,0,0
10.35577392578125,0.006483865573552936,-0.012,0.004683865573552937,0.0,0.004683865573552937,0.004683865573552937,2.193859671111438e-05,0,0.08590298891067505,4.921878712140794,1,WELD_FOUND,2,0,0,0
10.375777959823608,0.006483865573552936,-0.012,0.004683865573552937,0.0,0.004683865573552937,0.004683865573552937,2.193859671111438e-05,0,0.08590298891067505,4.921878712140794,1,WELD_FOUND,2,0,0,0
10.39577841758728,0.006483865573552936,-0.012,0.004683865573552937,0.0,0.004683865573552937,0.004683865573552937,2.193859671111438e-05,0,0.08590298891067505,4.921878712140794,1,WELD_FOUND,2,0,0,0
10.415765285491943,0.006483865573552936,-0.012,0.004683865573552937,0.0,0.004683865573552937,0.004683865573552937,2.193859671111438e-05,0,0.08590298891067505,4.921878712140794,1,WELD_FOUND,2,0,0,0
10.435824632644653,0.006483865573552936,-0.012,0.004683865573552937,0.0,0.004683865573552937,0.004683865573552937,2.193859671111438e-05,0,0.08590298891067505,4.921878712140794,1,WELD_FOUND,2,0,0,0
10.455793619155884,0.006353760163754285,-0.012,0.004553760163754285,0.0028627642896026373,0.0016909958741516476,0.0016909958741516476,2.8594670463978946e-06,1,0.09203890711069107,5.2734409284392205,1,WELD_FOUND,3,0,0,0
10.47577953338623,0.006353760163754285,-0.012,0.004553760163754285,0.0028627642896026373,0.0016909958741516476,0.0016909958741516476,2.8594670463978946e-06,1,0.09203890711069107,5.2734409284392205,1,WELD_FOUND,3,0,0,0
10.49577522277832,0.006353760163754285,-0.012,0.004553760163754285,0.0022902116179466248,0.00226354854580766,0.00226354854580766,5.1236520192279724e-06,1,0.09203890711069107,5.2734409284392205,1,WELD_FOUND,3,0,0,0
10.515764951705933,0.006353760163754285,-0.012,0.004553760163754285,0.0022902116179466248,0.00226354854580766,0.00226354854580766,5.1236520192279724e-06,1,0.09203890711069107,5.2734409284392205,1,WELD_FOUND,3,0,0,0
10.535804986953735,0.006353760163754285,-0.012,0.004553760163754285,0.001832169247791171,0.002721590915963114,0.002721590915963114,7.4070571138529405e-06,1,0.09203890711069107,5.2734409284392205,1,WELD_FOUND,3,0,0,0
10.555758953094482,0.005887984244700713,-0.012,0.004087984244700712,0.03578030318021774,-0.03169231893551703,0.03169231893551703,0.0010044030795105313,7,0.09817483276128769,5.625003571624471,1,WELD_FOUND,4,0,0,0
10.575774908065796,0.005887984244700713,-0.012,0.004087984244700712,0.03578030318021774,-0.03169231893551703,0.03169231893551703,0.0010044030795105313,7,0.09817483276128769,5.625003571624471,1,WELD_FOUND,4,0,0,0
10.595766305923462,0.005887984244700713,-0.012,0.004087984244700712,0.028624244034290314,-0.0245362597895896,0.0245362597895896,0.0006020280444622314,7,0.09817483276128769,5.625003571624471,1,WELD_FOUND,4,0,0,0
10.615762710571289,0.005887984244700713,-0.012,0.004087984244700712,0.028624244034290314,-0.0245362597895896,0.0245362597895896,0.0006020280444622314,7,0.09817483276128769,5.625003571624471,1,WELD_FOUND,4,0,0,0
10.63577151298523,0.005887984244700713,-0.012,0.004087984244700712,0.02289939485490322,-0.018811410610202507,0.018811410610202507,0.0003538691691456395,7,0.09817483276128769,5.625003571624471,1,WELD_FOUND,4,0,0,0
10.655776500701904,0.00532871847924995,-0.012,0.00352871847924995,0.05269089713692665,-0.0491621786576767,0.0491621786576767,0.0024169198103693224,13,0.10431075841188431,5.97656621480972,1,WELD_FOUND,5,0,0,0
10.67577862739563,0.00532871847924995,-0.012,0.00352871847924995,0.04215271770954132,-0.03862399923029137,0.03862399923029137,0.0014918133165415482,13,0.10431075841188431,5.97656621480972,1,WELD_FOUND,5,0,0,0
10.695775985717773,0.00532871847924995,-0.012,0.00352871847924995,0.04215271770954132,-0.03862399923029137,0.03862399923029137,0.0014918133165415482,13,0.10431075841188431,5.97656621480972,1,WELD_FOUND,5,0,0,0
10.71577262878418,0.00532871847924995,-0.012,0.00352871847924995,0.033722173422575,-0.030193454943325048,0.030193454943325048,0.0009116447214145998,13,0.10431075841188431,5.97656621480972,1,WELD_FOUND,5,0,0,0
10.735767364501953,0.00532871847924995,-0.012,0.00352871847924995,0.026977738365530968,-0.02344901988628102,0.02344901988628102,0.0005498565336272027,13,0.10431075841188431,5.97656621480972,1,WELD_FOUND,5,0,0,0
10.755789041519165,0.00594085520276587,-0.012,0.004140855202765871,0.026977738365530968,-0.022836883162765095,0.022836883162765095,0.0005215232325897839,19,0.09203890711069107,5.2734409284392205,1,WELD_FOUND,6,0,0,0
10.775808572769165,0.00594085520276587,-0.012,0.004140855202765871,0.038786631077528,-0.03464577587476213,0.03464577587476213,0.0012003297859642494,19,0.09203890711069107,5.2734409284392205,1,WELD_FOUND,6,0,0,0
10.795788764953613,0.00594085520276587,-0.012,0.004140855202765871,0.038786631077528,-0.03464577587476213,0.03464577587476213,0.0012003297859642494,19,0.09203890711069107,5.2734409284392205,1,WELD_FOUND,6,0,0,0
10.815783023834229,0.00594085520276587,-0.012,0.004140855202765871,0.03102930635213852,-0.026888451149372647,0.026888451149372647,0.0007229888052121993,19,0.09203890711069107,5.2734409284392205,1,WELD_FOUND,6,0,0,0
10.835785150527954,0.00594085520276587,-0.012,0.004140855202765871,0.024823443964123726,-0.020682588761357854,0.020682588761357854,0.0004277694778714462,19,0.09203890711069107,5.2734409284392205,1,WELD_FOUND,6,0,0,0
10.855782985687256,0.0061629641301028885,-0.012,0.004362964130102889,0.024823443964123726,-0.020460479834020835,0.020460479834020835,0.00041863123503837324,25,0.09203890711069107,5.2734409284392205,1,WELD_FOUND,7,0,0,0
10.87576937675476,0.0061629641301028885,-0.012,0.004362964130102889,0.037064939737319946,-0.032701975607217056,0.032701975607217056,0.0010694192086150194,25,0.09203890711069107,5.2734409284392205,1,WELD_FOUND,7,0,0,0
10.895764589309692,0.0061629641301028885,-0.012,0.004362964130102889,0.037064939737319946,-0.032701975607217056,0.032701975607217056,0.0010694192086150194,25,0.09203890711069107,5.2734409284392205,1,WELD_FOUND,7,0,0,0
10.915762901306152,0.0061629641301028885,-0.012,0.004362964130102889,0.029651952907443047,-0.025288988777340156,0.025288988777340156,0.0006395329533804364,25,0.09203890711069107,5.2734409284392205,1,WELD_FOUND,7,0,0,0
10.935765743255615,0.0061629641301028885,-0.012,0.004362964130102889,0.029651952907443047,-0.025288988777340156,0.025288988777340156,0.0006395329533804364,25,0.09203890711069107,5.2734409284392205,1,WELD_FOUND,7,0,0,0
10.955760717391968,0.0058233880551038135,-0.012,0.004023388055103813,0.04093082621693611,-0.0369074381618323,0.0369074381618323,0.001362158991669475,31,0.09817483276128769,5.625003571624471,1,WELD_FOUND,8,0,0,0
10.975774049758911,0.0058233880551038135,-0.012,0.004023388055103813,0.03274466097354889,-0.028721272918445076,0.028721272918445076,0.0008249115180558065,31,0.09817483276128769,5.625003571624471,1,WELD_FOUND,8,0,0,0
10.995776653289795,0.0058233880551038135,-0.012,0.004023388055103813,0.03274466097354889,-0.028721272918445076,0.028721272918445076,0.0008249115180558065,31,0.09817483276128769,5.625003571624471,1,WELD_FOUND,8,0,0,0
11.015778303146362,0.0058233880551038135,-0.012,0.004023388055103813,0.026195727288722992,-0.02217233923361918,0.02217233923361918,0.0004916126270906883,31,0.09817483276128769,5.625003571624471,1,WELD_FOUND,8,0,0,0
11.035854816436768,0.0058233880551038135,-0.012,0.004023388055103813,0.020956581458449364,-0.01693319340334555,0.01693319340334555,0.0002867330388351053,31,0.09817483276128769,5.625003571624471,1,WELD_FOUND,8,0,0,0
11.055757761001587,0.005,-0.012,0.0032,0.05098218470811844,-0.04778218470811844,0.04778218470811844,0.0022831371754807473,37,0.12271852791309357,7.031253717478648,1,WELD_FOUND,9,0,0,0
11.07578158378601,0.005,-0.012,0.0032,0.05098218470811844,-0.04778218470811844,0.04778218470811844,0.0022831371754807473,37,0.12271852791309357,7.031253717478648,1,WELD_FOUND,9,0,0,0
11.095762968063354,0.005,-0.012,0.0032,0.04078574851155281,-0.03758574851155281,0.03758574851155281,0.0014126884911736942,37,0.12271852791309357,7.031253717478648,1,WELD_FOUND,9,0,0,0
11.115758419036865,0.005,-0.012,0.0032,0.04078574851155281,-0.03758574851155281,0.03758574851155281,0.0014126884911736942,37,0.12271852791309357,7.031253717478648,1,WELD_FOUND,9,0,0,0
11.135771751403809,0.005,-0.012,0.0032,0.03262859955430031,-0.029428599554300307,0.029428599554300307,0.0008660424717273642,37,0.12271852791309357,7.031253717478648,1,WELD_FOUND,9,0,0,0
11.15577244758606,0.0051128819421452565,-0.012,0.0033128819421452565,0.060433775186538696,-0.05712089324439344,0.05712089324439344,0.0032627964450373925,43,0.09817483276128769,5.625003571624471,1,WELD_FOUND,10,0,0,0
11.17576789855957,0.0051128819421452565,-0.012,0.0033128819421452565,0.048347022384405136,-0.04503414044225988,0.04503414044225988,0.002028073805373187,43,0.09817483276128769,5.625003571624471,1,WELD_FOUND,10,0,0,0
11.195764780044556,0.0051128819421452565,-0.012,0.0033128819421452565,0.048347022384405136,-0.04503414044225988,0.04503414044225988,0.002028073805373187,43,0.09817483276128769,5.625003571624471,1,WELD_FOUND,10,0,0,0
11.215775489807129,0.0051128819421452565,-0.012,0.0033128819421452565,0.03867761790752411,-0.035364735965378855,0.035364735965378855,0.0012506645499009606,43,0.09817483276128769,5.625003571624471,1,WELD_FOUND,10,0,0,0
11.235771656036377,0.0051128819421452565,-0.012,0.0033128819421452565,0.030942093580961227,-0.02762921163881597,0.02762921163881597,0.0007633733357824839,43,0.09817483276128769,5.625003571624471,1,WELD_FOUND,10,0,0,0
11.255768775939941,0.0058605401702579996,-0.012,0.004060540170258,0.030942093580961227,-0.026881553410703227,0.026881553410703227,0.0007226179137724903,49,0.09203890711069107,5.2734409284392205,1,WELD_FOUND,11,0,0,0
11.275772094726562,0.0058605401702579996,-0.012,0.004060540170258,0.041953194886446,-0.037892654716187996,0.037892654716187996,0.0014358532814402443,49,0.09203890711069107,5.2734409284392205,1,WELD_FOUND,11,0,0,0
11.295805215835571,0.0058605401702579996,-0.012,0.004060540170258,0.041953194886446,-0.037892654716187996,0.037892654716187996,0.0014358532814402443,49,0.09203890711069107,5.2734409284392205,1,WELD_FOUND,11,0,0,0
11.315776109695435,0.0058605401702579996,-0.012,0.004060540170258,0.0335625559091568,-0.0295020157388988,0.0295020157388988,0.0008703689326582325,49,0.09203890711069107,5.2734409284392205,1,WELD_FOUND,11,0,0,0
11.335766553878784,0.0058605401702579996,-0.012,0.004060540170258,0.0335625559091568,-0.0295020157388988,0.0295020157388988,0.0008703689326582325,49,0.09203890711069107,5.2734409284392205,1,WELD_FOUND,11,0,0,0
11.355783700942993,0.006134269268771288,-0.012,0.004334269268771288,0.0440521240234375,-0.039717854754666215,0.039717854754666215,0.0015775079863127616,55,0.09203890711069107,5.2734409284392205,1,WELD_FOUND,12,0,0,0
11.375775337219238,0.006134269268771288,-0.012,0.004334269268771288,0.03524170070886612,-0.03090743144009483,0.03090743144009483,0.0009552693182241624,55,0.09203890711069107,5.2734409284392205,1,WELD_FOUND,12,0,0,0
11.395766019821167,0.006134269268771288,-0.012,0.004334269268771288,0.03524170070886612,-0.03090743144009483,0.03090743144009483,0.0009552693182241624,55,0.09203890711069107,5.2734409284392205,1,WELD_FOUND,12,0,0,0
11.415762662887573,0.006134269268771288,-0.012,0.004334269268771288,0.028193360194563866,-0.023859090925792577,0.023859090925792577,0.0005692562198052377,55,0.09203890711069107,5.2734409284392205,1,WELD_FOUND,12,0,0,0
11.435782432556152,0.006134269268771288,-0.012,0.004334269268771288,0.022554688155651093,-0.018220418886879804,0.018220418886879804,0.0003319836644133663,55,0.09203890711069107,5.2734409284392205,1,WELD_FOUND,12,0,0,0
11.455780982971191,0.0062315504212884796,-0.012,0.004431550421288479,0.05242373049259186,-0.047992180071303375,0.047992180071303375,0.002303249347996409,61,0.09203890711069107,5.2734409284392205,1,WELD_FOUND,13,0,0,0
11.475788593292236,0.0062315504212884796,-0.012,0.004431550421288479,0.04193898290395737,-0.037507432482668884,0.037507432482668884,0.001406807491441965,61,0.09203890711069107,5.2734409284392205,1,WELD_FOUND,13,0,0,0
11.495777368545532,0.0062315504212884796,-0.012,0.004431550421288479,0.04193898290395737,-0.037507432482668884,0.037507432482668884,0.001406807491441965,61,0.09203890711069107,5.2734409284392205,1,WELD_FOUND,13,0,0,0
11.515785694122314,0.0062315504212884796,-0.012,0.004431550421288479,0.033551186323165894,-0.029119635901877414,0.029119635901877414,0.000847953195057908,61,0.09203890711069107,5.2734409284392205,1,WELD_FOUND,13,0,0,0
11.535770177841187,0.0062315504212884796,-0.012,0.004431550421288479,0.026840949431061745,-0.022409399009773266,0.022409399009773266,0.000502181163979227,61,0.09203890711069107,5.2734409284392205,1,WELD_FOUND,13,0,0,0
11.555748224258423,0.007147492065449783,-0.012,0.005347492065449783,0.026840949431061745,-0.02149345736561196,0.02149345736561196,0.00046196870952737906,67,0.07976706326007843,4.5703160689555435,1,WELD_FOUND,14,0,0,0
11.575792074203491,0.007147492065449783,-0.012,0.005347492065449783,0.03866008669137955,-0.03331259462592977,0.03331259462592977,0.0011097289607115248,67,0.07976706326007843,4.5703160689555435,1,WELD_FOUND,14,0,0,0
11.595762252807617,0.007147492065449783,-0.012,0.005347492065449783,0.03866008669137955,-0.03331259462592977,0.03331259462592977,0.0011097289607115248,67,0.07976706326007843,4.5703160689555435,1,WELD_FOUND,14,0,0,0
11.615777492523193,0.007147492065449783,-0.012,0.005347492065449783,0.030928071588277817,-0.025580579522828033,0.025580579522828033,0.0006543660487237289,67,0.07976706326007843,4.5703160689555435,1,WELD_FOUND,14,0,0,0
11.635769844055176,0.007147492065449783,-0.012,0.005347492065449783,0.030928071588277817,-0.025580579522828033,0.025580579522828033,0.0006543660487237289,67,0.07976706326007843,4.5703160689555435,1,WELD_FOUND,14,0,0,0
11.655752420425415,0.006580067112766318,-0.012,0.004780067112766318,0.041944537311792374,-0.03716447019902606,0.03716447019902606,0.001381197845174296,73,0.09203890711069107,5.2734409284392205,1,WELD_FOUND,15,0,0,0
11.67577576637268,0.006580067112766318,-0.012,0.004780067112766318,0.03355563059449196,-0.028775563481725643,0.028775563481725643,0.0008280330536908223,73,0.09203890711069107,5.2734409284392205,1,WELD_FOUND,15,0,0,0
11.69577407836914,0.006580067112766318,-0.012,0.004780067112766318,0.03355563059449196,-0.028775563481725643,0.028775563481725643,0.0008280330536908223,73,0.09203890711069107,5.2734409284392205,1,WELD_FOUND,15,0,0,0
11.71576476097107,0.006580067112766318,-0.012,0.004780067112766318,0.026844505220651627,-0.02206443810788531,0.02206443810788531,0.0004868394290167015,73,0.09203890711069107,5.2734409284392205,1,WELD_FOUND,15,0,0,0
11.735769033432007,0.006580067112766318,-0.012,0.004780067112766318,0.026844505220651627,-0.02206443810788531,0.02206443810788531,0.0004868394290167015,73,0.09203890711069107,5.2734409284392205,1,WELD_FOUND,15,0,0,0
11.755745887756348,0.006824719919584772,-0.012,0.005024719919584772,0.03867696598172188,-0.033652246062137105,0.033652246062137105,0.0011324736650266223,79,0.08590298891067505,4.921878712140794,1,WELD_FOUND,16,0,0,0
11.775793313980103,0.006824719919584772,-0.012,0.005024719919584772,0.030941573902964592,-0.02591685398337982,0.02591685398337982,0.0006716833203958304,79,0.08590298891067505,4.921878712140794,1,WELD_FOUND,16,0,0,0
11.795758247375488,0.006824719919584772,-0.012,0.005024719919584772,0.030941573902964592,-0.02591685398337982,0.02591685398337982,0.0006716833203958304,79,0.08590298891067505,4.921878712140794,1,WELD_FOUND,16,0,0,0
11.815780639648438,0.006824719919584772,-0.012,0.005024719919584772,0.024753259494900703,-0.01972853957531593,0.01972853957531593,0.00038921527377480685,79,0.08590298891067505,4.921878712140794,1,WELD_FOUND,16,0,0,0
11.835759401321411,0.006824719919584772,-0.012,0.005024719919584772,0.024753259494900703,-0.01972853957531593,0.01972853957531593,0.00038921527377480685,79,0.08590298891067505,4.921878712140794,1,WELD_FOUND,16,0,0,0
11.855772256851196,0.006470878417684395,-0.012,0.004670878417684396,0.037011150270700455,-0.03234027185301606,0.03234027185301606,0.0010458931835269827,85,0.09203890711069107,5.2734409284392205,1,WELD_FOUND,17,0,0,0
11.875771284103394,0.006470878417684395,-0.012,0.004670878417684396,0.029608922079205513,-0.024938043661521116,0.024938043661521116,0.0006219060216639335,85,0.09203890711069107,5.2734409284392205,1,WELD_FOUND,17,0,0,0
11.895774602890015,0.006470878417684395,-0.012,0.004670878417684396,0.029608922079205513,-0.024938043661521116,0.024938043661521116,0.0006219060216639335,85,0.09203890711069107,5.2734409284392205,1,WELD_FOUND,17,0,0,0
11.915768384933472,0.006470878417684395,-0.012,0.004670878417684396,0.02368713729083538,-0.019016258873150983,0.019016258873150983,0.0003616181015306935,85,0.09203890711069107,5.2734409284392205,1,WELD_FOUND,17,0,0,0
11.93576717376709,0.006470878417684395,-0.012,0.004670878417684396,0.02368713729083538,-0.019016258873150983,0.019016258873150983,0.0003616181015306935,85,0.09203890711069107,5.2734409284392205,1,WELD_FOUND,17,0,0,0
11.955785274505615,0.006349259037397539,-0.012,0.00454925903739754,0.03616122901439667,-0.031611969976999124,0.031611969976999124,0.000999316645826694,91,0.09203890711069107,5.2734409284392205,1,WELD_FOUND,18,0,0,0
11.975768566131592,0.006349259037397539,-0.012,0.00454925903739754,0.028928983956575394,-0.024379724919177854,0.024379724919177854,0.0005943709871347816,91,0.09203890711069107,5.2734409284392205,1,WELD_FOUND,18,0,0,0
11.995773792266846,0.006349259037397539,-0.012,0.00454925903739754,0.028928983956575394,-0.024379724919177854,0.024379724919177854,0.0005943709871347816,91,0.09203890711069107,5.2734409284392205,1,WELD_FOUND,18,0,0,0
12.015765905380249,0.006349259037397539,-0.012,0.00454925903739754,0.023143187165260315,-0.018593928127862775,0.018593928127862775,0.0003457341632241265,91,0.09203890711069107,5.2734409284392205,1,WELD_FOUND,18,0,0,0
12.035759210586548,0.006349259037397539,-0.012,0.00454925903739754,0.018514549359679222,-0.013965290322281682,0.013965290322281682,0.0001950293337856144,91,0.09203890711069107,5.2734409284392205,1,WELD_FOUND,18,0,0,0
12.055769443511963,0.0067419670081537335,-0.012,0.004941967008153733,0.04919039085507393,-0.044248423846920196,0.044248423846920196,0.001957923012936696,97,0.08590298891067505,4.921878712140794,1,WELD_FOUND,19,0,0,0
12.075769662857056,0.0067419670081537335,-0.012,0.004941967008153733,0.03935231268405914,-0.03441034567590541,0.03441034567590541,0.001184071889535302,97,0.08590298891067505,4.921878712140794,1,WELD_FOUND,19,0,0,0
12.095766305923462,0.0067419670081537335,-0.012,0.004941967008153733,0.03935231268405914,-0.03441034567590541,0.03441034567590541,0.001184071889535302,97,0.08590298891067505,4.921878712140794,1,WELD_FOUND,19,0,0,0
12.11576533317566,0.0067419670081537335,-0.012,0.004941967008153733,0.031481850892305374,-0.02653988388415164,0.02653988388415164,0.000704365436584252,97,0.08590298891067505,4.921878712140794,1,WELD_FOUND,19,0,0,0
12.135771751403809,0.0067419670081537335,-0.012,0.004941967008153733,0.0251854807138443,-0.020243513705690566,0.020243513705690566,0.0004097998471524818,97,0.08590298891067505,4.921878712140794,1,WELD_FOUND,19,0,0,0
12.155787944793701,0.006442620630353196,-0.012,0.004642620630353197,0.054524268954992294,-0.049881648324639094,0.049881648324639094,0.00248817883958297,103,0.09203890711069107,5.2734409284392205,1,WELD_FOUND,20,0,0,0
12.175787687301636,0.006442620630353196,-0.012,0.004642620630353197,0.043619416654109955,-0.038976796023756755,0.038976796023756755,0.0015191906282775404,103,0.09203890711069107,5.2734409284392205,1,WELD_FOUND,20,0,0,0
12.195775747299194,0.006442620630353196,-0.012,0.004642620630353197,0.043619416654109955,-0.038976796023756755,0.038976796023756755,0.0015191906282775404,103,0.09203890711069107,5.2734409284392205,1,WELD_FOUND,20,0,0,0
12.215778350830078,0.006442620630353196,-0.012,0.004642620630353197,0.034895531833171844,-0.030252911202818648,0.030252911202818648,0.00091523863624563,103,0.09203890711069107,5.2734409284392205,1,WELD_FOUND,20,0,0,0
12.235781908035278,0.006442620630353196,-0.012,0.004642620630353197,0.034895531833171844,-0.030252911202818648,0.030252911202818648,0.00091523863624563,103,0.09203890711069107,5.2734409284392205,1,WELD_FOUND,20,0,0,0
12.255767345428467,0.006339455263961152,-0.012,0.004539455263961153,0.04511655867099762,-0.04057710340703646,0.04057710340703646,0.0016465013209053302,109,0.09203890711069107,5.2734409284392205,1,WELD_FOUND,21,0,0,0
12.275789022445679,0.006339455263961152,-0.012,0.004539455263961153,0.036093246191740036,-0.03155379092777888,0.03155379092777888,0.0009956417219139807,109,0.09203890711069107,5.2734409284392205,1,WELD_FOUND,21,0,0,0
12.295803546905518,0.006339455263961152,-0.012,0.004539455263961153,0.028874598443508148,-0.024335143179546995,0.024335143179546995,0.0005921991935690527,109,0.09203890711069107,5.2734409284392205,1,WELD_FOUND,21,0,0,0
12.315773725509644,0.006339455263961152,-0.012,0.004539455263961153,0.02309967763721943,-0.018560222373258276,0.018560222373258276,0.00034448185454479706,109,0.09203890711069107,5.2734409284392205,1,WELD_FOUND,21,0,0,0
12.335760116577148,0.006339455263961152,-0.012,0.004539455263961153,0.02309967763721943,-0.018560222373258276,0.018560222373258276,0.00034448185454479706,109,0.09203890711069107,5.2734409284392205,1,WELD_FOUND,21,0,0,0
12.355809211730957,0.006303544104289108,-0.012,0.0045035441042891085,0.03570554405450821,-0.0312019999502191,0.0312019999502191,0.0009735648008934726,115,0.09203890711069107,5.2734409284392205,1,WELD_FOUND,22,0,0,0
12.37576174736023,0.006303544104289108,-0.012,0.0045035441042891085,0.028564436361193657,-0.024060892256904547,0.024060892256904547,0.0005789265361983691,115,0.09203890711069107,5.2734409284392205,1,WELD_FOUND,22,0,0,0
12.39577031135559,0.006303544104289108,-0.012,0.0045035441042891085,0.028564436361193657,-0.024060892256904547,0.024060892256904547,0.0005789265361983691,115,0.09203890711069107,5.2734409284392205,1,WELD_FOUND,22,0,0,0
12.415767908096313,0.006303544104289108,-0.012,0.0045035441042891085,0.022851549088954926,-0.018348004984665815,0.018348004984665815,0.0003366492869173216,115,0.09203890711069107,5.2734409284392205,1,WELD_FOUND,22,0,0,0
12.43576979637146,0.006303544104289108,-0.012,0.0045035441042891085,0.01828123815357685,-0.013777694049287742,0.013777694049287742,0.00018982485331577885,115,0.09203890711069107,5.2734409284392205,1,WELD_FOUND,22,0,0,0
12.455774068832397,0.0058710437332558,-0.012,0.0040710437332558,0.01828123815357685,-0.014210194420321051,0.014210194420321051,0.00020192962546332355,120,0.09817483276128769,5.625003571624471,1,WELD_FOUND,23,0,0,0
12.475834369659424,0.0058710437332558,-0.012,0.0040710437332558,0.028959034010767937,-0.024887990277512137,0.024887990277512137,0.0006194120600535387,120,0.09817483276128769,5.625003571624471,1,WELD_FOUND,23,0,0,0
12.495783567428589,0.0058710437332558,-0.012,0.0040710437332558,0.02316722646355629,-0.01909618273030049,0.01909618273030049,0.0003646641948690267,120,0.09817483276128769,5.625003571624471,1,WELD_FOUND,23,0,0,0
12.515798091888428,0.0058710437332558,-0.012,0.0040710437332558,0.02316722646355629,-0.01909618273030049,0.01909618273030049,0.0003646641948690267,120,0.09817483276128769,5.625003571624471,1,WELD_FOUND,23,0,0,0
12.535772562026978,0.0058710437332558,-0.012,0.0040710437332558,0.018533781170845032,-0.014462737437589232,0.014462737437589232,0.00020917077418864514,120,0.09817483276128769,5.625003571624471,1,WELD_FOUND,23,0,0,0
12.555771350860596,0.0057232996147314995,-0.012,0.0039232996147315,0.018533781170845032,-0.014610481556113532,0.014610481556113532,0.0002134661713015337,127,0.09817483276128769,5.625003571624471,1,WELD_FOUND,24,0,0,0
12.575806856155396,0.0057232996147314995,-0.012,0.0039232996147315,0.03489432483911514,-0.030971025224383643,0.030971025224383643,0.0009592044034494078,127,0.09817483276128769,5.625003571624471,1,WELD_FOUND,24,0,0,0
12.595759153366089,0.0057232996147314995,-0.012,0.0039232996147315,0.027915460988879204,-0.023992161374147704,0.023992161374147704,0.000575623807403145,127,0.09817483276128769,5.625003571624471,1,WELD_FOUND,24,0,0,0
12.615772247314453,0.0057232996147314995,-0.012,0.0039232996147315,0.027915460988879204,-0.023992161374147704,0.023992161374147704,0.000575623807403145,127,0.09817483276128769,5.625003571624471,1,WELD_FOUND,24,0,0,0
12.63577389717102,0.0057232996147314995,-0.012,0.0039232996147315,0.022332368418574333,-0.018409068803842833,0.018409068803842833,0.0003388938142246194,127,0.09817483276128769,5.625003571624471,1,WELD_FOUND,24,0,0,0
12.655805349349976,0.007881589810193813,-0.011694342740691484,0.00612743839909009,0.046507347375154495,-0.0403799089760644,0.0403799089760644,0.0016305370489152465,132,0.06749521940946579,3.8671912094718666,1,WELD_FOUND,25,0,0,0
12.67577862739563,0.007881589810193813,-0.011694342740691484,0.00612743839909009,0.037205878645181656,-0.031078440246091566,0.031078440246091566,0.000965869448129884,132,0.06749521940946579,3.8671912094718666,1,WELD_FOUND,25,0,0,0
12.695779800415039,0.007881589810193813,-0.011694342740691484,0.00612743839909009,0.037205878645181656,-0.031078440246091566,0.031078440246091566,0.000965869448129884,132,0.06749521940946579,3.8671912094718666,1,WELD_FOUND,25,0,0,0
12.715778589248657,0.007881589810193813,-0.011694342740691484,0.00612743839909009,0.029764702543616295,-0.023637264144526205,0.023637264144526205,0.0005587202562381042,132,0.06749521940946579,3.8671912094718666,1,WELD_FOUND,25,0,0,0
12.73577332496643,0.007881589810193813,-0.011694342740691484,0.00612743839909009,0.023811761289834976,-0.017684322890744886,0.017684322890744886,0.0003127352761041236,132,0.06749521940946579,3.8671912094718666,1,WELD_FOUND,25,0,0,0
12.755767822265625,0.007741570257761676,-0.011870308627099665,0.005961023963696727,0.023811761289834976,-0.01785073732613825,0.01785073732613825,0.00031864882308678535,138,0.07976706326007843,4.5703160689555435,1,WELD_FOUND,26,0,0,0
12.775775909423828,0.007741570257761676,-0.011870308627099665,0.005961023963696727,0.03624739125370979,-0.030286367290013067,0.030286367290013067,0.0009172640436255734,138,0.07976706326007843,4.5703160689555435,1,WELD_FOUND,26,0,0,0
12.795759677886963,0.007741570257761676,-0.011870308627099665,0.005961023963696727,0.028997913002967834,-0.02303688903927111,0.02303688903927111,0.0005306982566076893,138,0.07976706326007843,4.5703160689555435,1,WELD_FOUND,26,0,0,0
12.81578803062439,0.007741570257761676,-0.011870308627099665,0.005961023963696727,0.028997913002967834,-0.02303688903927111,0.02303688903927111,0.0005306982566076893,138,0.07976706326007843,4.5703160689555435,1,WELD_FOUND,26,0,0,0
12.8357572555542,0.007741570257761676,-0.011870308627099665,0.005961023963696727,0.023198330774903297,-0.01723730681120657,0.01723730681120657,0.00029712474610366844,138,0.07976706326007843,4.5703160689555435,1,WELD_FOUND,26,0,0,0
12.855764627456665,0.007227697526391323,-0.012,0.005427697526391323,0.023198330774903297,-0.017770633248511976,0.017770633248511976,0.0003157954060531193,144,0.08590298891067505,4.921878712140794,1,WELD_FOUND,27,0,0,0
12.875769138336182,0.007227697526391323,-0.012,0.005427697526391323,0.035755518823862076,-0.030327821297470754,0.030327821297470754,0.0009197767446513206,144,0.08590298891067505,4.921878712140794,1,WELD_FOUND,27,0,0,0
12.895766973495483,0.007227697526391323,-0.012,0.005427697526391323,0.035755518823862076,-0.030327821297470754,0.030327821297470754,0.0009197767446513206,144,0.08590298891067505,4.921878712140794,1,WELD_FOUND,27,0,0,0
12.915771484375,0.007227697526391323,-0.012,0.005427697526391323,0.0286044143140316,-0.02317671678764028,0.02317671678764028,0.0005371602010544867,144,0.08590298891067505,4.921878712140794,1,WELD_FOUND,27,0,0,0
12.935764789581299,0.007227697526391323,-0.012,0.005427697526391323,0.0286044143140316,-0.02317671678764028,0.02317671678764028,0.0005371602010544867,144,0.08590298891067505,4.921878712140794,1,WELD_FOUND,27,0,0,0
12.955775737762451,0.007052010864165612,-0.012,0.005252010864165612,0.04008879140019417,-0.03483678053602855,0.03483678053602855,0.0012136012781154178,150,0.08590298891067505,4.921878712140794,1,WELD_FOUND,28,0,0,0
12.975770473480225,0.007052010864165612,-0.012,0.005252010864165612,0.032071035355329514,-0.0268190244911639,0.0268190244911639,0.0007192600746576492,150,0.08590298891067505,4.921878712140794,1,WELD_FOUND,28,0,0,0
12.995772123336792,0.007052010864165612,-0.012,0.005252010864165612,0.032071035355329514,-0.0268190244911639,0.0268190244911639,0.0007192600746576492,150,0.08590298891067505,4.921878712140794,1,WELD_FOUND,28,0,0,0
13.015767574310303,0.007052010864165612,-0.012,0.005252010864165612,0.02565682679414749,-0.02040481592998188,0.02040481592998188,0.0004163565131364423,150,0.08590298891067505,4.921878712140794,1,WELD_FOUND,28,0,0,0
13.035765409469604,0.007052010864165612,-0.012,0.005252010864165612,0.02565682679414749,-0.02040481592998188,0.02040481592998188,0.0004163565131364423,150,0.08590298891067505,4.921878712140794,1,WELD_FOUND,28,0,0,0
13.055775880813599,0.005705255129043787,-0.012,0.003905255129043787,0.037719037383794785,-0.033813782254751,0.033813782254751,0.0011433718703717135,156,0.10431075841188431,5.97656621480972,1,WELD_FOUND,29,0,0,0
13.075774669647217,0.005705255129043787,-0.012,0.003905255129043787,0.030175229534506798,-0.026269974405463012,0.026269974405463012,0.0006901115552636817,156,0.10431075841188431,5.97656621480972,1,WELD_FOUND,29,0,0,0
13.095755577087402,0.005705255129043787,-0.012,0.003905255129043787,0.030175229534506798,-0.026269974405463012,0.026269974405463012,0.0006901115552636817,156,0.10431075841188431,5.97656621480972,1,WELD_FOUND,29,0,0,0
13.115761280059814,0.005705255129043787,-0.012,0.003905255129043787,0.02414018288254738,-0.020234927753503593,0.020234927753503593,0.00040945230118950995,156,0.10431075841188431,5.97656621480972,1,WELD_FOUND,29,0,0,0
13.13576340675354,0.005705255129043787,-0.012,0.003905255129043787,0.019312147051095963,-0.015406891922052175,0.015406891922052175,0.00023737231869779655,156,0.10431075841188431,5.97656621480972,1,WELD_FOUND,29,0,0,0
13.155778646469116,0.005665743532783537,-0.012,0.003865743532783537,0.049813322722911835,-0.0459475791901283,0.0459475791901283,0.002111180033433111,162,0.09817483276128769,5.625003571624471,1,WELD_FOUND,30,0,0,0
13.175769090652466,0.005665743532783537,-0.012,0.003865743532783537,0.03985065594315529,-0.03598491241037175,0.03598491241037175,0.0012949139211821269,162,0.09817483276128769,5.625003571624471,1,WELD_FOUND,30,0,0,0
13.195772886276245,0.005665743532783537,-0.012,0.003865743532783537,0.03985065594315529,-0.03598491241037175,0.03598491241037175,0.0012949139211821269,162,0.09817483276128769,5.625003571624471,1,WELD_FOUND,30,0,0,0
13.215771675109863,0.005665743532783537,-0.012,0.003865743532783537,0.03188052400946617,-0.028014780476682634,0.028014780476682634,0.0007848279251567185,162,0.09817483276128769,5.625003571624471,1,WELD_FOUND,30,0,0,0
13.23576283454895,0.005665743532783537,-0.012,0.003865743532783537,0.03188052400946617,-0.028014780476682634,0.028014780476682634,0.0007848279251567185,162,0.09817483276128769,5.625003571624471,1,WELD_FOUND,30,0,0,0
13.255784034729004,0.00606412859120308,-0.012,0.00426412859120308,0.04271142557263374,-0.038447296981430665,0.038447296981430665,0.0014781946451783276,168,0.09203890711069107,5.2734409284392205,1,WELD_FOUND,31,0,0,0
13.275776147842407,0.00606412859120308,-0.012,0.00426412859120308,0.034169141203165054,-0.029905012611961976,0.029905012611961976,0.0008943097793216048,168,0.09203890711069107,5.2734409284392205,1,WELD_FOUND,31,0,0,0
13.295763969421387,0.00606412859120308,-0.012,0.00426412859120308,0.027335312217473984,-0.023071183626270905,0.023071183626270905,0.0005322795139171107,168,0.09203890711069107,5.2734409284392205,1,WELD_FOUND,31,0,0,0
13.315757274627686,0.00606412859120308,-0.012,0.00426412859120308,0.027335312217473984,-0.023071183626270905,0.023071183626270905,0.0005322795139171107,168,0.09203890711069107,5.2734409284392205,1,WELD_FOUND,31,0,0,0
13.335767030715942,0.00606412859120308,-0.012,0.00426412859120308,0.021868249401450157,-0.01760412081024708,0.01760412081024708,0.00030990506950177426,168,0.09203890711069107,5.2734409284392205,1,WELD_FOUND,31,0,0,0
13.355764865875244,0.007084447896731324,-0.012,0.005284447896731324,0.04611389711499214,-0.040829449218260816,0.040829449218260816,0.0016670439234665387,173,0.07976706326007843,4.5703160689555435,1,WELD_FOUND,32,0,0,0
13.37577509880066,0.007084447896731324,-0.012,0.005284447896731324,0.04611389711499214,-0.040829449218260816,0.040829449218260816,0.0016670439234665387,173,0.07976706326007843,4.5703160689555435,1,WELD_FOUND,32,0,0,0
13.395777702331543,0.007084447896731324,-0.012,0.005284447896731324,0.03689111769199371,-0.03160666979526239,0.03160666979526239,0.0009989815755467517,173,0.07976706326007843,4.5703160689555435,1,WELD_FOUND,32,0,0,0
13.415775537490845,0.007084447896731324,-0.012,0.005284447896731324,0.02951289340853691,-0.024228445511805585,0.024228445511805585,0.0005870175719185322,173,0.07976706326007843,4.5703160689555435,1,WELD_FOUND,32,0,0,0
13.435769319534302,0.007084447896731324,-0.012,0.005284447896731324,0.02951289340853691,-0.024228445511805585,0.024228445511805585,0.0005870175719185322,173,0.07976706326007843,4.5703160689555435,1,WELD_FOUND,32,0,0,0
13.45579218864441,0.005315514884990391,-0.012,0.0035155148849903913,0.04081916809082031,-0.03730365320582992,0.03730365320582992,0.001391562542500825,179,0.11044667661190033,6.328128431108148,1,WELD_FOUND,33,0,0,0
13.475786685943604,0.005315514884990391,-0.012,0.0035155148849903913,0.03265533223748207,-0.02913981735249168,0.02913981735249168,0.0008491289553365752,179,0.11044667661190033,6.328128431108148,1,WELD_FOUND,33,0,0,0
13.495766639709473,0.005315514884990391,-0.012,0.0035155148849903913,0.03265533223748207,-0.02913981735249168,0.02913981735249168,0.0008491289553365752,179,0.11044667661190033,6.328128431108148,1,WELD_FOUND,33,0,0,0
13.515782594680786,0.005315514884990391,-0.012,0.0035155148849903913,0.026124266907572746,-0.022608752022582355,0.022608752022582355,0.0005111556680186218,179,0.11044667661190033,6.328128431108148,1,WELD_FOUND,33,0,0,0
13.535823106765747,0.005315514884990391,-0.012,0.0035155148849903913,0.026124266907572746,-0.022608752022582355,0.022608752022582355,0.0005111556680186218,179,0.11044667661190033,6.328128431108148,1,WELD_FOUND,33,0,0,0
13.555771589279175,0.006358204582992817,-0.012,0.004558204582992817,0.03807283192873001,-0.033514627345737194,0.033514627345737194,0.0011232302461236354,185,0.08590298891067505,4.921878712140794,1,WELD_FOUND,34,0,0,0
13.5757896900177,0.006358204582992817,-0.012,0.004558204582992817,0.03807283192873001,-0.033514627345737194,0.033514627345737194,0.0011232302461236354,185,0.08590298891067505,4.921878712140794,1,WELD_FOUND,34,0,0,0
13.595781564712524,0.006358204582992817,-0.012,0.004558204582992817,0.03045826405286789,-0.025900059469875072,0.025900059469875072,0.0006708130805430654,185,0.08590298891067505,4.921878712140794,1,WELD_FOUND,34,0,0,0
13.615788698196411,0.006358204582992817,-0.012,0.004558204582992817,0.03045826405286789,-0.025900059469875072,0.025900059469875072,0.0006708130805430654,185,0.08590298891067505,4.921878712140794,1,WELD_FOUND,34,0,0,0
13.635770559310913,0.006358204582992817,-0.012,0.004558204582992817,0.02436661161482334,-0.019808407031830524,0.019808407031830524,0.000392372989138673,185,0.08590298891067505,4.921878712140794,1,WELD_FOUND,34,0,0,0
13.655740976333618,0.006310084617458377,-0.012,0.004510084617458377,0.053876545280218124,-0.04936646066275975,0.04936646066275975,0.002437047438367806,191,0.09203890711069107,5.2734409284392205,1,WELD_FOUND,35,0,0,0
13.675769090652466,0.006310084617458377,-0.012,0.004510084617458377,0.0431012362241745,-0.038591151606716126,0.038591151606716126,0.0014892769823325485,191,0.09203890711069107,5.2734409284392205,1,WELD_FOUND,35,0,0,0
13.695759773254395,0.006310084617458377,-0.012,0.004510084617458377,0.0431012362241745,-0.038591151606716126,0.038591151606716126,0.0014892769823325485,191,0.09203890711069107,5.2734409284392205,1,WELD_FOUND,35,0,0,0
13.71590805053711,0.006310084617458377,-0.012,0.004510084617458377,0.0344809889793396,-0.029970904361881223,0.029970904361881223,0.0008982551082690309,191,0.09203890711069107,5.2734409284392205,1,WELD_FOUND,35,0,0,0
13.7357816696167,0.006310084617458377,-0.012,0.004510084617458377,0.02758479118347168,-0.023074706566013303,0.023074706566013303,0.0005324420831076174,191,0.09203890711069107,5.2734409284392205,1,WELD_FOUND,35,0,0,0
13.755802392959595,0.006727823865864761,-0.012,0.004927823865864761,0.02758479118347168,-0.02265696731760692,0.02265696731760692,0.0005133381680311081,197,0.08590298891067505,4.921878712140794,1,WELD_FOUND,36,0,0,0
13.775776863098145,0.006727823865864761,-0.012,0.004927823865864761,0.03931566700339317,-0.034387843137528414,0.034387843137528414,0.00118252375565126,197,0.08590298891067505,4.921878712140794,1,WELD_FOUND,36,0,0,0
13.795764207839966,0.006727823865864761,-0.012,0.004927823865864761,0.03931566700339317,-0.034387843137528414,0.034387843137528414,0.00118252375565126,197,0.08590298891067505,4.921878712140794,1,WELD_FOUND,36,0,0,0
13.815766334533691,0.006727823865864761,-0.012,0.004927823865864761,0.03145253658294678,-0.026524712717082018,0.026524712717082018,0.0007035603847237325,197,0.08590298891067505,4.921878712140794,1,WELD_FOUND,36,0,0,0
13.835760116577148,0.006727823865864761,-0.012,0.004927823865864761,0.025162028148770332,-0.020234204282905573,0.020234204282905573,0.0004094230229623542,197,0.08590298891067505,4.921878712140794,1,WELD_FOUND,36,0,0,0
13.85573673248291,0.00877991283701047,-0.010600755821087606,0.00718979946384733,0.025162028148770332,-0.017972228684923004,0.017972228684923004,0.00032300100390316924,203,0.06135929375886917,3.5156285662866162,1,WELD_FOUND,37,0,0,0
13.875772953033447,0.00877991283701047,-0.010600755821087606,0.00718979946384733,0.03733888640999794,-0.03014908694615061,0.03014908694615061,0.0009089674436865492,203,0.06135929375886917,3.5156285662866162,1,WELD_FOUND,37,0,0,0
13.895789861679077,0.00877991283701047,-0.010600755821087606,0.00718979946384733,0.029871108010411263,-0.022681308546563934,0.022681308546563934,0.0005144417573844342,203,0.06135929375886917,3.5156285662866162,1,WELD_FOUND,37,0,0,0
13.915780544281006,0.00877991283701047,-0.010600755821087606,0.00718979946384733,0.02389688603579998,-0.01670708657195265,0.01670708657195265,0.0002791267417227206,203,0.06135929375886917,3.5156285662866162,1,WELD_FOUND,37,0,0,0
13.935755729675293,0.00877991283701047,-0.010600755821087606,0.00718979946384733,0.02389688603579998,-0.01670708657195265,0.01670708657195265,0.0002791267417227206,203,0.06135929375886917,3.5156285662866162,1,WELD_FOUND,37,0,0,0
13.955787420272827,0.007110374140862107,-0.012,0.005310374140862106,0.03633283078670502,-0.03102245664584291,0.03102245664584291,0.000962392816343203,209,0.09203890711069107,5.2734409284392205,1,WELD_FOUND,38,0,0,0
13.975764751434326,0.007110374140862107,-0.012,0.005310374140862106,0.029066262766718864,-0.023755888625856758,0.023755888625856758,0.0005643422444041105,209,0.09203890711069107,5.2734409284392205,1,WELD_FOUND,38,0,0,0
13.995766639709473,0.007110374140862107,-0.012,0.005310374140862106,0.029066262766718864,-0.023755888625856758,0.023755888625856758,0.0005643422444041105,209,0.09203890711069107,5.2734409284392205,1,WELD_FOUND,38,0,0,0
14.015772581100464,0.007110374140862107,-0.012,0.005310374140862106,0.02325301058590412,-0.017942636445042015,0.017942636445042015,0.00032193820259894995,209,0.09203890711069107,5.2734409284392205,1,WELD_FOUND,38,0,0,0
14.035763263702393,0.007110374140862107,-0.012,0.005310374140862106,0.02325301058590412,-0.017942636445042015,0.017942636445042015,0.00032193820259894995,209,0.09203890711069107,5.2734409284392205,1,WELD_FOUND,38,0,0,0
14.055776119232178,0.00656759187026438,-0.012,0.0047675918702643795,0.03579311445355415,-0.031025522583289774,0.031025522583289774,0.0009625830515662238,215,0.09203890711069107,5.2734409284392205,1,WELD_FOUND,39,0,0,0
14.075786352157593,0.00656759187026438,-0.012,0.0047675918702643795,0.03579311445355415,-0.031025522583289774,0.031025522583289774,0.0009625830515662238,215,0.09203890711069107,5.2734409284392205,1,WELD_FOUND,39,0,0,0
14.095775127410889,0.00656759187026438,-0.012,0.0047675918702643795,0.028634492307901382,-0.023866900437637003,0.023866900437637003,0.0005696289365000773,215,0.09203890711069107,5.2734409284392205,1,WELD_FOUND,39,0,0,0
14.115776062011719,0.00656759187026438,-0.012,0.0047675918702643795,0.028634492307901382,-0.023866900437637003,0.023866900437637003,0.0005696289365000773,215,0.09203890711069107,5.2734409284392205,1,WELD_FOUND,39,0,0,0
14.135766506195068,0.00656759187026438,-0.012,0.0047675918702643795,0.022907594218850136,-0.018140002348585756,0.018140002348585756,0.00032905968520669676,215,0.09203890711069107,5.2734409284392205,1,WELD_FOUND,39,0,0,0
14.155776739120483,0.006382708719004312,-0.012,0.004582708719004312,0.022907594218850136,-0.018324885499845824,0.018324885499845824,0.0003358014285824597,222,0.09203890711069107,5.2734409284392205,1,WELD_FOUND,40,0,0,0
14.175769090652466,0.006382708719004312,-0.012,0.004582708719004312,0.01832607574760914,-0.013743367028604826,0.013743367028604826,0.00018888013728294225,222,0.09203890711069107,5.2734409284392205,1,WELD_FOUND,40,0,0,0
14.195753574371338,0.006382708719004312,-0.012,0.004582708719004312,0.01832607574760914,-0.013743367028604826,0.013743367028604826,0.00018888013728294225,222,0.09203890711069107,5.2734409284392205,1,WELD_FOUND,40,0,0,0
14.215756893157959,0.006382708719004312,-0.012,0.004582708719004312,0.014660860411822796,-0.010078151692818484,0.010078151692818484,0.00010156914154346006,222,0.09203890711069107,5.2734409284392205,1,WELD_FOUND,40,0,0,0
14.235772132873535,0.006382708719004312,-0.012,0.004582708719004312,0.014660860411822796,-0.010078151692818484,0.010078151692818484,0.00010156914154346006,222,0.09203890711069107,5.2734409284392205,1,WELD_FOUND,40,0,0,0
14.255786657333374,0.0058977307434072345,-0.012,0.004097730743407234,0.028926771134138107,-0.024829040390730875,0.024829040390730875,0.0006164812467245452,228,0.09817483276128769,5.625003571624471,1,WELD_FOUND,41,0,0,0
14.275773763656616,0.0058977307434072345,-0.012,0.004097730743407234,0.023141417652368546,-0.019043686908961313,0.019043686908961313,0.0003626620110865445,228,0.09817483276128769,5.625003571624471,1,WELD_FOUND,41,0,0,0
14.295763492584229,0.0058977307434072345,-0.012,0.004097730743407234,0.018513133749365807,-0.014415403005958572,0.014415403005958572,0.00020780384382419945,228,0.09817483276128769,5.625003571624471,1,WELD_FOUND,41,0,0,0
14.315772771835327,0.0058977307434072345,-0.012,0.004097730743407234,0.018513133749365807,-0.014415403005958572,0.014415403005958572,0.00020780384382419945,228,0.09817483276128769,5.625003571624471,1,WELD_FOUND,41,0,0,0
14.33578085899353,0.0058977307434072345,-0.012,0.004097730743407234,0.01481050718575716,-0.010712776442349926,0.010712776442349926,0.00011476357910376754,228,0.09817483276128769,5.625003571624471,1,WELD_FOUND,41,0,0,0
14.355750799179077,0.005732515044172139,-0.012,0.003932515044172139,0.01481050718575716,-0.010877992141585021,0.010877992141585021,0.00011833071303238547,234,0.09817483276128769,5.625003571624471,1,WELD_FOUND,42,0,0,0
14.375855207443237,0.005732515044172139,-0.012,0.003932515044172139,0.029048334807157516,-0.025115819762985377,0.025115819762985377,0.0006308044023667669,234,0.09817483276128769,5.625003571624471,1,WELD_FOUND,42,0,0,0
14.39576268196106,0.005732515044172139,-0.012,0.003932515044172139,0.023238668218255043,-0.019306153174082904,0.019306153174082904,0.0003727275503811514,234,0.09817483276128769,5.625003571624471,1,WELD_FOUND,42,0,0,0
14.415764808654785,0.005732515044172139,-0.012,0.003932515044172139,0.023238668218255043,-0.019306153174082904,0.019306153174082904,0.0003727275503811514,234,0.09817483276128769,5.625003571624471,1,WELD_FOUND,42,0,0,0
14.435761451721191,0.005732515044172139,-0.012,0.003932515044172139,0.018590934574604034,-0.014658419530431895,0.014658419530431895,0.00021486926313014722,234,0.09817483276128769,5.625003571624471,1,WELD_FOUND,42,0,0,0
14.455771923065186,0.005276734079749667,-0.012,0.003476734079749667,0.018590934574604034,-0.015114200494854367,0.015114200494854367,0.000228439056598656,241,0.10431075841188431,5.97656621480972,1,WELD_FOUND,43,0,0,0
14.4757661819458,0.005276734079749667,-0.012,0.003476734079749667,0.03493299335241318,-0.03145625927266351,0.03145625927266351,0.0009894962474290292,241,0.10431075841188431,5.97656621480972,1,WELD_FOUND,43,0,0,0
14.495773315429688,0.005276734079749667,-0.012,0.003476734079749667,0.03493299335241318,-0.03145625927266351,0.03145625927266351,0.0009894962474290292,241,0.10431075841188431,5.97656621480972,1,WELD_FOUND,43,0,0,0
14.515781879425049,0.005276734079749667,-0.012,0.003476734079749667,0.027946393936872482,-0.024469659857122815,0.024469659857122815,0.0005987642535232878,241,0.10431075841188431,5.97656621480972,1,WELD_FOUND,43,0,0,0
14.535768508911133,0.005276734079749667,-0.012,0.003476734079749667,0.027946393936872482,-0.024469659857122815,0.024469659857122815,0.0005987642535232878,241,0.10431075841188431,5.97656621480972,1,WELD_FOUND,43,0,0,0
14.5557701587677,0.005921612540528186,-0.012,0.004121612540528187,0.039565350860357285,-0.035443738319829096,0.035443738319829096,0.0012562585860845215,247,0.09203890711069107,5.2734409284392205,1,WELD_FOUND,44,0,0,0
14.575786352157593,0.005921612540528186,-0.012,0.004121612540528187,0.03165228292346001,-0.02753067038293182,0.02753067038293182,0.0007579378117336392,247,0.09203890711069107,5.2734409284392205,1,WELD_FOUND,44,0,0,0
14.595754861831665,0.005921612540528186,-0.012,0.004121612540528187,0.03165228292346001,-0.02753067038293182,0.02753067038293182,0.0007579378117336392,247,0.09203890711069107,5.2734409284392205,1,WELD_FOUND,44,0,0,0
14.615777730941772,0.005921612540528186,-0.012,0.004121612540528187,0.025321826338768005,-0.021200213798239817,0.021200213798239817,0.0004494490650910779,247,0.09203890711069107,5.2734409284392205,1,WELD_FOUND,44,0,0,0
14.635758876800537,0.005921612540528186,-0.012,0.004121612540528187,0.025321826338768005,-0.021200213798239817,0.021200213798239817,0.0004494490650910779,247,0.09203890711069107,5.2734409284392205,1,WELD_FOUND,44,0,0,0
14.655752420425415,0.007030317266669052,-0.012,0.005230317266669051,0.037453390657901764,-0.03222307339123271,0.03222307339123271,0.0010383264587767696,253,0.07976706326007843,4.5703160689555435,1,WELD_FOUND,45,0,0,0
14.675768613815308,0.007030317266669052,-0.012,0.005230317266669051,0.02996271289885044,-0.024732395632181388,0.024732395632181388,0.000611691393706745,253,0.07976706326007843,4.5703160689555435,1,WELD_FOUND,45,0,0,0
14.695776224136353,0.007030317266669052,-0.012,0.005230317266669051,0.023970169946551323,-0.01873985267988227,0.01873985267988227,0.0003511820784636907,253,0.07976706326007843,4.5703160689555435,1,WELD_FOUND,45,0,0,0
14.71578574180603,0.007030317266669052,-0.012,0.005230317266669051,0.023970169946551323,-0.01873985267988227,0.01873985267988227,0.0003511820784636907,253,0.07976706326007843,4.5703160689555435,1,WELD_FOUND,45,0,0,0
14.735775470733643,0.007030317266669052,-0.012,0.005230317266669051,0.019176136702299118,-0.013945819435630067,0.013945819435630067,0.0001944858797311973,253,0.07976706326007843,4.5703160689555435,1,WELD_FOUND,45,0,0,0
14.755761861801147,0.005698422545216877,-0.012,0.0038984225452168768,0.019176136702299118,-0.01527771415708224,0.01527771415708224,0.00023340854986551111,259,0.10431075841188431,5.97656621480972,1,WELD_FOUND,46,0,0,0
14.775771856307983,0.005698422545216877,-0.012,0.0038984225452168768,0.03253468871116638,-0.028636266165949505,0.028636266165949505,0.0008200357399271044,259,0.10431075841188431,5.97656621480972,1,WELD_FOUND,46,0,0,0
14.795763969421387,0.005698422545216877,-0.012,0.0038984225452168768,0.03253468871116638,-0.028636266165949505,0.028636266165949505,0.0008200357399271044,259,0.10431075841188431,5.97656621480972,1,WELD_FOUND,46,0,0,0
14.815786600112915,0.005698422545216877,-0.012,0.0038984225452168768,0.026027752086520195,-0.022129329541303318,0.022129329541303318,0.0004897072259475997,259,0.10431075841188431,5.97656621480972,1,WELD_FOUND,46,0,0,0
14.835759401321411,0.005698422545216877,-0.012,0.0038984225452168768,0.026027752086520195,-0.022129329541303318,0.022129329541303318,0.0004897072259475997,259,0.10431075841188431,5.97656621480972,1,WELD_FOUND,46,0,0,0
14.855767011642456,0.006503045460014391,-0.012,0.004703045460014391,0.03803156688809395,-0.03332852142807956,0.03332852142807956,0.0011107903405819582,265,0.08590298891067505,4.921878712140794,1,WELD_FOUND,47,0,0,0
14.875789403915405,0.006503045460014391,-0.012,0.004703045460014391,0.03042525239288807,-0.02572220693287368,0.02572220693287368,0.0006616319294975747,265,0.08590298891067505,4.921878712140794,1,WELD_FOUND,47,0,0,0
14.895777940750122,0.006503045460014391,-0.012,0.004703045460014391,0.03042525239288807,-0.02572220693287368,0.02572220693287368,0.0006616319294975747,265,0.08590298891067505,4.921878712140794,1,WELD_FOUND,47,0,0,0
14.915768146514893,0.006503045460014391,-0.012,0.004703045460014391,0.024340203031897545,-0.019637157571883154,0.019637157571883154,0.0003856179575029679,265,0.08590298891067505,4.921878712140794,1,WELD_FOUND,47,0,0,0
14.935765027999878,0.006503045460014391,-0.012,0.004703045460014391,0.024340203031897545,-0.019637157571883154,0.019637157571883154,0.0003856179575029679,265,0.08590298891067505,4.921878712140794,1,WELD_FOUND,47,0,0,0
14.955775737762451,0.007248529102322034,-0.012,0.005448529102322033,0.036681320518255234,-0.0312327914159332,0.0312327914159332,0.0009754872596311906,271,0.07976706326007843,4.5703160689555435,1,WELD_FOUND,48,0,0,0
14.975780487060547,0.007248529102322034,-0.012,0.005448529102322033,0.029345057904720306,-0.023896528802398273,0.023896528802398273,0.0005710440888038503,271,0.07976706326007843,4.5703160689555435,1,WELD_FOUND,48,0,0,0
14.99577283859253,0.007248529102322034,-0.012,0.005448529102322033,0.023476045578718185,-0.018027516476396152,0.018027516476396152,0.00032499135030673474,271,0.07976706326007843,4.5703160689555435,1,WELD_FOUND,48,0,0,0
15.0157790184021,0.007248529102322034,-0.012,0.005448529102322033,0.023476045578718185,-0.018027516476396152,0.018027516476396152,0.00032499135030673474,271,0.07976706326007843,4.5703160689555435,1,WELD_FOUND,48,0,0,0
15.035770893096924,0.007248529102322034,-0.012,0.005448529102322033,0.018780836835503578,-0.013332307733181545,0.013332307733181545,0.00017775042949225243,271,0.07976706326007843,4.5703160689555435,1,WELD_FOUND,48,0,0,0
15.055779457092285,0.00661392172002221,-0.012,0.004813921720022211,0.04940547049045563,-0.04459154877043342,0.04459154877043342,0.001988406221745942,277,0.09203890711069107,5.2734409284392205,1,WELD_FOUND,49,0,0,0
15.075780630111694,0.00661392172002221,-0.012,0.004813921720022211,0.0395243763923645,-0.034710454672342295,0.034710454672342295,0.001204815663560729,277,0.09203890711069107,5.2734409284392205,1,WELD_FOUND,49,0,0,0
15.095782279968262,0.00661392172002221,-0.012,0.004813921720022211,0.0395243763923645,-0.034710454672342295,0.034710454672342295,0.001204815663560729,277,0.09203890711069107,5.2734409284392205,1,WELD_FOUND,49,0,0,0
15.11575984954834,0.00661392172002221,-0.012,0.004813921720022211,0.03161950036883354,-0.02680557864881133,0.02680557864881133,0.0007185390466976099,277,0.09203890711069107,5.2734409284392205,1,WELD_FOUND,49,0,0,0
15.13576889038086,0.00661392172002221,-0.012,0.004813921720022211,0.03161950036883354,-0.02680557864881133,0.02680557864881133,0.0007185390466976099,277,0.09203890711069107,5.2734409284392205,1,WELD_FOUND,49,0,0,0
15.155738830566406,0.005565989368438003,-0.012,0.0037659893684380027,0.04248364642262459,-0.03871765705418659,0.03871765705418659,0.0014990569677656045,283,0.10431075841188431,5.97656621480972,1,WELD_FOUND,50,0,0,0
15.175767660140991,0.005565989368438003,-0.012,0.0037659893684380027,0.04248364642262459,-0.03871765705418659,0.03871765705418659,0.0014990569677656045,283,0.10431075841188431,5.97656621480972,1,WELD_FOUND,50,0,0,0
15.195781469345093,0.005565989368438003,-0.012,0.0037659893684380027,0.03398691490292549,-0.030220925534487488,0.030220925534487488,0.0009133043401610379,283,0.10431075841188431,5.97656621480972,1,WELD_FOUND,50,0,0,0
15.215776920318604,0.005565989368438003,-0.012,0.0037659893684380027,0.027189532294869423,-0.02342354292643142,0.02342354292643142,0.0005486623632263754,283,0.10431075841188431,5.97656621480972,1,WELD_FOUND,50,0,0,0
15.23577356338501,0.005565989368438003,-0.012,0.0037659893684380027,0.027189532294869423,-0.02342354292643142,0.02342354292643142,0.0005486623632263754,283,0.10431075841188431,5.97656621480972,1,WELD_FOUND,50,0,0,0
15.255770444869995,0.006027901863492685,-0.012,0.0042279018634926845,0.03895493969321251,-0.03472703782971982,0.03472703782971982,0.0012059671564267917,289,0.09203890711069107,5.2734409284392205,1,WELD_FOUND,51,0,0,0
15.275774002075195,0.006027901863492685,-0.012,0.0042279018634926845,0.03895493969321251,-0.03472703782971982,0.03472703782971982,0.0012059671564267917,289,0.09203890711069107,5.2734409284392205,1,WELD_FOUND,51,0,0,0
15.295813083648682,0.006027901863492685,-0.012,0.0042279018634926845,0.031163951382040977,-0.02693604951854829,0.02693604951854829,0.0007255507636656856,289,0.09203890711069107,5.2734409284392205,1,WELD_FOUND,51,0,0,0
15.315776348114014,0.006027901863492685,-0.012,0.0042279018634926845,0.024931160733103752,-0.020703258869611066,0.020703258869611066,0.00042862492782212925,289,0.09203890711069107,5.2734409284392205,1,WELD_FOUND,51,0,0,0
15.3357675075531,0.006027901863492685,-0.012,0.0042279018634926845,0.024931160733103752,-0.020703258869611066,0.020703258869611066,0.00042862492782212925,289,0.09203890711069107,5.2734409284392205,1,WELD_FOUND,51,0,0,0
15.355781316757202,0.0,0.0,0.0,0.03716733679175377,-0.03716733679175377,0.03716733679175377,0.0013814109241916533,295,nan,nan,0,NO_WELD,51,1,0,0
15.37577509880066,0.0,0.0,0.0,0.0,0.0,0.0,0.0,295,nan,nan,0,NO_WELD,51,1,0,0
15.395766973495483,0.0,0.0,0.0,0.0,0.0,0.0,0.0,295,nan,nan,0,NO_WELD,51,1,0,0
15.415778160095215,0.0,0.0,0.0,0.0,0.0,0.0,0.0,295,nan,nan,0,NO_WELD,51,1,0,0
15.435768127441406,0.0,0.0,0.0,0.0,0.0,0.0,0.0,295,nan,nan,0,NO_WELD,51,1,0,0
15.455800533294678,0.0,0.0,0.0,0.0,0.0,0.0,0.0,301,nan,nan,0,T_JUNCTION,51,1,1,0
15.475819826126099,0.0,0.0,0.0,0.0,0.0,0.0,0.0,301,nan,nan,0,T_JUNCTION,51,1,1,0
15.495781898498535,0.0,0.0,0.0,0.0,0.0,0.0,0.0,301,nan,nan,0,T_JUNCTION,51,1,1,0
15.515787839889526,0.0,0.0,0.0,0.0,0.0,0.0,0.0,301,nan,nan,0,T_JUNCTION,51,1,1,0
15.535765886306763,0.0,0.0,0.0,0.0,0.0,0.0,0.0,301,nan,nan,0,T_JUNCTION,51,1,1,0
15.555776834487915,0.0,0.0,0.0,0.0,0.0,0.0,0.0,301,nan,nan,0,T_JUNCTION,51,1,1,0
15.575793027877808,0.0,0.0,0.0,0.0,0.0,0.0,0.0,301,nan,nan,0,T_JUNCTION,51,1,1,0
15.595777034759521,0.0,0.0,0.0,0.0,0.0,0.0,0.0,301,nan,nan,0,T_JUNCTION,51,1,1,0
15.615775346755981,0.0,0.0,0.0,0.0,0.0,0.0,0.0,301,nan,nan,0,T_JUNCTION,51,1,1,0
15.63576865196228,0.0,0.0,0.0,0.0,0.0,0.0,0.0,301,nan,nan,0,T_JUNCTION,51,1,1,0
15.655829191207886,0.0,0.0,0.0,0.0,0.0,0.0,0.0,301,nan,nan,0,T_JUNCTION,51,1,1,0
15.675787210464478,0.0,0.0,0.0,0.0,0.0,0.0,0.0,301,nan,nan,0,T_JUNCTION,51,1,1,0
15.695778369903564,0.0,0.0,0.0,0.0,0.0,0.0,0.0,301,nan,nan,0,T_JUNCTION,51,1,1,0
15.715790748596191,0.0,0.0,0.0,0.0,0.0,0.0,0.0,301,nan,nan,0,T_JUNCTION,51,1,1,0
15.735762596130371,0.0,0.0,0.0,0.0,0.0,0.0,0.0,301,nan,nan,0,T_JUNCTION,51,1,1,0
15.755823373794556,0.0,0.0,0.0,0.0,0.0,0.0,0.0,301,nan,nan,0,T_JUNCTION,51,1,1,0
15.775776147842407,0.0,0.0,0.0,0.0,0.0,0.0,0.0,301,nan,nan,0,T_JUNCTION,51,1,1,0
15.795753955841064,0.0,0.0,0.0,0.0,0.0,0.0,0.0,301,nan,nan,0,T_JUNCTION,51,1,1,0
15.815791845321655,0.0,0.0,0.0,0.0,0.0,0.0,0.0,301,nan,nan,0,T_JUNCTION,51,1,1,0
15.83577275276184,0.0,0.0,0.0,0.0,0.0,0.0,0.0,301,nan,nan,0,T_JUNCTION,51,1,1,0
15.855795621871948,0.0,0.0,0.0,0.0,0.0,0.0,0.0,301,nan,nan,0,T_JUNCTION,51,1,1,0
15.87576150894165,0.0,0.0,0.0,0.0,0.0,0.0,0.0,301,nan,nan,0,T_JUNCTION,51,1,1,0
15.89577031135559,0.0,0.0,0.0,0.0,0.0,0.0,0.0,301,nan,nan,0,T_JUNCTION,51,1,1,0
15.915773391723633,0.0,0.0,0.0,0.0,0.0,0.0,0.0,301,nan,nan,0,T_JUNCTION,51,1,1,0
15.935764789581299,0.0,0.0,0.0,0.0,0.0,0.0,0.0,301,nan,nan,0,T_JUNCTION,51,1,1,0
15.955796957015991,0.0,0.0,0.0,0.0,0.0,0.0,0.0,301,nan,nan,0,T_JUNCTION,51,1,1,0
15.975775957107544,0.0,0.0,0.0,0.0,0.0,0.0,0.0,301,nan,nan,0,T_JUNCTION,51,1,1,0
15.995771646499634,0.0,0.0,0.0,0.0,0.0,0.0,0.0,301,nan,nan,0,T_JUNCTION,51,1,1,0
16.01577639579773,0.0,0.0,0.0,0.0,0.0,0.0,0.0,301,nan,nan,0,T_JUNCTION,51,1,1,0
16.035788536071777,0.0,0.0,0.0,0.0,0.0,0.0,0.0,301,nan,nan,0,T_JUNCTION,51,1,1,0
16.05578303337097,0.0,0.0,0.0,0.0,0.0,0.0,0.0,301,nan,nan,0,T_JUNCTION,51,1,1,0
16.075775384902954,0.0,0.0,0.0,0.0,0.0,0.0,0.0,301,nan,nan,0,T_JUNCTION,51,1,1,0
16.095763444900513,0.0,0.0,0.0,0.0,0.0,0.0,0.0,301,nan,nan,0,T_JUNCTION,51,1,1,0
16.11576271057129,0.0,0.0,0.0,0.0,0.0,0.0,0.0,301,nan,nan,0,T_JUNCTION,51,1,1,0
16.135767459869385,0.0,0.0,0.0,0.0,0.0,0.0,0.0,301,nan,nan,0,T_JUNCTION,51,1,1,0
16.15577507019043,0.0,0.0,0.0,0.0,0.0,0.0,0.0,301,nan,nan,0,T_JUNCTION,51,1,1,0
16.175758361816406,0.0,0.0,0.0,0.0,0.0,0.0,0.0,301,nan,nan,0,T_JUNCTION,51,1,1,0
16.19576072692871,0.0,0.0,0.0,0.0,0.0,0.0,0.0,301,nan,nan,0,T_JUNCTION,51,1,1,0
16.2157621383667,0.0,0.0,0.0,0.0,0.0,0.0,0.0,301,nan,nan,0,T_JUNCTION,51,1,1,0
16.235771417617798,0.0,0.0,0.0,0.0,0.0,0.0,0.0,301,nan,nan,0,T_JUNCTION,51,1,1,0
16.255773305892944,0.0,0.0,0.0,0.0,0.0,0.0,0.0,301,nan,nan,0,T_JUNCTION,51,1,1,0
16.27576994895935,0.0,0.0,0.0,0.0,0.0,0.0,0.0,301,nan,nan,0,T_JUNCTION,51,1,1,0
16.295779943466187,0.0,0.0,0.0,0.0,0.0,0.0,0.0,301,nan,nan,0,T_JUNCTION,51,1,1,0
16.315772533416748,0.0,0.0,0.0,0.0,0.0,0.0,0.0,301,nan,nan,0,T_JUNCTION,51,1,1,0
16.335772037506104,0.0,0.0,0.0,0.0,0.0,0.0,0.0,301,nan,nan,0,T_JUNCTION,51,1,1,0
16.355774402618408,0.0,0.0,0.0,0.0,0.0,0.0,0.0,301,nan,nan,0,T_JUNCTION,51,1,1,0
16.375776052474976,0.0,0.0,0.0,0.0,0.0,0.0,0.0,301,nan,nan,0,T_JUNCTION,51,1,1,0
16.395772218704224,0.0,0.0,0.0,0.0,0.0,0.0,0.0,301,nan,nan,0,T_JUNCTION,51,1,1,0
16.41575837135315,0.0,0.0,0.0,0.0,0.0,0.0,0.0,301,nan,nan,0,T_JUNCTION,51,1,1,0
16.435766458511353,0.0,0.0,0.0,0.0,0.0,0.0,0.0,301,nan,nan,0,T_JUNCTION,51,1,1,0
16.45581817626953,0.0,0.0,0.0,0.0,0.0,0.0,0.0,301,nan,nan,0,T_JUNCTION,51,1,1,0
16.475749731063843,0.0,0.0,0.0,0.0,0.0,0.0,0.0,301,nan,nan,0,T_JUNCTION,51,1,1,0
16.495762586593628,0.0,0.0,0.0,0.0,0.0,0.0,0.0,301,nan,nan,0,T_JUNCTION,51,1,1,0
16.51576828956604,0.0,0.0,0.0,0.0,0.0,0.0,0.0,301,nan,nan,0,T_JUNCTION,51,1,1,0
16.53579568862915,0.0,0.0,0.0,0.0,0.0,0.0,0.0,301,nan,nan,0,T_JUNCTION,51,1,1,0
16.555781841278076,0.0,0.0,0.0,0.0,0.0,0.0,0.0,301,nan,nan,0,T_JUNCTION,51,1,1,0
16.575769186019897,0.0,0.0,0.0,0.0,0.0,0.0,0.0,301,nan,nan,0,T_JUNCTION,51,1,1,0
16.59577250480652,0.0,0.0,0.0,0.0,0.0,0.0,0.0,301,nan,nan,0,T_JUNCTION,51,1,1,0
16.615785121917725,0.0,0.0,0.0,0.0,0.0,0.0,0.0,301,nan,nan,0,T_JUNCTION,51,1,1,0
16.635759830474854,0.0,0.0,0.0,0.0,0.0,0.0,0.0,301,nan,nan,0,T_JUNCTION,51,1,1,0
16.65581750869751,0.0,0.0,0.0,0.0,0.0,0.0,0.0,301,nan,nan,0,T_JUNCTION,51,1,1,0
16.675766468048096,0.0,0.0,0.0,0.0,0.0,0.0,0.0,301,nan,nan,0,T_JUNCTION,51,1,1,0
16.695766925811768,0.0,0.0,0.0,0.0,0.0,0.0,0.0,301,nan,nan,0,T_JUNCTION,51,1,1,0
16.71576428413391,0.0,0.0,0.0,0.0,0.0,0.0,0.0,301,nan,nan,0,T_JUNCTION,51,1,1,0
16.7357656955719,0.0,0.0,0.0,0.0,0.0,0.0,0.0,301,nan,nan,0,T_JUNCTION,51,1,1,0
16.75580072402954,0.0,0.0,0.0,0.0,0.0,0.0,0.0,301,nan,nan,0,T_JUNCTION,51,1,1,0
16.77577543258667,0.0,0.0,0.0,0.0,0.0,0.0,0.0,301,nan,nan,0,T_JUNCTION,51,1,1,0
16.795774698257446,0.0,0.0,0.0,0.0,0.0,0.0,0.0,301,nan,nan,0,T_JUNCTION,51,1,1,0
16.815763235092163,0.0,0.0,0.0,0.0,0.0,0.0,0.0,301,nan,nan,0,T_JUNCTION,51,1,1,0
16.83576488494873,0.0,0.0,0.0,0.0,0.0,0.0,0.0,301,nan,nan,0,T_JUNCTION,51,1,1,0
16.85579490661621,0.0,0.0,0.0,0.0,0.0,0.0,0.0,301,nan,nan,0,T_JUNCTION,51,1,1,0
16.87575674057007,0.0,0.0,0.0,0.0,0.0,0.0,0.0,301,nan,nan,0,T_JUNCTION,51,1,1,0
16.895763158798218,0.0,0.0,0.0,0.0,0.0,0.0,0.0,301,nan,nan,0,T_JUNCTION,51,1,1,0
16.915773153305054,0.0,0.0,0.0,0.0,0.0,0.0,0.0,301,nan,nan,0,T_JUNCTION,51,1,1,0
16.93577218055725,0.0,0.0,0.0,0.0,0.0,0.0,0.0,301,nan,nan,0,T_JUNCTION,51,1,1,0
16.955768585205078,0.0,0.0,0.0,0.0,0.0,0.0,0.0,301,nan,nan,0,T_JUNCTION,51,1,1,0
16.975760459899902,0.0,0.0,0.0,0.0,0.0,0.0,0.0,301,nan,nan,0,T_JUNCTION,51,1,1,0
16.995761394500732,0.0,0.0,0.0,0.0,0.0,0.0,0.0,301,nan,nan,0,T_JUNCTION,51,1,1,0
17.015774250030518,0.0,0.0,0.0,0.0,0.0,0.0,0.0,301,nan,nan,0,T_JUNCTION,51,1,1,0
17.03576922416687,0.0,0.0,0.0,0.0,0.0,0.0,0.0,301,nan,nan,0,T_JUNCTION,51,1,1,0
17.055811643600464,0.0,0.0,0.0,0.0,0.0,0.0,0.0,301,nan,nan,0,T_JUNCTION,51,1,1,0
17.075767278671265,0.0,0.0,0.0,0.0,0.0,0.0,0.0,301,nan,nan,0,T_JUNCTION,51,1,1,0
17.09576392173767,0.0,0.0,0.0,0.0,0.0,0.0,0.0,301,nan,nan,0,T_JUNCTION,51,1,1,0
17.11577272415161,0.0,0.0,0.0,0.0,0.0,0.0,0.0,301,nan,nan,0,T_JUNCTION,51,1,1,0
17.135767936706543,0.0,0.0,0.0,0.0,0.0,0.0,0.0,301,nan,nan,0,T_JUNCTION,51,1,1,0
17.15576457977295,0.0,0.0,0.0,0.0,0.0,0.0,0.0,301,nan,nan,0,T_JUNCTION,51,1,1,0
17.175766944885254,0.0,0.0,0.0,0.0,0.0,0.0,0.0,301,nan,nan,0,T_JUNCTION,51,1,1,0
17.19577670097351,0.0,0.0,0.0,0.0,0.0,0.0,0.0,301,nan,nan,0,T_JUNCTION,51,1,1,0
17.215786457061768,0.0,0.0,0.0,0.0,0.0,0.0,0.0,301,nan,nan,0,T_JUNCTION,51,1,1,0
17.23577570915222,0.0,0.0,0.0,0.0,0.0,0.0,0.0,301,nan,nan,0,T_JUNCTION,51,1,1,0
17.255784511566162,0.0,0.0,0.0,0.0,0.0,0.0,0.0,301,nan,nan,0,T_JUNCTION,51,1,1,0
17.27577018737793,0.0,0.0,0.0,0.0,0.0,0.0,0.0,301,nan,nan,0,T_JUNCTION,51,1,1,0
17.295798540115356,0.0,0.0,0.0,0.0,0.0,0.0,0.0,301,nan,nan,0,T_JUNCTION,51,1,1,0
17.315770864486694,0.0,0.0,0.0,0.0,0.0,0.0,0.0,301,nan,nan,0,T_JUNCTION,51,1,1,0
17.335804224014282,0.0,0.0,0.0,0.0,0.0,0.0,0.0,301,nan,nan,0,T_JUNCTION,51,1,1,0
17.355776071548462,0.0,0.0,0.0,0.0,0.0,0.0,0.0,301,nan,nan,0,T_JUNCTION,51,1,1,0
17.375757455825806,0.0,0.0,0.0,0.0,0.0,0.0,0.0,301,nan,nan,0,T_JUNCTION,51,1,1,0
17.395771026611328,0.0,0.0,0.0,0.0,0.0,0.0,0.0,301,nan,nan,0,T_JUNCTION,51,1,1,0
17.41576099395752,0.0,0.0,0.0,0.0,0.0,0.0,0.0,301,nan,nan,0,T_JUNCTION,51,1,1,0
17.43579363822937,0.0,0.0,0.0,0.0,0.0,0.0,0.0,301,nan,nan,0,T_JUNCTION,51,1,1,0
17.455790281295776,0.0,0.0,0.0,0.0,0.0,0.0,0.0,301,nan,nan,0,T_JUNCTION,51,1,1,0
17.47575879096985,0.0,0.0,0.0,0.0,0.0,0.0,0.0,301,nan,nan,0,T_JUNCTION,51,1,1,0
17.49578547477722,0.0,0.0,0.0,0.0,0.0,0.0,0.0,301,nan,nan,0,T_JUNCTION,51,1,1,0
17.515756368637085,0.0,0.0,0.0,0.0,0.0,0.0,0.0,301,nan,nan,0,T_JUNCTION,51,1,1,0
17.53576946258545,0.0,0.0,0.0,0.0,0.0,0.0,0.0,301,nan,nan,0,T_JUNCTION,51,1,1,0
17.5557644367218,0.0,0.0,0.0,0.0,0.0,0.0,0.0,301,nan,nan,0,T_JUNCTION,51,1,1,0
17.575761556625366,0.0,0.0,0.0,0.0,0.0,0.0,0.0,301,nan,nan,0,T_JUNCTION,51,1,1,0
17.59576177597046,0.0,0.0,0.0,0.0,0.0,0.0,0.0,301,nan,nan,0,T_JUNCTION,51,1,1,0
17.615772485733032,0.0,0.0,0.0,0.0,0.0,0.0,0.0,301,nan,nan,0,T_JUNCTION,51,1,1,0
17.635772705078125,0.0,0.0,0.0,0.0,0.0,0.0,0.0,301,nan,nan,0,T_JUNCTION,51,1,1,0
17.655781269073486,0.0,0.0,0.0,0.0,0.0,0.0,0.0,301,nan,nan,0,T_JUNCTION,51,1,1,0
17.675767421722412,0.0,0.0,0.0,0.0,0.0,0.0,0.0,301,nan,nan,0,T_JUNCTION,51,1,1,0
17.69577407836914,0.0,0.0,0.0,0.0,0.0,0.0,0.0,301,nan,nan,0,T_JUNCTION,51,1,1,0
17.715763330459595,0.0,0.0,0.0,0.0,0.0,0.0,0.0,301,nan,nan,0,T_JUNCTION,51,1,1,0
17.73577046394348,0.0,0.0,0.0,0.0,0.0,0.0,0.0,301,nan,nan,0,T_JUNCTION,51,1,1,0
17.755757570266724,0.0,0.0,0.0,0.0,0.0,0.0,0.0,301,nan,nan,0,T_JUNCTION,51,1,1,0
17.775776147842407,0.0,0.0,0.0,0.0,0.0,0.0,0.0,301,nan,nan,0,T_JUNCTION,51,1,1,0
17.795755624771118,0.0,0.0,0.0,0.0,0.0,0.0,0.0,301,nan,nan,0,T_JUNCTION,51,1,1,0
17.81576657295227,0.0,0.0,0.0,0.0,0.0,0.0,0.0,301,nan,nan,0,T_JUNCTION,51,1,1,0
17.835761785507202,0.0,0.0,0.0,0.0,0.0,0.0,0.0,301,nan,nan,0,T_JUNCTION,51,1,1,0
17.85576891899109,0.0,0.0,0.0,0.0,0.0,0.0,0.0,301,nan,nan,0,T_JUNCTION,51,1,1,0
17.875758409500122,0.0,0.0,0.0,0.0,0.0,0.0,0.0,301,nan,nan,0,T_JUNCTION,51,1,1,0
17.895764589309692,0.0,0.0,0.0,0.0,0.0,0.0,0.0,301,nan,nan,0,T_JUNCTION,51,1,1,0
17.915772676467896,0.0,0.0,0.0,0.0,0.0,0.0,0.0,301,nan,nan,0,T_JUNCTION,51,1,1,0
17.93576407432556,0.0,0.0,0.0,0.0,0.0,0.0,0.0,301,nan,nan,0,T_JUNCTION,51,1,1,0
17.955774545669556,0.0,0.0,0.0,0.0,0.0,0.0,0.0,301,nan,nan,0,T_JUNCTION,51,1,1,0
17.975769758224487,0.0,0.0,0.0,0.0,0.0,0.0,0.0,301,nan,nan,0,T_JUNCTION,51,1,1,0
17.995763063430786,0.0,0.0,0.0,0.0,0.0,0.0,0.0,301,nan,nan,0,T_JUNCTION,51,1,1,0
18.01576519012451,0.0,0.0,0.0,0.0,0.0,0.0,0.0,301,nan,nan,0,T_JUNCTION,51,1,1,0
18.035757064819336,0.0,0.0,0.0,0.0,0.0,0.0,0.0,301,nan,nan,0,T_JUNCTION,51,1,1,0
18.055783987045288,0.0,0.0,0.0,0.0,0.0,0.0,0.0,301,nan,nan,0,T_JUNCTION,51,1,1,0
18.07577919960022,0.0,0.0,0.0,0.0,0.0,0.0,0.0,301,nan,nan,0,T_JUNCTION,51,1,1,0
18.09576916694641,0.0,0.0,0.0,0.0,0.0,0.0,0.0,301,nan,nan,0,T_JUNCTION,51,1,1,0
18.115785121917725,0.0,0.0,0.0,0.0,0.0,0.0,0.0,301,nan,nan,0,T_JUNCTION,51,1,1,0
18.13580346107483,0.0,0.0,0.0,0.0,0.0,0.0,0.0,301,nan,nan,0,T_JUNCTION,51,1,1,0
18.155766010284424,0.0,0.0,0.0,0.0,0.0,0.0,0.0,301,nan,nan,0,T_JUNCTION,51,1,1,0
18.175766944885254,0.0,0.0,0.0,0.0,0.0,0.0,0.0,301,nan,nan,0,T_JUNCTION,51,1,1,0
18.19576668739319,0.0,0.0,0.0,0.0,0.0,0.0,0.0,301,nan,nan,0,T_JUNCTION,51,1,1,0
18.215763568878174,0.0,0.0,0.0,0.0,0.0,0.0,0.0,301,nan,nan,0,T_JUNCTION,51,1,1,0
18.23579216003418,0.0,0.0,0.0,0.0,0.0,0.0,0.0,301,nan,nan,0,T_JUNCTION,51,1,1,0
18.255786895751953,0.0,0.0,0.0,0.0,0.0,0.0,0.0,301,nan,nan,0,T_JUNCTION,51,1,1,0
18.275768995285034,0.0,0.0,0.0,0.0,0.0,0.0,0.0,301,nan,nan,0,T_JUNCTION,51,1,1,0
18.295782566070557,0.0,0.0,0.0,0.0,0.0,0.0,0.0,301,nan,nan,0,T_JUNCTION,51,1,1,0
18.31575608253479,0.0,0.0,0.0,0.0,0.0,0.0,0.0,301,nan,nan,0,T_JUNCTION,51,1,1,0
18.335770845413208,0.0,0.0,0.0,0.0,0.0,0.0,0.0,301,nan,nan,0,T_JUNCTION,51,1,1,0
18.355772256851196,0.0,0.0,0.0,0.0,0.0,0.0,0.0,301,nan,nan,0,T_JUNCTION,51,1,1,0
18.375776052474976,0.0,0.0,0.0,0.0,0.0,0.0,0.0,301,nan,nan,0,T_JUNCTION,51,1,1,0
18.39576482772827,0.0,0.0,0.0,0.0,0.0,0.0,0.0,301,nan,nan,0,T_JUNCTION,51,1,1,0
18.415770053863525,0.0,0.0,0.0,0.0,0.0,0.0,0.0,301,nan,nan,0,T_JUNCTION,51,1,1,0
18.435805082321167,0.0,0.0,0.0,0.0,0.0,0.0,0.0,301,nan,nan,0,T_JUNCTION,51,1,1,0
18.455800533294678,0.0,0.0,0.0,0.0,0.0,0.0,0.0,301,nan,nan,0,T_JUNCTION,51,1,1,0
18.475791454315186,0.0,0.0,0.0,0.0,0.0,0.0,0.0,301,nan,nan,0,T_JUNCTION,51,1,1,0
18.495789766311646,0.0,0.0,0.0,0.0,0.0,0.0,0.0,301,nan,nan,0,T_JUNCTION,51,1,1,0
18.51575541496277,0.0,0.0,0.0,0.0,0.0,0.0,0.0,301,nan,nan,0,T_JUNCTION,51,1,1,0
18.535800218582153,0.0,0.0,0.0,0.0,0.0,0.0,0.0,301,nan,nan,0,T_JUNCTION,51,1,1,0
18.55576205253601,0.0,0.0,0.0,0.0,0.0,0.0,0.0,301,nan,nan,0,T_JUNCTION,51,1,1,0
18.575767517089844,0.0,0.0,0.0,0.0,0.0,0.0,0.0,301,nan,nan,0,T_JUNCTION,51,1,1,0
18.59577226638794,0.0,0.0,0.0,0.0,0.0,0.0,0.0,301,nan,nan,0,T_JUNCTION,51,1,1,0
18.615762948989868,0.0,0.0,0.0,0.0,0.0,0.0,0.0,301,nan,nan,0,T_JUNCTION,51,1,1,0
18.63578724861145,0.0,0.0,0.0,0.0,0.0,0.0,0.0,301,nan,nan,0,T_JUNCTION,51,1,1,0
18.655806303024292,0.0,0.0,0.0,0.0,0.0,0.0,0.0,301,nan,nan,0,T_JUNCTION,51,1,1,0
18.67577624320984,0.0,0.0,0.0,0.0,0.0,0.0,0.0,301,nan,nan,0,T_JUNCTION,51,1,1,0
18.695775985717773,0.0,0.0,0.0,0.0,0.0,0.0,0.0,301,nan,nan,0,T_JUNCTION,51,1,1,0
18.715773344039917,0.0,0.0,0.0,0.0,0.0,0.0,0.0,301,nan,nan,0,T_JUNCTION,51,1,1,0
18.735798835754395,0.0,0.0,0.0,0.0,0.0,0.0,0.0,301,nan,nan,0,T_JUNCTION,51,1,1,0
18.755773544311523,0.0,0.0,0.0,0.0,0.0,0.0,0.0,301,nan,nan,0,T_JUNCTION,51,1,1,0
18.775763511657715,0.0,0.0,0.0,0.0,0.0,0.0,0.0,301,nan,nan,0,T_JUNCTION,51,1,1,0
18.795770406723022,0.0,0.0,0.0,0.0,0.0,0.0,0.0,301,nan,nan,0,T_JUNCTION,51,1,1,0
18.81576657295227,0.0,0.0,0.0,0.0,0.0,0.0,0.0,301,nan,nan,0,T_JUNCTION,51,1,1,0
18.835773706436157,0.0,0.0,0.0,0.0,0.0,0.0,0.0,301,nan,nan,0,T_JUNCTION,51,1,1,0
18.855759859085083,0.0,0.0,0.0,0.0,0.0,0.0,0.0,301,nan,nan,0,T_JUNCTION,51,1,1,0
18.875773668289185,0.0,0.0,0.0,0.0,0.0,0.0,0.0,301,nan,nan,0,T_JUNCTION,51,1,1,0
18.895761251449585,0.0,0.0,0.0,0.0,0.0,0.0,0.0,301,nan,nan,0,T_JUNCTION,51,1,1,0
18.915762424468994,0.0,0.0,0.0,0.0,0.0,0.0,0.0,301,nan,nan,0,T_JUNCTION,51,1,1,0
18.935779571533203,0.0,0.0,0.0,0.0,0.0,0.0,0.0,301,nan,nan,0,T_JUNCTION,51,1,1,0
18.955764770507812,0.0,0.0,0.0,0.0,0.0,0.0,0.0,301,nan,nan,0,T_JUNCTION,51,1,1,0
18.97577929496765,0.0,0.0,0.0,0.0,0.0,0.0,0.0,301,nan,nan,0,T_JUNCTION,51,1,1,0
18.99577236175537,0.0,0.0,0.0,0.0,0.0,0.0,0.0,301,nan,nan,0,T_JUNCTION,51,1,1,0
19.015769958496094,0.0,0.0,0.0,0.0,0.0,0.0,0.0,301,nan,nan,0,T_JUNCTION,51,1,1,0
19.035799503326416,0.0,0.0,0.0,0.0,0.0,0.0,0.0,301,nan,nan,0,T_JUNCTION,51,1,1,0
19.055780172348022,0.0,0.0,0.0,0.0,0.0,0.0,0.0,301,nan,nan,0,T_JUNCTION,51,1,1,0
19.07577133178711,0.0,0.0,0.0,0.0,0.0,0.0,0.0,301,nan,nan,0,T_JUNCTION,51,1,1,0
19.095757246017456,0.0,0.0,0.0,0.0,0.0,0.0,0.0,301,nan,nan,0,T_JUNCTION,51,1,1,0
19.115755796432495,0.0,0.0,0.0,0.0,0.0,0.0,0.0,301,nan,nan,0,T_JUNCTION,51,1,1,0
19.135801792144775,0.0,0.0,0.0,0.0,0.0,0.0,0.0,301,nan,nan,0,T_JUNCTION,51,1,1,0
19.15579390525818,0.0,0.0,0.0,0.0,0.0,0.0,0.0,301,nan,nan,0,T_JUNCTION,51,1,1,0
19.17575192451477,0.0,0.0,0.0,0.0,0.0,0.0,0.0,301,nan,nan,0,T_JUNCTION,51,1,1,0
19.195772647857666,0.0,0.0,0.0,0.0,0.0,0.0,0.0,301,nan,nan,0,T_JUNCTION,51,1,1,0
19.215763092041016,0.0,0.0,0.0,0.0,0.0,0.0,0.0,301,nan,nan,0,T_JUNCTION,51,1,1,0
19.235790967941284,0.0,0.0,0.0,0.0,0.0,0.0,0.0,301,nan,nan,0,T_JUNCTION,51,1,1,0
19.255765199661255,0.0,0.0,0.0,0.0,0.0,0.0,0.0,301,nan,nan,0,T_JUNCTION,51,1,1,0
19.275755405426025,0.0,0.0,0.0,0.0,0.0,0.0,0.0,301,nan,nan,0,T_JUNCTION,51,1,1,0
19.295777082443237,0.0,0.0,0.0,0.0,0.0,0.0,0.0,301,nan,nan,0,T_JUNCTION,51,1,1,0
19.315794944763184,0.0,0.0,0.0,0.0,0.0,0.0,0.0,301,nan,nan,0,T_JUNCTION,51,1,1,0
19.335798740386963,0.0,0.0,0.0,0.0,0.0,0.0,0.0,301,nan,nan,0,T_JUNCTION,51,1,1,0
19.355775356292725,0.0,0.0,0.0,0.0,0.0,0.0,0.0,301,nan,nan,0,T_JUNCTION,51,1,1,0
19.375781774520874,0.0,0.0,0.0,0.0,0.0,0.0,0.0,301,nan,nan,0,T_JUNCTION,51,1,1,0
19.395756006240845,0.0,0.0,0.0,0.0,0.0,0.0,0.0,301,nan,nan,0,T_JUNCTION,51,1,1,0
19.415754556655884,0.0,0.0,0.0,0.0,0.0,0.0,0.0,301,nan,nan,0,T_JUNCTION,51,1,1,0
19.435786485671997,0.0,0.0,0.0,0.0,0.0,0.0,0.0,301,nan,nan,0,T_JUNCTION,51,1,1,0
19.455782890319824,0.0,0.0,0.0,0.0,0.0,0.0,0.0,301,nan,nan,0,T_JUNCTION,51,1,1,0
19.475755214691162,0.0,0.0,0.0,0.0,0.0,0.0,0.0,301,nan,nan,0,T_JUNCTION,51,1,1,0
19.495762586593628,0.0,0.0,0.0,0.0,0.0,0.0,0.0,301,nan,nan,0,T_JUNCTION,51,1,1,0
19.515760898590088,0.0,0.0,0.0,0.0,0.0,0.0,0.0,301,nan,nan,0,T_JUNCTION,51,1,1,0
19.535840272903442,0.0,0.0,0.0,0.0,0.0,0.0,0.0,301,nan,nan,0,T_JUNCTION,51,1,1,0
19.55577778816223,0.0,0.0,0.0,0.0,0.0,0.0,0.0,301,nan,nan,0,T_JUNCTION,51,1,1,0
19.57577681541443,0.0,0.0,0.0,0.0,0.0,0.0,0.0,301,nan,nan,0,T_JUNCTION,51,1,1,0
19.59577178955078,0.0,0.0,0.0,0.0,0.0,0.0,0.0,301,nan,nan,0,T_JUNCTION,51,1,1,0
19.61579418182373,0.0,0.0,0.0,0.0,0.0,0.0,0.0,301,nan,nan,0,T_JUNCTION,51,1,1,0
19.635790586471558,0.0,0.0,0.0,0.0,0.0,0.0,0.0,301,nan,nan,0,T_JUNCTION,51,1,1,0
19.655802249908447,0.0,0.0,0.0,0.0,0.0,0.0,0.0,301,nan,nan,0,T_JUNCTION,51,1,1,0
19.675753831863403,0.0,0.0,0.0,0.0,0.0,0.0,0.0,301,nan,nan,0,T_JUNCTION,51,1,1,0
19.69575572013855,0.0,0.0,0.0,0.0,0.0,0.0,0.0,301,nan,nan,0,T_JUNCTION,51,1,1,0
19.715779304504395,0.0,0.0,0.0,0.0,0.0,0.0,0.0,301,nan,nan,0,T_JUNCTION,51,1,1,0
19.735788583755493,0.0,0.0,0.0,0.0,0.0,0.0,0.0,301,nan,nan,0,T_JUNCTION,51,1,1,0
19.755796670913696,0.0,0.0,0.0,0.0,0.0,0.0,0.0,301,nan,nan,0,T_JUNCTION,51,1,1,0
19.775773763656616,0.0,0.0,0.0,0.0,0.0,0.0,0.0,301,nan,nan,0,T_JUNCTION,51,1,1,0
19.795776844024658,0.0,0.0,0.0,0.0,0.0,0.0,0.0,301,nan,nan,0,T_JUNCTION,51,1,1,0
19.815778970718384,0.0,0.0,0.0,0.0,0.0,0.0,0.0,301,nan,nan,0,T_JUNCTION,51,1,1,0
19.8357994556427,0.0,0.0,0.0,0.0,0.0,0.0,0.0,301,nan,nan,0,T_JUNCTION,51,1,1,0
19.855780601501465,0.0,0.0,0.0,0.0,0.0,0.0,0.0,301,nan,nan,0,T_JUNCTION,51,1,1,0
19.875757932662964,0.0,0.0,0.0,0.0,0.0,0.0,0.0,301,nan,nan,0,T_JUNCTION,51,1,1,0
19.895768404006958,0.0,0.0,0.0,0.0,0.0,0.0,0.0,301,nan,nan,0,T_JUNCTION,51,1,1,0
19.915766716003418,0.0,0.0,0.0,0.0,0.0,0.0,0.0,301,nan,nan,0,T_JUNCTION,51,1,1,0
19.93579864501953,0.0,0.0,0.0,0.0,0.0,0.0,0.0,301,nan,nan,0,T_JUNCTION,51,1,1,0
19.955765962600708,0.0,0.0,0.0,0.0,0.0,0.0,0.0,301,nan,nan,0,T_JUNCTION,51,1,1,0
19.97575068473816,0.0,0.0,0.0,0.0,0.0,0.0,0.0,301,nan,nan,0,T_JUNCTION,51,1,1,0
19.99577808380127,0.0,0.0,0.0,0.0,0.0,0.0,0.0,301,nan,nan,0,T_JUNCTION,51,1,1,0
20.01575517654419,0.0,0.0,0.0,0.0,0.0,0.0,0.0,301,nan,nan,0,T_JUNCTION,51,1,1,0
20.035802125930786,0.0,0.0,0.0,0.0,0.0,0.0,0.0,301,nan,nan,0,T_JUNCTION,51,1,1,0
20.055776119232178,0.0,0.0,0.0,0.0,0.0,0.0,0.0,301,nan,nan,0,T_JUNCTION,51,1,1,0
20.07576084136963,0.0,0.0,0.0,0.0,0.0,0.0,0.0,301,nan,nan,0,T_JUNCTION,51,1,1,0
20.09577250480652,0.0,0.0,0.0,0.0,0.0,0.0,0.0,301,nan,nan,0,T_JUNCTION,51,1,1,0
20.11577868461609,0.0,0.0,0.0,0.0,0.0,0.0,0.0,301,nan,nan,0,T_JUNCTION,51,1,1,0
20.135781288146973,0.0,0.0,0.0,0.0,0.0,0.0,0.0,301,nan,nan,0,T_JUNCTION,51,1,1,0
20.155779600143433,0.0,0.0,0.0,0.0,0.0,0.0,0.0,301,nan,nan,0,T_JUNCTION,51,1,1,0
20.175776958465576,0.0,0.0,0.0,0.0,0.0,0.0,0.0,301,nan,nan,0,T_JUNCTION,51,1,1,0
20.195754051208496,0.0,0.0,0.0,0.0,0.0,0.0,0.0,301,nan,nan,0,T_JUNCTION,51,1,1,0
20.215753316879272,0.0,0.0,0.0,0.0,0.0,0.0,0.0,301,nan,nan,0,T_JUNCTION,51,1,1,0
20.235793352127075,0.0,0.0,0.0,0.0,0.0,0.0,0.0,301,nan,nan,0,T_JUNCTION,51,1,1,0
20.25578737258911,0.0,0.0,0.0,0.0,0.0,0.0,0.0,301,nan,nan,0,T_JUNCTION,51,1,1,0
20.275764226913452,0.0,0.0,0.0,0.0,0.0,0.0,0.0,301,nan,nan,0,T_JUNCTION,51,1,1,0
20.29576539993286,0.0,0.0,0.0,0.0,0.0,0.0,0.0,301,nan,nan,0,T_JUNCTION,51,1,1,0
20.31578278541565,0.0,0.0,0.0,0.0,0.0,0.0,0.0,301,nan,nan,0,T_JUNCTION,51,1,1,0
20.335798740386963,0.0,0.0,0.0,0.0,0.0,0.0,0.0,301,nan,nan,0,T_JUNCTION,51,1,1,0
20.355762481689453,0.0,0.0,0.0,0.0,0.0,0.0,0.0,301,nan,nan,0,T_JUNCTION,51,1,1,0
20.37587594985962,0.0,0.0,0.0,0.0,0.0,0.0,0.0,301,nan,nan,0,T_JUNCTION,51,1,1,0
20.395781755447388,0.0,0.0,0.0,0.0,0.0,0.0,0.0,301,nan,nan,0,T_JUNCTION,51,1,1,0
20.41577911376953,0.0,0.0,0.0,0.0,0.0,0.0,0.0,301,nan,nan,0,T_JUNCTION,51,1,1,0
20.4357967376709,0.0,0.0,0.0,0.0,0.0,0.0,0.0,301,nan,nan,0,T_JUNCTION,51,1,1,0
20.455790758132935,0.0,0.0,0.0,0.0,0.0,0.0,0.0,301,nan,nan,0,T_JUNCTION,51,1,1,0
20.475770711898804,0.0,0.0,0.0,0.0,0.0,0.0,0.0,301,nan,nan,0,T_JUNCTION,51,1,1,0
20.495782613754272,0.0,0.0,0.0,0.0,0.0,0.0,0.0,301,nan,nan,0,T_JUNCTION,51,1,1,0
20.515777587890625,0.0,0.0,0.0,0.0,0.0,0.0,0.0,301,nan,nan,0,T_JUNCTION,51,1,1,0
20.535789251327515,0.0,0.0,0.0,0.0,0.0,0.0,0.0,301,nan,nan,0,T_JUNCTION,51,1,1,0
20.555765390396118,0.0,0.0,0.0,0.0,0.0,0.0,0.0,301,nan,nan,0,T_JUNCTION,51,1,1,0
20.575772285461426,0.0,0.0,0.0,0.0,0.0,0.0,0.0,301,nan,nan,0,T_JUNCTION,51,1,1,0
20.595764636993408,0.0,0.0,0.0,0.0,0.0,0.0,0.0,301,nan,nan,0,T_JUNCTION,51,1,1,0
20.61576199531555,0.0,0.0,0.0,0.0,0.0,0.0,0.0,301,nan,nan,0,T_JUNCTION,51,1,1,0
20.635788679122925,0.0,0.0,0.0,0.0,0.0,0.0,0.0,301,nan,nan,0,T_JUNCTION,51,1,1,0
20.65577721595764,0.0,0.0,0.0,0.0,0.0,0.0,0.0,301,nan,nan,0,T_JUNCTION,51,1,1,0
20.6757755279541,0.0,0.0,0.0,0.0,0.0,0.0,0.0,301,nan,nan,0,T_JUNCTION,51,1,1,0
20.69577383995056,0.0,0.0,0.0,0.0,0.0,0.0,0.0,301,nan,nan,0,T_JUNCTION,51,1,1,0
20.715770959854126,0.0,0.0,0.0,0.0,0.0,0.0,0.0,301,nan,nan,0,T_JUNCTION,51,1,1,0
20.735787868499756,0.0,0.0,0.0,0.0,0.0,0.0,0.0,301,nan,nan,0,T_JUNCTION,51,1,1,0
20.755764722824097,0.0,0.0,0.0,0.0,0.0,0.0,0.0,301,nan,nan,0,T_JUNCTION,51,1,1,0
20.77577257156372,0.0,0.0,0.0,0.0,0.0,0.0,0.0,301,nan,nan,0,T_JUNCTION,51,1,1,0
20.79576563835144,0.0,0.0,0.0,0.0,0.0,0.0,0.0,301,nan,nan,0,T_JUNCTION,51,1,1,0
20.81578540802002,0.0,0.0,0.0,0.0,0.0,0.0,0.0,301,nan,nan,0,T_JUNCTION,51,1,1,0
20.8357834815979,0.0,0.0,0.0,0.0,0.0,0.0,0.0,301,nan,nan,0,T_JUNCTION,51,1,1,0
20.855772972106934,0.0,0.0,0.0,0.0,0.0,0.0,0.0,301,nan,nan,0,T_JUNCTION,51,1,1,0
20.875765323638916,0.0,0.0,0.0,0.0,0.0,0.0,0.0,301,nan,nan,0,T_JUNCTION,51,1,1,0
20.895773887634277,0.0,0.0,0.0,0.0,0.0,0.0,0.0,301,nan,nan,0,T_JUNCTION,51,1,1,0
20.915765523910522,0.0,0.0,0.0,0.0,0.0,0.0,0.0,301,nan,nan,0,T_JUNCTION,51,1,1,0
20.935813426971436,0.0,0.0,0.0,0.0,0.0,0.0,0.0,301,nan,nan,0,T_JUNCTION,51,1,1,0
20.955772638320923,0.0,0.0,0.0,0.0,0.0,0.0,0.0,301,nan,nan,0,T_JUNCTION,51,1,1,0
20.97577714920044,0.0,0.0,0.0,0.0,0.0,0.0,0.0,301,nan,nan,0,T_JUNCTION,51,1,1,0
20.99576997756958,0.0,0.0,0.0,0.0,0.0,0.0,0.0,301,nan,nan,0,T_JUNCTION,51,1,1,0
21.015753269195557,0.0,0.0,0.0,0.0,0.0,0.0,0.0,301,nan,nan,0,T_JUNCTION,51,1,1,0
21.03582215309143,0.0,0.0,0.0,0.0,0.0,0.0,0.0,301,nan,nan,0,T_JUNCTION,51,1,1,0
21.05578351020813,0.0,0.0,0.0,0.0,0.0,0.0,0.0,301,nan,nan,0,T_JUNCTION,51,1,1,0
21.075775861740112,0.0,0.0,0.0,0.0,0.0,0.0,0.0,301,nan,nan,0,T_JUNCTION,51,1,1,0
21.09576392173767,0.0,0.0,0.0,0.0,0.0,0.0,0.0,301,nan,nan,0,T_JUNCTION,51,1,1,0
21.115785837173462,0.0,0.0,0.0,0.0,0.0,0.0,0.0,301,nan,nan,0,T_JUNCTION,51,1,1,0
21.135802745819092,0.0,0.0,0.0,0.0,0.0,0.0,0.0,301,nan,nan,0,T_JUNCTION,51,1,1,0
21.155767917633057,0.0,0.0,0.0,0.0,0.0,0.0,0.0,301,nan,nan,0,T_JUNCTION,51,1,1,0
21.17577862739563,0.0,0.0,0.0,0.0,0.0,0.0,0.0,301,nan,nan,0,T_JUNCTION,51,1,1,0
21.19577193260193,0.0,0.0,0.0,0.0,0.0,0.0,0.0,301,nan,nan,0,T_JUNCTION,51,1,1,0
21.21579933166504,0.0,0.0,0.0,0.0,0.0,0.0,0.0,301,nan,nan,0,T_JUNCTION,51,1,1,0
21.23581314086914,0.0,0.0,0.0,0.0,0.0,0.0,0.0,301,nan,nan,0,T_JUNCTION,51,1,1,0
21.255785703659058,0.0,0.0,0.0,0.0,0.0,0.0,0.0,301,nan,nan,0,T_JUNCTION,51,1,1,0
21.27579379081726,0.0,0.0,0.0,0.0,0.0,0.0,0.0,301,nan,nan,0,T_JUNCTION,51,1,1,0
21.295807600021362,0.0,0.0,0.0,0.0,0.0,0.0,0.0,301,nan,nan,0,T_JUNCTION,51,1,1,0
21.315776348114014,0.0,0.0,0.0,0.0,0.0,0.0,0.0,301,nan,nan,0,T_JUNCTION,51,1,1,0
21.33579969406128,0.0,0.0,0.0,0.0,0.0,0.0,0.0,301,nan,nan,0,T_JUNCTION,51,1,1,0
21.35577940940857,0.0,0.0,0.0,0.0,0.0,0.0,0.0,301,nan,nan,0,T_JUNCTION,51,1,1,0
21.37576723098755,0.0,0.0,0.0,0.0,0.0,0.0,0.0,301,nan,nan,0,T_JUNCTION,51,1,1,0
21.395761489868164,0.0,0.0,0.0,0.0,0.0,0.0,0.0,301,nan,nan,0,T_JUNCTION,51,1,1,0
21.415761947631836,0.0,0.0,0.0,0.0,0.0,0.0,0.0,301,nan,nan,0,T_JUNCTION,51,1,1,0
21.435799837112427,0.0,0.0,0.0,0.0,0.0,0.0,0.0,301,nan,nan,0,T_JUNCTION,51,1,1,0
21.45579218864441,0.0,0.0,0.0,0.0,0.0,0.0,0.0,301,nan,nan,0,T_JUNCTION,51,1,1,0
21.47580862045288,0.0,0.0,0.0,0.0,0.0,0.0,0.0,301,nan,nan,0,T_JUNCTION,51,1,1,0
21.4957857131958,0.0,0.0,0.0,0.0,0.0,0.0,0.0,301,nan,nan,0,T_JUNCTION,51,1,1,0
21.515756130218506,0.0,0.0,0.0,0.0,0.0,0.0,0.0,301,nan,nan,0,T_JUNCTION,51,1,1,0
21.535802841186523,0.0,0.0,0.0,0.0,0.0,0.0,0.0,301,nan,nan,0,T_JUNCTION,51,1,1,0
21.55577826499939,0.0,0.0,0.0,0.0,0.0,0.0,0.0,301,nan,nan,0,T_JUNCTION,51,1,1,0
21.5757737159729,0.0,0.0,0.0,0.0,0.0,0.0,0.0,301,nan,nan,0,T_JUNCTION,51,1,1,0
21.59576392173767,0.0,0.0,0.0,0.0,0.0,0.0,0.0,301,nan,nan,0,T_JUNCTION,51,1,1,0
21.615771532058716,0.0,0.0,0.0,0.0,0.0,0.0,0.0,301,nan,nan,0,T_JUNCTION,51,1,1,0
21.635787963867188,0.0,0.0,0.0,0.0,0.0,0.0,0.0,301,nan,nan,0,T_JUNCTION,51,1,1,0
21.655818939208984,0.0,0.0,0.0,0.0,0.0,0.0,0.0,301,nan,nan,0,T_JUNCTION,51,1,1,0
21.67577815055847,0.0,0.0,0.0,0.0,0.0,0.0,0.0,301,nan,nan,0,T_JUNCTION,51,1,1,0
21.695772409439087,0.0,0.0,0.0,0.0,0.0,0.0,0.0,301,nan,nan,0,T_JUNCTION,51,1,1,0
21.715760707855225,0.0,0.0,0.0,0.0,0.0,0.0,0.0,301,nan,nan,0,T_JUNCTION,51,1,1,0
21.735788822174072,0.0,0.0,0.0,0.0,0.0,0.0,0.0,301,nan,nan,0,T_JUNCTION,51,1,1,0
21.755758047103882,0.0,0.0,0.0,0.0,0.0,0.0,0.0,301,nan,nan,0,T_JUNCTION,51,1,1,0
21.775760650634766,0.0,0.0,0.0,0.0,0.0,0.0,0.0,301,nan,nan,0,T_JUNCTION,51,1,1,0
21.795757293701172,0.0,0.0,0.0,0.0,0.0,0.0,0.0,301,nan,nan,0,T_JUNCTION,51,1,1,0
21.81576919555664,0.0,0.0,0.0,0.0,0.0,0.0,0.0,301,nan,nan,0,T_JUNCTION,51,1,1,0
21.83578395843506,0.0,0.0,0.0,0.0,0.0,0.0,0.0,301,nan,nan,0,T_JUNCTION,51,1,1,0
21.855769157409668,0.0,0.0,0.0,0.0,0.0,0.0,0.0,301,nan,nan,0,T_JUNCTION,51,1,1,0
21.875771045684814,0.0,0.0,0.0,0.0,0.0,0.0,0.0,301,nan,nan,0,T_JUNCTION,51,1,1,0
21.895766973495483,0.0,0.0,0.0,0.0,0.0,0.0,0.0,301,nan,nan,0,T_JUNCTION,51,1,1,0
21.915781021118164,0.0,0.0,0.0,0.0,0.0,0.0,0.0,301,nan,nan,0,T_JUNCTION,51,1,1,0
21.935797214508057,0.0,0.0,0.0,0.0,0.0,0.0,0.0,301,nan,nan,0,T_JUNCTION,51,1,1,0
21.95577883720398,0.0,0.0,0.0,0.0,0.0,0.0,0.0,301,nan,nan,0,T_JUNCTION,51,1,1,0
21.975762844085693,0.0,0.0,0.0,0.0,0.0,0.0,0.0,301,nan,nan,0,T_JUNCTION,51,1,1,0
21.995770931243896,0.0,0.0,0.0,0.0,0.0,0.0,0.0,301,nan,nan,0,T_JUNCTION,51,1,1,0
22.015761137008667,0.0,0.0,0.0,0.0,0.0,0.0,0.0,301,nan,nan,0,T_JUNCTION,51,1,1,0
22.03579878807068,0.0,0.0,0.0,0.0,0.0,0.0,0.0,301,nan,nan,0,T_JUNCTION,51,1,1,0
22.055792808532715,0.0,0.0,0.0,0.0,0.0,0.0,0.0,301,nan,nan,0,T_JUNCTION,51,1,1,0
22.075767517089844,0.0,0.0,0.0,0.0,0.0,0.0,0.0,301,nan,nan,0,T_JUNCTION,51,1,1,0
22.09576940536499,0.0,0.0,0.0,0.0,0.0,0.0,0.0,301,nan,nan,0,T_JUNCTION,51,1,1,0
22.115766286849976,0.0,0.0,0.0,0.0,0.0,0.0,0.0,301,nan,nan,0,T_JUNCTION,51,1,1,0
22.13581109046936,0.0,0.0,0.0,0.0,0.0,0.0,0.0,301,nan,nan,0,T_JUNCTION,51,1,1,0
22.155778884887695,0.0,0.0,0.0,0.0,0.0,0.0,0.0,301,nan,nan,0,T_JUNCTION,51,1,1,0
22.175774574279785,0.0,0.0,0.0,0.0,0.0,0.0,0.0,301,nan,nan,0,T_JUNCTION,51,1,1,0
22.195772409439087,0.0,0.0,0.0,0.0,0.0,0.0,0.0,301,nan,nan,0,T_JUNCTION,51,1,1,0
22.215771198272705,0.0,0.0,0.0,0.0,0.0,0.0,0.0,301,nan,nan,0,T_JUNCTION,51,1,1,0
22.2357816696167,0.0,0.0,0.0,0.0,0.0,0.0,0.0,301,nan,nan,0,T_JUNCTION,51,1,1,0
22.255778551101685,0.0,0.0,0.0,0.0,0.0,0.0,0.0,301,nan,nan,0,T_JUNCTION,51,1,1,0
22.27576756477356,0.0,0.0,0.0,0.0,0.0,0.0,0.0,301,nan,nan,0,T_JUNCTION,51,1,1,0
22.295778274536133,0.0,0.0,0.0,0.0,0.0,0.0,0.0,301,nan,nan,0,T_JUNCTION,51,1,1,0
22.315755128860474,0.0,0.0,0.0,0.0,0.0,0.0,0.0,301,nan,nan,0,T_JUNCTION,51,1,1,0
22.335784912109375,0.0,0.0,0.0,0.0,0.0,0.0,0.0,301,nan,nan,0,T_JUNCTION,51,1,1,0
22.355790615081787,0.0,0.0,0.0,0.0,0.0,0.0,0.0,301,nan,nan,0,T_JUNCTION,51,1,1,0
22.375771522521973,0.0,0.0,0.0,0.0,0.0,0.0,0.0,301,nan,nan,0,T_JUNCTION,51,1,1,0
22.39576506614685,0.0,0.0,0.0,0.0,0.0,0.0,0.0,301,nan,nan,0,T_JUNCTION,51,1,1,0
22.415761947631836,0.0,0.0,0.0,0.0,0.0,0.0,0.0,301,nan,nan,0,T_JUNCTION,51,1,1,0
22.435781002044678,0.0,0.0,0.0,0.0,0.0,0.0,0.0,301,nan,nan,0,T_JUNCTION,51,1,1,0
22.455793619155884,0.0,0.0,0.0,0.0,0.0,0.0,0.0,301,nan,nan,0,T_JUNCTION,51,1,1,0
22.47576642036438,0.0,0.0,0.0,0.0,0.0,0.0,0.0,301,nan,nan,0,T_JUNCTION,51,1,1,0
22.49576759338379,0.0,0.0,0.0,0.0,0.0,0.0,0.0,301,nan,nan,0,T_JUNCTION,51,1,1,0
22.51577401161194,0.0,0.0,0.0,0.0,0.0,0.0,0.0,301,nan,nan,0,T_JUNCTION,51,1,1,0
22.535863876342773,0.0,0.0,0.0,0.0,0.0,0.0,0.0,301,nan,nan,0,T_JUNCTION,51,1,1,0
22.555786848068237,0.0,0.0,0.0,0.0,0.0,0.0,0.0,301,nan,nan,0,T_JUNCTION,51,1,1,0
22.575786113739014,0.0,0.0,0.0,0.0,0.0,0.0,0.0,301,nan,nan,0,T_JUNCTION,51,1,1,0
22.595772743225098,0.0,0.0,0.0,0.0,0.0,0.0,0.0,301,nan,nan,0,T_JUNCTION,51,1,1,0
22.615755796432495,0.0,0.0,0.0,0.0,0.0,0.0,0.0,301,nan,nan,0,T_JUNCTION,51,1,1,0
22.63577890396118,0.0,0.0,0.0,0.0,0.0,0.0,0.0,301,nan,nan,0,T_JUNCTION,51,1,1,0
22.655830144882202,0.0,0.0,0.0,0.0,0.0,0.0,0.0,301,nan,nan,0,T_JUNCTION,51,1,1,0
22.675793170928955,0.0,0.0,0.0,0.0,0.0,0.0,0.0,301,nan,nan,0,T_JUNCTION,51,1,1,0
22.695767164230347,0.0,0.0,0.0,0.0,0.0,0.0,0.0,301,nan,nan,0,T_JUNCTION,51,1,1,0
22.715768814086914,0.0,0.0,0.0,0.0,0.0,0.0,0.0,301,nan,nan,0,T_JUNCTION,51,1,1,0
22.735783100128174,0.0,0.0,0.0,0.0,0.0,0.0,0.0,301,nan,nan,0,T_JUNCTION,51,1,1,0
22.75580596923828,0.0,0.0,0.0,0.0,0.0,0.0,0.0,301,nan,nan,0,T_JUNCTION,51,1,1,0
22.77575182914734,0.0,0.0,0.0,0.0,0.0,0.0,0.0,301,nan,nan,0,T_JUNCTION,51,1,1,0
22.795771837234497,0.0,0.0,0.0,0.0,0.0,0.0,0.0,301,nan,nan,0,T_JUNCTION,51,1,1,0
22.815794706344604,0.0,0.0,0.0,0.0,0.0,0.0,0.0,301,nan,nan,0,T_JUNCTION,51,1,1,0
22.835798501968384,0.0,0.0,0.0,0.0,0.0,0.0,0.0,301,nan,nan,0,T_JUNCTION,51,1,1,0
22.855782747268677,0.0,0.0,0.0,0.0,0.0,0.0,0.0,301,nan,nan,0,T_JUNCTION,51,1,1,0
22.875761032104492,0.0,0.0,0.0,0.0,0.0,0.0,0.0,301,nan,nan,0,T_JUNCTION,51,1,1,0
22.895771265029907,0.0,0.0,0.0,0.0,0.0,0.0,0.0,301,nan,nan,0,T_JUNCTION,51,1,1,0
22.915764331817627,0.0,0.0,0.0,0.0,0.0,0.0,0.0,301,nan,nan,0,T_JUNCTION,51,1,1,0
22.935776233673096,0.0,0.0,0.0,0.0,0.0,0.0,0.0,301,nan,nan,0,T_JUNCTION,51,1,1,0
22.955772876739502,0.0,0.0,0.0,0.0,0.0,0.0,0.0,301,nan,nan,0,T_JUNCTION,51,1,1,0
22.975790977478027,0.0,0.0,0.0,0.0,0.0,0.0,0.0,301,nan,nan,0,T_JUNCTION,51,1,1,0
22.99576210975647,0.0,0.0,0.0,0.0,0.0,0.0,0.0,301,nan,nan,0,T_JUNCTION,51,1,1,0
23.015760898590088,0.0,0.0,0.0,0.0,0.0,0.0,0.0,301,nan,nan,0,T_JUNCTION,51,1,1,0
23.035783529281616,0.0,0.0,0.0,0.0,0.0,0.0,0.0,301,nan,nan,0,T_JUNCTION,51,1,1,0
23.055784940719604,0.0,0.0,0.0,0.0,0.0,0.0,0.0,301,nan,nan,0,T_JUNCTION,51,1,1,0
23.075763463974,0.0,0.0,0.0,0.0,0.0,0.0,0.0,301,nan,nan,0,T_JUNCTION,51,1,1,0
23.095770359039307,0.0,0.0,0.0,0.0,0.0,0.0,0.0,301,nan,nan,0,T_JUNCTION,51,1,1,0
23.115771293640137,0.0,0.0,0.0,0.0,0.0,0.0,0.0,301,nan,nan,0,T_JUNCTION,51,1,1,0
23.135785579681396,0.0,0.0,0.0,0.0,0.0,0.0,0.0,301,nan,nan,0,T_JUNCTION,51,1,1,0
23.155774354934692,0.0,0.0,0.0,0.0,0.0,0.0,0.0,301,nan,nan,0,T_JUNCTION,51,1,1,0
23.17576766014099,0.0,0.0,0.0,0.0,0.0,0.0,0.0,301,nan,nan,0,T_JUNCTION,51,1,1,0
23.19577431678772,0.0,0.0,0.0,0.0,0.0,0.0,0.0,301,nan,nan,0,T_JUNCTION,51,1,1,0
23.215760231018066,0.0,0.0,0.0,0.0,0.0,0.0,0.0,301,nan,nan,0,T_JUNCTION,51,1,1,0
23.23578906059265,0.0,0.0,0.0,0.0,0.0,0.0,0.0,301,nan,nan,0,T_JUNCTION,51,1,1,0
23.255785942077637,0.0,0.0,0.0,0.0,0.0,0.0,0.0,301,nan,nan,0,T_JUNCTION,51,1,1,0
23.275750875473022,0.0,0.0,0.0,0.0,0.0,0.0,0.0,301,nan,nan,0,T_JUNCTION,51,1,1,0
23.295767784118652,0.0,0.0,0.0,0.0,0.0,0.0,0.0,301,nan,nan,0,T_JUNCTION,51,1,1,0
23.315762042999268,0.0,0.0,0.0,0.0,0.0,0.0,0.0,301,nan,nan,0,T_JUNCTION,51,1,1,0
23.335785150527954,0.0,0.0,0.0,0.0,0.0,0.0,0.0,301,nan,nan,0,T_JUNCTION,51,1,1,0
23.355778455734253,0.0,0.0,0.0,0.0,0.0,0.0,0.0,301,nan,nan,0,T_JUNCTION,51,1,1,0
23.37577509880066,0.0,0.0,0.0,0.0,0.0,0.0,0.0,301,nan,nan,0,T_JUNCTION,51,1,1,0
23.395769596099854,0.0,0.0,0.0,0.0,0.0,0.0,0.0,301,nan,nan,0,T_JUNCTION,51,1,1,0
23.415765285491943,0.0,0.0,0.0,0.0,0.0,0.0,0.0,301,nan,nan,0,T_JUNCTION,51,1,1,0
23.4357852935791,0.0,0.0,0.0,0.0,0.0,0.0,0.0,301,nan,nan,0,T_JUNCTION,51,1,1,0
23.45578908920288,0.0,0.0,0.0,0.0,0.0,0.0,0.0,301,nan,nan,0,T_JUNCTION,51,1,1,0
23.475769996643066,0.0,0.0,0.0,0.0,0.0,0.0,0.0,301,nan,nan,0,T_JUNCTION,51,1,1,0
23.495763301849365,0.0,0.0,0.0,0.0,0.0,0.0,0.0,301,nan,nan,0,T_JUNCTION,51,1,1,0
23.515763759613037,0.0,0.0,0.0,0.0,0.0,0.0,0.0,301,nan,nan,0,T_JUNCTION,51,1,1,0
23.5357928276062,0.0,0.0,0.0,0.0,0.0,0.0,0.0,301,nan,nan,0,T_JUNCTION,51,1,1,0
23.5557861328125,0.0,0.0,0.0,0.0,0.0,0.0,0.0,301,nan,nan,0,T_JUNCTION,51,1,1,0
23.575771808624268,0.0,0.0,0.0,0.0,0.0,0.0,0.0,301,nan,nan,0,T_JUNCTION,51,1,1,0
23.595763444900513,0.0,0.0,0.0,0.0,0.0,0.0,0.0,301,nan,nan,0,T_JUNCTION,51,1,1,0
23.615763664245605,0.0,0.0,0.0,0.0,0.0,0.0,0.0,301,nan,nan,0,T_JUNCTION,51,1,1,0
23.635801553726196,0.0,0.0,0.0,0.0,0.0,0.0,0.0,301,nan,nan,0,T_JUNCTION,51,1,1,0
23.655781030654907,0.0,0.0,0.0,0.0,0.0,0.0,0.0,301,nan,nan,0,T_JUNCTION,51,1,1,0
23.675764799118042,0.0,0.0,0.0,0.0,0.0,0.0,0.0,301,nan,nan,0,T_JUNCTION,51,1,1,0
23.695764303207397,0.0,0.0,0.0,0.0,0.0,0.0,0.0,301,nan,nan,0,T_JUNCTION,51,1,1,0
23.715760946273804,0.0,0.0,0.0,0.0,0.0,0.0,0.0,301,nan,nan,0,T_JUNCTION,51,1,1,0
23.735783576965332,0.0,0.0,0.0,0.0,0.0,0.0,0.0,301,nan,nan,0,T_JUNCTION,51,1,1,0
23.755777835845947,0.0,0.0,0.0,0.0,0.0,0.0,0.0,301,nan,nan,0,T_JUNCTION,51,1,1,0
23.77576494216919,0.0,0.0,0.0,0.0,0.0,0.0,0.0,301,nan,nan,0,T_JUNCTION,51,1,1,0
23.79576301574707,0.0,0.0,0.0,0.0,0.0,0.0,0.0,301,nan,nan,0,T_JUNCTION,51,1,1,0
23.81577229499817,0.0,0.0,0.0,0.0,0.0,0.0,0.0,301,nan,nan,0,T_JUNCTION,51,1,1,0
23.835804224014282,0.0,0.0,0.0,0.0,0.0,0.0,0.0,301,nan,nan,0,T_JUNCTION,51,1,1,0
23.855772018432617,0.0,0.0,0.0,0.0,0.0,0.0,0.0,301,nan,nan,0,T_JUNCTION,51,1,1,0
23.875776767730713,0.0,0.0,0.0,0.0,0.0,0.0,0.0,301,nan,nan,0,T_JUNCTION,51,1,1,0
23.895772218704224,0.0,0.0,0.0,0.0,0.0,0.0,0.0,301,nan,nan,0,T_JUNCTION,51,1,1,0
23.91578197479248,0.0,0.0,0.0,0.0,0.0,0.0,0.0,301,nan,nan,0,T_JUNCTION,51,1,1,0
23.935796976089478,0.0,0.0,0.0,0.0,0.0,0.0,0.0,301,nan,nan,0,T_JUNCTION,51,1,1,0
23.95577621459961,0.0,0.0,0.0,0.0,0.0,0.0,0.0,301,nan,nan,0,T_JUNCTION,51,1,1,0
23.975764751434326,0.0,0.0,0.0,0.0,0.0,0.0,0.0,301,nan,nan,0,T_JUNCTION,51,1,1,0
23.99577021598816,0.0,0.0,0.0,0.0,0.0,0.0,0.0,301,nan,nan,0,T_JUNCTION,51,1,1,0
24.015753984451294,0.0,0.0,0.0,0.0,0.0,0.0,0.0,301,nan,nan,0,T_JUNCTION,51,1,1,0
24.03579354286194,0.0,0.0,0.0,0.0,0.0,0.0,0.0,301,nan,nan,0,T_JUNCTION,51,1,1,0
24.055779218673706,0.0,0.0,0.0,0.0,0.0,0.0,0.0,301,nan,nan,0,T_JUNCTION,51,1,1,0
24.07575750350952,0.0,0.0,0.0,0.0,0.0,0.0,0.0,301,nan,nan,0,T_JUNCTION,51,1,1,0
24.09575629234314,0.0,0.0,0.0,0.0,0.0,0.0,0.0,301,nan,nan,0,T_JUNCTION,51,1,1,0
24.1157169342041,0.0,0.0,0.0,0.0,0.0,0.0,0.0,301,nan,nan,0,T_JUNCTION,51,1,1,0
24.135812282562256,0.0,0.0,0.0,0.0,0.0,0.0,0.0,301,nan,nan,0,T_JUNCTION,51,1,1,0
24.155781269073486,0.0,0.0,0.0,0.0,0.0,0.0,0.0,301,nan,nan,0,T_JUNCTION,51,1,1,0
24.175764083862305,0.0,0.0,0.0,0.0,0.0,0.0,0.0,301,nan,nan,0,T_JUNCTION,51,1,1,0
24.19577717781067,0.0,0.0,0.0,0.0,0.0,0.0,0.0,301,nan,nan,0,T_JUNCTION,51,1,1,0
24.215765237808228,0.0,0.0,0.0,0.0,0.0,0.0,0.0,301,nan,nan,0,T_JUNCTION,51,1,1,0
24.235780954360962,0.0,0.0,0.0,0.0,0.0,0.0,0.0,301,nan,nan,0,T_JUNCTION,51,1,1,0
24.255788803100586,0.0,0.0,0.0,0.0,0.0,0.0,0.0,301,nan,nan,0,T_JUNCTION,51,1,1,0
24.275755882263184,0.0,0.0,0.0,0.0,0.0,0.0,0.0,301,nan,nan,0,T_JUNCTION,51,1,1,0
24.29582142829895,0.0,0.0,0.0,0.0,0.0,0.0,0.0,301,nan,nan,0,T_JUNCTION,51,1,1,0
24.315757274627686,0.0,0.0,0.0,0.0,0.0,0.0,0.0,301,nan,nan,0,T_JUNCTION,51,1,1,0
24.335776567459106,0.0,0.0,0.0,0.0,0.0,0.0,0.0,301,nan,nan,0,T_JUNCTION,51,1,1,0
24.355769157409668,0.0,0.0,0.0,0.0,0.0,0.0,0.0,301,nan,nan,0,T_JUNCTION,51,1,1,0
24.37577176094055,0.0,0.0,0.0,0.0,0.0,0.0,0.0,301,nan,nan,0,T_JUNCTION,51,1,1,0
24.395766496658325,0.0,0.0,0.0,0.0,0.0,0.0,0.0,301,nan,nan,0,T_JUNCTION,51,1,1,0
24.415762901306152,0.0,0.0,0.0,0.0,0.0,0.0,0.0,301,nan,nan,0,T_JUNCTION,51,1,1,0
24.435786485671997,0.0,0.0,0.0,0.0,0.0,0.0,0.0,301,nan,nan,0,T_JUNCTION,51,1,1,0
24.455789804458618,0.0,0.0,0.0,0.0,0.0,0.0,0.0,301,nan,nan,0,T_JUNCTION,51,1,1,0
24.475804090499878,0.0,0.0,0.0,0.0,0.0,0.0,0.0,301,nan,nan,0,T_JUNCTION,51,1,1,0
24.495758533477783,0.0,0.0,0.0,0.0,0.0,0.0,0.0,301,nan,nan,0,T_JUNCTION,51,1,1,0
24.515754461288452,0.0,0.0,0.0,0.0,0.0,0.0,0.0,301,nan,nan,0,T_JUNCTION,51,1,1,0
24.53580355644226,0.0,0.0,0.0,0.0,0.0,0.0,0.0,301,nan,nan,0,T_JUNCTION,51,1,1,0
24.555771589279175,0.0,0.0,0.0,0.0,0.0,0.0,0.0,301,nan,nan,0,T_JUNCTION,51,1,1,0
24.57577109336853,0.0,0.0,0.0,0.0,0.0,0.0,0.0,301,nan,nan,0,T_JUNCTION,51,1,1,0
24.595780849456787,0.0,0.0,0.0,0.0,0.0,0.0,0.0,301,nan,nan,0,T_JUNCTION,51,1,1,0
24.615763425827026,0.0,0.0,0.0,0.0,0.0,0.0,0.0,301,nan,nan,0,T_JUNCTION,51,1,1,0
24.635784149169922,0.0,0.0,0.0,0.0,0.0,0.0,0.0,301,nan,nan,0,T_JUNCTION,51,1,1,0
24.655824899673462,0.0,0.0,0.0,0.0,0.0,0.0,0.0,301,nan,nan,0,T_JUNCTION,51,1,1,0
24.675782442092896,0.0,0.0,0.0,0.0,0.0,0.0,0.0,301,nan,nan,0,T_JUNCTION,51,1,1,0
24.695770263671875,0.0,0.0,0.0,0.0,0.0,0.0,0.0,301,nan,nan,0,T_JUNCTION,51,1,1,0
24.71575689315796,0.0,0.0,0.0,0.0,0.0,0.0,0.0,301,nan,nan,0,T_JUNCTION,51,1,1,0
24.73578405380249,0.0,0.0,0.0,0.0,0.0,0.0,0.0,301,nan,nan,0,T_JUNCTION,51,1,1,0
24.755770921707153,0.0,0.0,0.0,0.0,0.0,0.0,0.0,301,nan,nan,0,T_JUNCTION,51,1,1,0
24.77576971054077,0.0,0.0,0.0,0.0,0.0,0.0,0.0,301,nan,nan,0,T_JUNCTION,51,1,1,0
24.795775651931763,0.0,0.0,0.0,0.0,0.0,0.0,0.0,301,nan,nan,0,T_JUNCTION,51,1,1,0
24.8157742023468,0.0,0.0,0.0,0.0,0.0,0.0,0.0,301,nan,nan,0,T_JUNCTION,51,1,1,0
24.835800409317017,0.0,0.0,0.0,0.0,0.0,0.0,0.0,301,nan,nan,0,T_JUNCTION,51,1,1,0
24.855777740478516,0.0,0.0,0.0,0.0,0.0,0.0,0.0,301,nan,nan,0,T_JUNCTION,51,1,1,0
24.87579107284546,0.0,0.0,0.0,0.0,0.0,0.0,0.0,301,nan,nan,0,T_JUNCTION,51,1,1,0
24.89576530456543,0.0,0.0,0.0,0.0,0.0,0.0,0.0,301,nan,nan,0,T_JUNCTION,51,1,1,0
24.915764331817627,0.0,0.0,0.0,0.0,0.0,0.0,0.0,301,nan,nan,0,T_JUNCTION,51,1,1,0
24.935795068740845,0.0,0.0,0.0,0.0,0.0,0.0,0.0,301,nan,nan,0,T_JUNCTION,51,1,1,0
24.95576786994934,0.0,0.0,0.0,0.0,0.0,0.0,0.0,301,nan,nan,0,T_JUNCTION,51,1,1,0
24.975773572921753,0.0,0.0,0.0,0.0,0.0,0.0,0.0,301,nan,nan,0,T_JUNCTION,51,1,1,0
24.995774030685425,0.0,0.0,0.0,0.0,0.0,0.0,0.0,301,nan,nan,0,T_JUNCTION,51,1,1,0
25.0157630443573,0.0,0.0,0.0,0.0,0.0,0.0,0.0,301,nan,nan,0,T_JUNCTION,51,1,1,0
25.035804748535156,0.0,0.0,0.0,0.0,0.0,0.0,0.0,301,nan,nan,0,T_JUNCTION,51,1,1,0
25.055798292160034,0.0,0.0,0.0,0.0,0.0,0.0,0.0,301,nan,nan,0,T_JUNCTION,51,1,1,0
25.07576036453247,0.0,0.0,0.0,0.0,0.0,0.0,0.0,301,nan,nan,0,T_JUNCTION,51,1,1,0
25.095762729644775,0.0,0.0,0.0,0.0,0.0,0.0,0.0,301,nan,nan,0,T_JUNCTION,51,1,1,0
25.11576533317566,0.0,0.0,0.0,0.0,0.0,0.0,0.0,301,nan,nan,0,T_JUNCTION,51,1,1,0
25.135809421539307,0.0,0.0,0.0,0.0,0.0,0.0,0.0,301,nan,nan,0,T_JUNCTION,51,1,1,0
25.15577530860901,0.0,0.0,0.0,0.0,0.0,0.0,0.0,301,nan,nan,0,T_JUNCTION,51,1,1,0
25.175766944885254,0.0,0.0,0.0,0.0,0.0,0.0,0.0,301,nan,nan,0,T_JUNCTION,51,1,1,0
25.19576382637024,0.0,0.0,0.0,0.0,0.0,0.0,0.0,301,nan,nan,0,T_JUNCTION,51,1,1,0
25.215765476226807,0.0,0.0,0.0,0.0,0.0,0.0,0.0,301,nan,nan,0,T_JUNCTION,51,1,1,0
25.235807418823242,0.0,0.0,0.0,0.0,0.0,0.0,0.0,301,nan,nan,0,T_JUNCTION,51,1,1,0
25.25577712059021,0.0,0.0,0.0,0.0,0.0,0.0,0.0,301,nan,nan,0,T_JUNCTION,51,1,1,0
25.27578115463257,0.0,0.0,0.0,0.0,0.0,0.0,0.0,301,nan,nan,0,T_JUNCTION,51,1,1,0
25.295771837234497,0.0,0.0,0.0,0.0,0.0,0.0,0.0,301,nan,nan,0,T_JUNCTION,51,1,1,0
25.315768003463745,0.0,0.0,0.0,0.0,0.0,0.0,0.0,301,nan,nan,0,T_JUNCTION,51,1,1,0
25.335795164108276,0.0,0.0,0.0,0.0,0.0,0.0,0.0,301,nan,nan,0,T_JUNCTION,51,1,1,0
25.355775117874146,0.0,0.0,0.0,0.0,0.0,0.0,0.0,301,nan,nan,0,T_JUNCTION,51,1,1,0
25.375789642333984,0.0,0.0,0.0,0.0,0.0,0.0,0.0,301,nan,nan,0,T_JUNCTION,51,1,1,0
25.39577603340149,0.0,0.0,0.0,0.0,0.0,0.0,0.0,301,nan,nan,0,T_JUNCTION,51,1,1,0
25.415767431259155,0.0,0.0,0.0,0.0,0.0,0.0,0.0,301,nan,nan,0,T_JUNCTION,51,1,1,0
25.435805082321167,0.0,0.0,0.0,0.0,0.0,0.0,0.0,301,nan,nan,0,T_JUNCTION,51,1,1,0
25.455774784088135,0.0,0.0,0.0,0.0,0.0,0.0,0.0,301,nan,nan,0,T_JUNCTION,51,1,1,0
25.475760459899902,0.0,0.0,0.0,0.0,0.0,0.0,0.0,301,nan,nan,0,T_JUNCTION,51,1,1,0
25.495763301849365,0.0,0.0,0.0,0.0,0.0,0.0,0.0,301,nan,nan,0,T_JUNCTION,51,1,1,0
25.515763998031616,0.0,0.0,0.0,0.0,0.0,0.0,0.0,301,nan,nan,0,T_JUNCTION,51,1,1,0
25.53585386276245,0.0,0.0,0.0,0.0,0.0,0.0,0.0,301,nan,nan,0,T_JUNCTION,51,1,1,0
25.55577254295349,0.0,0.0,0.0,0.0,0.0,0.0,0.0,301,nan,nan,0,T_JUNCTION,51,1,1,0
25.575767278671265,0.0,0.0,0.0,0.0,0.0,0.0,0.0,301,nan,nan,0,T_JUNCTION,51,1,1,0
25.595763444900513,0.0,0.0,0.0,0.0,0.0,0.0,0.0,301,nan,nan,0,T_JUNCTION,51,1,1,0
25.615763902664185,0.0,0.0,0.0,0.0,0.0,0.0,0.0,301,nan,nan,0,T_JUNCTION,51,1,1,0
25.63579034805298,0.0,0.0,0.0,0.0,0.0,0.0,0.0,301,nan,nan,0,T_JUNCTION,51,1,1,0
25.655824661254883,0.0,0.0,0.0,0.0,0.0,0.0,0.0,301,nan,nan,0,T_JUNCTION,51,1,1,0
25.675755262374878,0.0,0.0,0.0,0.0,0.0,0.0,0.0,301,nan,nan,0,T_JUNCTION,51,1,1,0
25.695764541625977,0.0,0.0,0.0,0.0,0.0,0.0,0.0,301,nan,nan,0,T_JUNCTION,51,1,1,0
25.715765714645386,0.0,0.0,0.0,0.0,0.0,0.0,0.0,301,nan,nan,0,T_JUNCTION,51,1,1,0
25.735807418823242,0.0,0.0,0.0,0.0,0.0,0.0,0.0,301,nan,nan,0,T_JUNCTION,51,1,1,0
25.755813598632812,0.0,0.0,0.0,0.0,0.0,0.0,0.0,301,nan,nan,0,T_JUNCTION,51,1,1,0
25.775774717330933,0.0,0.0,0.0,0.0,0.0,0.0,0.0,301,nan,nan,0,T_JUNCTION,51,1,1,0
25.79577374458313,0.0,0.0,0.0,0.0,0.0,0.0,0.0,301,nan,nan,0,T_JUNCTION,51,1,1,0
25.81576108932495,0.0,0.0,0.0,0.0,0.0,0.0,0.0,301,nan,nan,0,T_JUNCTION,51,1,1,0
25.835813283920288,0.0,0.0,0.0,0.0,0.0,0.0,0.0,301,nan,nan,0,T_JUNCTION,51,1,1,0
25.855778455734253,0.0,0.0,0.0,0.0,0.0,0.0,0.0,301,nan,nan,0,T_JUNCTION,51,1,1,0
25.875779628753662,0.0,0.0,0.0,0.0,0.0,0.0,0.0,301,nan,nan,0,T_JUNCTION,51,1,1,0
25.895769596099854,0.0,0.0,0.0,0.0,0.0,0.0,0.0,301,nan,nan,0,T_JUNCTION,51,1,1,0
25.915762424468994,0.0,0.0,0.0,0.0,0.0,0.0,0.0,301,nan,nan,0,T_JUNCTION,51,1,1,0
25.9357967376709,0.0,0.0,0.0,0.0,0.0,0.0,0.0,301,nan,nan,0,T_JUNCTION,51,1,1,0
25.955774784088135,0.0,0.0,0.0,0.0,0.0,0.0,0.0,301,nan,nan,0,T_JUNCTION,51,1,1,0
25.975767850875854,0.0,0.0,0.0,0.0,0.0,0.0,0.0,301,nan,nan,0,T_JUNCTION,51,1,1,0
25.995782375335693,0.0,0.0,0.0,0.0,0.0,0.0,0.0,301,nan,nan,0,T_JUNCTION,51,1,1,0
26.015757083892822,0.0,0.0,0.0,0.0,0.0,0.0,0.0,301,nan,nan,0,T_JUNCTION,51,1,1,0
26.03581404685974,0.0,0.0,0.0,0.0,0.0,0.0,0.0,301,nan,nan,0,T_JUNCTION,51,1,1,0
26.055792808532715,0.0,0.0,0.0,0.0,0.0,0.0,0.0,301,nan,nan,0,T_JUNCTION,51,1,1,0
26.075773000717163,0.0,0.0,0.0,0.0,0.0,0.0,0.0,301,nan,nan,0,T_JUNCTION,51,1,1,0
26.095771074295044,0.0,0.0,0.0,0.0,0.0,0.0,0.0,301,nan,nan,0,T_JUNCTION,51,1,1,0
26.115764379501343,0.0,0.0,0.0,0.0,0.0,0.0,0.0,301,nan,nan,0,T_JUNCTION,51,1,1,0
26.135787963867188,0.0,0.0,0.0,0.0,0.0,0.0,0.0,301,nan,nan,0,T_JUNCTION,51,1,1,0
26.155778646469116,0.0,0.0,0.0,0.0,0.0,0.0,0.0,301,nan,nan,0,T_JUNCTION,51,1,1,0
26.175767183303833,0.0,0.0,0.0,0.0,0.0,0.0,0.0,301,nan,nan,0,T_JUNCTION,51,1,1,0
26.195780038833618,0.0,0.0,0.0,0.0,0.0,0.0,0.0,301,nan,nan,0,T_JUNCTION,51,1,1,0
26.215761184692383,0.0,0.0,0.0,0.0,0.0,0.0,0.0,301,nan,nan,0,T_JUNCTION,51,1,1,0
26.235822439193726,0.0,0.0,0.0,0.0,0.0,0.0,0.0,301,nan,nan,0,T_JUNCTION,51,1,1,0
26.25577449798584,0.0,0.0,0.0,0.0,0.0,0.0,0.0,301,nan,nan,0,T_JUNCTION,51,1,1,0
26.275774240493774,0.0,0.0,0.0,0.0,0.0,0.0,0.0,301,nan,nan,0,T_JUNCTION,51,1,1,0
26.295762538909912,0.0,0.0,0.0,0.0,0.0,0.0,0.0,301,nan,nan,0,T_JUNCTION,51,1,1,0
26.315771341323853,0.0,0.0,0.0,0.0,0.0,0.0,0.0,301,nan,nan,0,T_JUNCTION,51,1,1,0
26.335810899734497,0.0,0.0,0.0,0.0,0.0,0.0,0.0,301,nan,nan,0,T_JUNCTION,51,1,1,0
26.35578441619873,0.0,0.0,0.0,0.0,0.0,0.0,0.0,301,nan,nan,0,T_JUNCTION,51,1,1,0
26.37578058242798,0.0,0.0,0.0,0.0,0.0,0.0,0.0,301,nan,nan,0,T_JUNCTION,51,1,1,0
26.395796298980713,0.0,0.0,0.0,0.0,0.0,0.0,0.0,301,nan,nan,0,T_JUNCTION,51,1,1,0
26.415769577026367,0.0,0.0,0.0,0.0,0.0,0.0,0.0,301,nan,nan,0,T_JUNCTION,51,1,1,0
26.435792446136475,0.0,0.0,0.0,0.0,0.0,0.0,0.0,301,nan,nan,0,T_JUNCTION,51,1,1,0
26.4557888507843,0.0,0.0,0.0,0.0,0.0,0.0,0.0,301,nan,nan,0,T_JUNCTION,51,1,1,0
26.475778341293335,0.0,0.0,0.0,0.0,0.0,0.0,0.0,301,nan,nan,0,T_JUNCTION,51,1,1,0
26.495771884918213,0.0,0.0,0.0,0.0,0.0,0.0,0.0,301,nan,nan,0,T_JUNCTION,51,1,1,0
26.51576280593872,0.0,0.0,0.0,0.0,0.0,0.0,0.0,301,nan,nan,0,T_JUNCTION,51,1,1,0
26.535789728164673,0.0,0.0,0.0,0.0,0.0,0.0,0.0,301,nan,nan,0,T_JUNCTION,51,1,1,0
26.55577254295349,0.0,0.0,0.0,0.0,0.0,0.0,0.0,301,nan,nan,0,T_JUNCTION,51,1,1,0
26.575775384902954,0.0,0.0,0.0,0.0,0.0,0.0,0.0,301,nan,nan,0,T_JUNCTION,51,1,1,0
26.595760345458984,0.0,0.0,0.0,0.0,0.0,0.0,0.0,301,nan,nan,0,T_JUNCTION,51,1,1,0
26.615762948989868,0.0,0.0,0.0,0.0,0.0,0.0,0.0,301,nan,nan,0,T_JUNCTION,51,1,1,0
26.635781288146973,0.0,0.0,0.0,0.0,0.0,0.0,0.0,301,nan,nan,0,T_JUNCTION,51,1,1,0
26.655779123306274,0.0,0.0,0.0,0.0,0.0,0.0,0.0,301,nan,nan,0,T_JUNCTION,51,1,1,0
26.675764560699463,0.0,0.0,0.0,0.0,0.0,0.0,0.0,301,nan,nan,0,T_JUNCTION,51,1,1,0
26.695772171020508,0.0,0.0,0.0,0.0,0.0,0.0,0.0,301,nan,nan,0,T_JUNCTION,51,1,1,0
26.71576452255249,0.0,0.0,0.0,0.0,0.0,0.0,0.0,301,nan,nan,0,T_JUNCTION,51,1,1,0
26.735811233520508,0.0,0.0,0.0,0.0,0.0,0.0,0.0,301,nan,nan,0,T_JUNCTION,51,1,1,0
26.755764961242676,0.0,0.0,0.0,0.0,0.0,0.0,0.0,301,nan,nan,0,T_JUNCTION,51,1,1,0
26.775760412216187,0.0,0.0,0.0,0.0,0.0,0.0,0.0,301,nan,nan,0,T_JUNCTION,51,1,1,0
26.795761823654175,0.0,0.0,0.0,0.0,0.0,0.0,0.0,301,nan,nan,0,T_JUNCTION,51,1,1,0
26.81578254699707,0.0,0.0,0.0,0.0,0.0,0.0,0.0,301,nan,nan,0,T_JUNCTION,51,1,1,0
26.835792064666748,0.0,0.0,0.0,0.0,0.0,0.0,0.0,301,nan,nan,0,T_JUNCTION,51,1,1,0
26.855779886245728,0.0,0.0,0.0,0.0,0.0,0.0,0.0,301,nan,nan,0,T_JUNCTION,51,1,1,0
26.875783681869507,0.0,0.0,0.0,0.0,0.0,0.0,0.0,301,nan,nan,0,T_JUNCTION,51,1,1,0
26.89578080177307,0.0,0.0,0.0,0.0,0.0,0.0,0.0,301,nan,nan,0,T_JUNCTION,51,1,1,0
26.915760040283203,0.0,0.0,0.0,0.0,0.0,0.0,0.0,301,nan,nan,0,T_JUNCTION,51,1,1,0
26.935799837112427,0.0,0.0,0.0,0.0,0.0,0.0,0.0,301,nan,nan,0,T_JUNCTION,51,1,1,0
26.95578694343567,0.0,0.0,0.0,0.0,0.0,0.0,0.0,301,nan,nan,0,T_JUNCTION,51,1,1,0
26.97576355934143,0.0,0.0,0.0,0.0,0.0,0.0,0.0,301,nan,nan,0,T_JUNCTION,51,1,1,0
26.99577569961548,0.0,0.0,0.0,0.0,0.0,0.0,0.0,301,nan,nan,0,T_JUNCTION,51,1,1,0
27.015763521194458,0.0,0.0,0.0,0.0,0.0,0.0,0.0,301,nan,nan,0,T_JUNCTION,51,1,1,0
27.035797834396362,0.0,0.0,0.0,0.0,0.0,0.0,0.0,301,nan,nan,0,T_JUNCTION,51,1,1,0
27.055787563323975,0.0,0.0,0.0,0.0,0.0,0.0,0.0,301,nan,nan,0,T_JUNCTION,51,1,1,0
27.075764179229736,0.0,0.0,0.0,0.0,0.0,0.0,0.0,301,nan,nan,0,T_JUNCTION,51,1,1,0
27.095789194107056,0.0,0.0,0.0,0.0,0.0,0.0,0.0,301,nan,nan,0,T_JUNCTION,51,1,1,0
27.11575698852539,0.0,0.0,0.0,0.0,0.0,0.0,0.0,301,nan,nan,0,T_JUNCTION,51,1,1,0
27.135820627212524,0.0,0.0,0.0,0.0,0.0,0.0,0.0,301,nan,nan,0,T_JUNCTION,51,1,1,0
27.155768632888794,0.0,0.0,0.0,0.0,0.0,0.0,0.0,301,nan,nan,0,T_JUNCTION,51,1,1,0
27.17576575279236,0.0,0.0,0.0,0.0,0.0,0.0,0.0,301,nan,nan,0,T_JUNCTION,51,1,1,0
27.195772886276245,0.0,0.0,0.0,0.0,0.0,0.0,0.0,301,nan,nan,0,T_JUNCTION,51,1,1,0
27.215770959854126,0.0,0.0,0.0,0.0,0.0,0.0,0.0,301,nan,nan,0,T_JUNCTION,51,1,1,0
27.23581051826477,0.0,0.0,0.0,0.0,0.0,0.0,0.0,301,nan,nan,0,T_JUNCTION,51,1,1,0
27.25579285621643,0.0,0.0,0.0,0.0,0.0,0.0,0.0,301,nan,nan,0,T_JUNCTION,51,1,1,0
27.275770664215088,0.0,0.0,0.0,0.0,0.0,0.0,0.0,301,nan,nan,0,T_JUNCTION,51,1,1,0
27.295828104019165,0.0,0.0,0.0,0.0,0.0,0.0,0.0,301,nan,nan,0,T_JUNCTION,51,1,1,0
27.3157696723938,0.0,0.0,0.0,0.0,0.0,0.0,0.0,301,nan,nan,0,T_JUNCTION,51,1,1,0
27.335772275924683,0.0,0.0,0.0,0.0,0.0,0.0,0.0,301,nan,nan,0,T_JUNCTION,51,1,1,0
27.355764627456665,0.0,0.0,0.0,0.0,0.0,0.0,0.0,301,nan,nan,0,T_JUNCTION,51,1,1,0
27.37579321861267,0.0,0.0,0.0,0.0,0.0,0.0,0.0,301,nan,nan,0,T_JUNCTION,51,1,1,0
27.395773887634277,0.0,0.0,0.0,0.0,0.0,0.0,0.0,301,nan,nan,0,T_JUNCTION,51,1,1,0
27.415772676467896,0.0,0.0,0.0,0.0,0.0,0.0,0.0,301,nan,nan,0,T_JUNCTION,51,1,1,0
27.435775995254517,0.0,0.0,0.0,0.0,0.0,0.0,0.0,301,nan,nan,0,T_JUNCTION,51,1,1,0
27.45578169822693,0.0,0.0,0.0,0.0,0.0,0.0,0.0,301,nan,nan,0,T_JUNCTION,51,1,1,0
27.47579288482666,0.0,0.0,0.0,0.0,0.0,0.0,0.0,301,nan,nan,0,T_JUNCTION,51,1,1,0
27.495793104171753,0.0,0.0,0.0,0.0,0.0,0.0,0.0,301,nan,nan,0,T_JUNCTION,51,1,1,0
27.51575994491577,0.0,0.0,0.0,0.0,0.0,0.0,0.0,301,nan,nan,0,T_JUNCTION,51,1,1,0
27.535771131515503,0.0,0.0,0.0,0.0,0.0,0.0,0.0,301,nan,nan,0,T_JUNCTION,51,1,1,0
27.555768728256226,0.0,0.0,0.0,0.0,0.0,0.0,0.0,301,nan,nan,0,T_JUNCTION,51,1,1,0
27.575766563415527,0.0,0.0,0.0,0.0,0.0,0.0,0.0,301,nan,nan,0,T_JUNCTION,51,1,1,0
27.595760583877563,0.0,0.0,0.0,0.0,0.0,0.0,0.0,301,nan,nan,0,T_JUNCTION,51,1,1,0
27.61576199531555,0.0,0.0,0.0,0.0,0.0,0.0,0.0,301,nan,nan,0,T_JUNCTION,51,1,1,0
27.63578772544861,0.0,0.0,0.0,0.0,0.0,0.0,0.0,301,nan,nan,0,T_JUNCTION,51,1,1,0
27.655803680419922,0.0,0.0,0.0,0.0,0.0,0.0,0.0,301,nan,nan,0,T_JUNCTION,51,1,1,0
27.675775289535522,0.0,0.0,0.0,0.0,0.0,0.0,0.0,301,nan,nan,0,T_JUNCTION,51,1,1,0
27.695767402648926,0.0,0.0,0.0,0.0,0.0,0.0,0.0,301,nan,nan,0,T_JUNCTION,51,1,1,0
27.71576452255249,0.0,0.0,0.0,0.0,0.0,0.0,0.0,301,nan,nan,0,T_JUNCTION,51,1,1,0
27.735807418823242,0.0,0.0,0.0,0.0,0.0,0.0,0.0,301,nan,nan,0,T_JUNCTION,51,1,1,0
27.755770206451416,0.0,0.0,0.0,0.0,0.0,0.0,0.0,301,nan,nan,0,T_JUNCTION,51,1,1,0
27.775763511657715,0.0,0.0,0.0,0.0,0.0,0.0,0.0,301,nan,nan,0,T_JUNCTION,51,1,1,0
27.79577112197876,0.0,0.0,0.0,0.0,0.0,0.0,0.0,301,nan,nan,0,T_JUNCTION,51,1,1,0
27.81578302383423,0.0,0.0,0.0,0.0,0.0,0.0,0.0,301,nan,nan,0,T_JUNCTION,51,1,1,0
27.83578085899353,0.0,0.0,0.0,0.0,0.0,0.0,0.0,301,nan,nan,0,T_JUNCTION,51,1,1,0
27.855791330337524,0.0,0.0,0.0,0.0,0.0,0.0,0.0,301,nan,nan,0,T_JUNCTION,51,1,1,0
27.87576723098755,0.0,0.0,0.0,0.0,0.0,0.0,0.0,301,nan,nan,0,T_JUNCTION,51,1,1,0
27.895772457122803,0.0,0.0,0.0,0.0,0.0,0.0,0.0,301,nan,nan,0,T_JUNCTION,51,1,1,0
27.915765523910522,0.0,0.0,0.0,0.0,0.0,0.0,0.0,301,nan,nan,0,T_JUNCTION,51,1,1,0
27.935808420181274,0.0,0.0,0.0,0.0,0.0,0.0,0.0,301,nan,nan,0,T_JUNCTION,51,1,1,0
27.955770254135132,0.0,0.0,0.0,0.0,0.0,0.0,0.0,301,nan,nan,0,T_JUNCTION,51,1,1,0
27.975764751434326,0.0,0.0,0.0,0.0,0.0,0.0,0.0,301,nan,nan,0,T_JUNCTION,51,1,1,0
27.99576210975647,0.0,0.0,0.0,0.0,0.0,0.0,0.0,301,nan,nan,0,T_JUNCTION,51,1,1,0
28.01576280593872,0.0,0.0,0.0,0.0,0.0,0.0,0.0,301,nan,nan,0,T_JUNCTION,51,1,1,0
28.035804510116577,0.0,0.0,0.0,0.0,0.0,0.0,0.0,301,nan,nan,0,T_JUNCTION,51,1,1,0
28.05576467514038,0.0,0.0,0.0,0.0,0.0,0.0,0.0,301,nan,nan,0,T_JUNCTION,51,1,1,0
28.075769424438477,0.0,0.0,0.0,0.0,0.0,0.0,0.0,301,nan,nan,0,T_JUNCTION,51,1,1,0
28.09576177597046,0.0,0.0,0.0,0.0,0.0,0.0,0.0,301,nan,nan,0,T_JUNCTION,51,1,1,0
28.115763664245605,0.0,0.0,0.0,0.0,0.0,0.0,0.0,301,nan,nan,0,T_JUNCTION,51,1,1,0
28.13578772544861,0.0,0.0,0.0,0.0,0.0,0.0,0.0,301,nan,nan,0,T_JUNCTION,51,1,1,0
28.155772924423218,0.0,0.0,0.0,0.0,0.0,0.0,0.0,301,nan,nan,0,T_JUNCTION,51,1,1,0
28.17577838897705,0.0,0.0,0.0,0.0,0.0,0.0,0.0,301,nan,nan,0,T_JUNCTION,51,1,1,0
28.195757389068604,0.0,0.0,0.0,0.0,0.0,0.0,0.0,301,nan,nan,0,T_JUNCTION,51,1,1,0
28.215784788131714,0.0,0.0,0.0,0.0,0.0,0.0,0.0,301,nan,nan,0,T_JUNCTION,51,1,1,0
28.23578190803528,0.0,0.0,0.0,0.0,0.0,0.0,0.0,301,nan,nan,0,T_JUNCTION,51,1,1,0
28.255767583847046,0.0,0.0,0.0,0.0,0.0,0.0,0.0,301,nan,nan,0,T_JUNCTION,51,1,1,0
28.275780200958252,0.0,0.0,0.0,0.0,0.0,0.0,0.0,301,nan,nan,0,T_JUNCTION,51,1,1,0
28.295775175094604,0.0,0.0,0.0,0.0,0.0,0.0,0.0,301,nan,nan,0,T_JUNCTION,51,1,1,0
28.315780639648438,0.0,0.0,0.0,0.0,0.0,0.0,0.0,301,nan,nan,0,T_JUNCTION,51,1,1,0
28.33580231666565,0.0,0.0,0.0,0.0,0.0,0.0,0.0,301,nan,nan,0,T_JUNCTION,51,1,1,0
28.355772018432617,0.0,0.0,0.0,0.0,0.0,0.0,0.0,301,nan,nan,0,T_JUNCTION,51,1,1,0
28.37579345703125,0.0,0.0,0.0,0.0,0.0,0.0,0.0,301,nan,nan,0,T_JUNCTION,51,1,1,0
28.39576244354248,0.0,0.0,0.0,0.0,0.0,0.0,0.0,301,nan,nan,0,T_JUNCTION,51,1,1,0
28.415764093399048,0.0,0.0,0.0,0.0,0.0,0.0,0.0,301,nan,nan,0,T_JUNCTION,51,1,1,0
28.43580985069275,0.0,0.0,0.0,0.0,0.0,0.0,0.0,301,nan,nan,0,T_JUNCTION,51,1,1,0
28.455764055252075,0.0,0.0,0.0,0.0,0.0,0.0,0.0,301,nan,nan,0,T_JUNCTION,51,1,1,0
28.475773096084595,0.0,0.0,0.0,0.0,0.0,0.0,0.0,301,nan,nan,0,T_JUNCTION,51,1,1,0
28.495762586593628,0.0,0.0,0.0,0.0,0.0,0.0,0.0,301,nan,nan,0,T_JUNCTION,51,1,1,0
28.515764951705933,0.0,0.0,0.0,0.0,0.0,0.0,0.0,301,nan,nan,0,T_JUNCTION,51,1,1,0
28.535879373550415,0.0,0.0,0.0,0.0,0.0,0.0,0.0,301,nan,nan,0,T_JUNCTION,51,1,1,0
28.555785417556763,0.0,0.0,0.0,0.0,0.0,0.0,0.0,301,nan,nan,0,T_JUNCTION,51,1,1,0
28.57576632499695,0.0,0.0,0.0,0.0,0.0,0.0,0.0,301,nan,nan,0,T_JUNCTION,51,1,1,0
28.59576177597046,0.0,0.0,0.0,0.0,0.0,0.0,0.0,301,nan,nan,0,T_JUNCTION,51,1,1,0
28.615762948989868,0.0,0.0,0.0,0.0,0.0,0.0,0.0,301,nan,nan,0,T_JUNCTION,51,1,1,0
28.63579773902893,0.0,0.0,0.0,0.0,0.0,0.0,0.0,301,nan,nan,0,T_JUNCTION,51,1,1,0
28.655808448791504,0.0,0.0,0.0,0.0,0.0,0.0,0.0,301,nan,nan,0,T_JUNCTION,51,1,1,0
28.675774097442627,0.0,0.0,0.0,0.0,0.0,0.0,0.0,301,nan,nan,0,T_JUNCTION,51,1,1,0
28.695762634277344,0.0,0.0,0.0,0.0,0.0,0.0,0.0,301,nan,nan,0,T_JUNCTION,51,1,1,0
28.715765714645386,0.0,0.0,0.0,0.0,0.0,0.0,0.0,301,nan,nan,0,T_JUNCTION,51,1,1,0
28.73580837249756,0.0,0.0,0.0,0.0,0.0,0.0,0.0,301,nan,nan,0,T_JUNCTION,51,1,1,0
28.755809783935547,0.0,0.0,0.0,0.0,0.0,0.0,0.0,301,nan,nan,0,T_JUNCTION,51,1,1,0
28.775774478912354,0.0,0.0,0.0,0.0,0.0,0.0,0.0,301,nan,nan,0,T_JUNCTION,51,1,1,0
28.795772314071655,0.0,0.0,0.0,0.0,0.0,0.0,0.0,301,nan,nan,0,T_JUNCTION,51,1,1,0
28.815762281417847,0.0,0.0,0.0,0.0,0.0,0.0,0.0,301,nan,nan,0,T_JUNCTION,51,1,1,0
28.835795164108276,0.0,0.0,0.0,0.0,0.0,0.0,0.0,301,nan,nan,0,T_JUNCTION,51,1,1,0
28.855761289596558,0.0,0.0,0.0,0.0,0.0,0.0,0.0,301,nan,nan,0,T_JUNCTION,51,1,1,0
28.875763416290283,0.0,0.0,0.0,0.0,0.0,0.0,0.0,301,nan,nan,0,T_JUNCTION,51,1,1,0
28.895772695541382,0.0,0.0,0.0,0.0,0.0,0.0,0.0,301,nan,nan,0,T_JUNCTION,51,1,1,0
28.91579580307007,0.0,0.0,0.0,0.0,0.0,0.0,0.0,301,nan,nan,0,T_JUNCTION,51,1,1,0
28.935810565948486,0.0,0.0,0.0,0.0,0.0,0.0,0.0,301,nan,nan,0,T_JUNCTION,51,1,1,0
28.95575451850891,0.0,0.0,0.0,0.0,0.0,0.0,0.0,301,nan,nan,0,T_JUNCTION,51,1,1,0
28.97576069831848,0.0,0.0,0.0,0.0,0.0,0.0,0.0,301,nan,nan,0,T_JUNCTION,51,1,1,0
28.995754718780518,0.0,0.0,0.0,0.0,0.0,0.0,0.0,301,nan,nan,0,T_JUNCTION,51,1,1,0
29.01576280593872,0.0,0.0,0.0,0.0,0.0,0.0,0.0,301,nan,nan,0,T_JUNCTION,51,1,1,0
29.03580069541931,0.0,0.0,0.0,0.0,0.0,0.0,0.0,301,nan,nan,0,T_JUNCTION,51,1,1,0
29.05579137802124,0.0,0.0,0.0,0.0,0.0,0.0,0.0,301,nan,nan,0,T_JUNCTION,51,1,1,0
29.075773000717163,0.0,0.0,0.0,0.0,0.0,0.0,0.0,301,nan,nan,0,T_JUNCTION,51,1,1,0
29.095772981643677,0.0,0.0,0.0,0.0,0.0,0.0,0.0,301,nan,nan,0,T_JUNCTION,51,1,1,0
29.115763664245605,0.0,0.0,0.0,0.0,0.0,0.0,0.0,301,nan,nan,0,T_JUNCTION,51,1,1,0
29.135780096054077,0.0,0.0,0.0,0.0,0.0,0.0,0.0,301,nan,nan,0,T_JUNCTION,51,1,1,0
29.155762672424316,0.0,0.0,0.0,0.0,0.0,0.0,0.0,301,nan,nan,0,T_JUNCTION,51,1,1,0
29.17576503753662,0.0,0.0,0.0,0.0,0.0,0.0,0.0,301,nan,nan,0,T_JUNCTION,51,1,1,0
29.195765018463135,0.0,0.0,0.0,0.0,0.0,0.0,0.0,301,nan,nan,0,T_JUNCTION,51,1,1,0
29.21576428413391,0.0,0.0,0.0,0.0,0.0,0.0,0.0,301,nan,nan,0,T_JUNCTION,51,1,1,0
29.23580574989319,0.0,0.0,0.0,0.0,0.0,0.0,0.0,301,nan,nan,0,T_JUNCTION,51,1,1,0
29.255794048309326,0.0,0.0,0.0,0.0,0.0,0.0,0.0,301,nan,nan,0,T_JUNCTION,51,1,1,0
29.27576518058777,0.0,0.0,0.0,0.0,0.0,0.0,0.0,301,nan,nan,0,T_JUNCTION,51,1,1,0
29.295795917510986,0.0,0.0,0.0,0.0,0.0,0.0,0.0,301,nan,nan,0,T_JUNCTION,51,1,1,0
29.315753936767578,0.0,0.0,0.0,0.0,0.0,0.0,0.0,301,nan,nan,0,T_JUNCTION,51,1,1,0
29.33579993247986,0.0,0.0,0.0,0.0,0.0,0.0,0.0,301,nan,nan,0,T_JUNCTION,51,1,1,0
29.355762004852295,0.0,0.0,0.0,0.0,0.0,0.0,0.0,301,nan,nan,0,T_JUNCTION,51,1,1,0
29.375791311264038,0.0,0.0,0.0,0.0,0.0,0.0,0.0,301,nan,nan,0,T_JUNCTION,51,1,1,0
29.395774602890015,0.0,0.0,0.0,0.0,0.0,0.0,0.0,301,nan,nan,0,T_JUNCTION,51,1,1,0
29.41576910018921,0.0,0.0,0.0,0.0,0.0,0.0,0.0,301,nan,nan,0,T_JUNCTION,51,1,1,0
29.43579626083374,0.0,0.0,0.0,0.0,0.0,0.0,0.0,301,nan,nan,0,T_JUNCTION,51,1,1,0
29.45577311515808,0.0,0.0,0.0,0.0,0.0,0.0,0.0,301,nan,nan,0,T_JUNCTION,51,1,1,0
29.475770473480225,0.0,0.0,0.0,0.0,0.0,0.0,0.0,301,nan,nan,0,T_JUNCTION,51,1,1,0
29.495774507522583,0.0,0.0,0.0,0.0,0.0,0.0,0.0,301,nan,nan,0,T_JUNCTION,51,1,1,0
29.515763759613037,0.0,0.0,0.0,0.0,0.0,0.0,0.0,301,nan,nan,0,T_JUNCTION,51,1,1,0
29.535820245742798,0.0,0.0,0.0,0.0,0.0,0.0,0.0,301,nan,nan,0,T_JUNCTION,51,1,1,0
29.555765867233276,0.0,0.0,0.0,0.0,0.0,0.0,0.0,301,nan,nan,0,T_JUNCTION,51,1,1,0
29.575765371322632,0.0,0.0,0.0,0.0,0.0,0.0,0.0,301,nan,nan,0,T_JUNCTION,51,1,1,0
29.595762491226196,0.0,0.0,0.0,0.0,0.0,0.0,0.0,301,nan,nan,0,T_JUNCTION,51,1,1,0
29.615761518478394,0.0,0.0,0.0,0.0,0.0,0.0,0.0,301,nan,nan,0,T_JUNCTION,51,1,1,0
29.63577961921692,0.0,0.0,0.0,0.0,0.0,0.0,0.0,301,nan,nan,0,T_JUNCTION,51,1,1,0
29.655778884887695,0.0,0.0,0.0,0.0,0.0,0.0,0.0,301,nan,nan,0,T_JUNCTION,51,1,1,0
29.675761222839355,0.0,0.0,0.0,0.0,0.0,0.0,0.0,301,nan,nan,0,T_JUNCTION,51,1,1,0
29.69576382637024,0.0,0.0,0.0,0.0,0.0,0.0,0.0,301,nan,nan,0,T_JUNCTION,51,1,1,0
29.715758323669434,0.0,0.0,0.0,0.0,0.0,0.0,0.0,301,nan,nan,0,T_JUNCTION,51,1,1,0
29.735783576965332,0.0,0.0,0.0,0.0,0.0,0.0,0.0,301,nan,nan,0,T_JUNCTION,51,1,1,0
29.755767583847046,0.0,0.0,0.0,0.0,0.0,0.0,0.0,301,nan,nan,0,T_JUNCTION,51,1,1,0
29.775771856307983,0.0,0.0,0.0,0.0,0.0,0.0,0.0,301,nan,nan,0,T_JUNCTION,51,1,1,0
29.795777082443237,0.0,0.0,0.0,0.0,0.0,0.0,0.0,301,nan,nan,0,T_JUNCTION,51,1,1,0
29.815776109695435,0.0,0.0,0.0,0.0,0.0,0.0,0.0,301,nan,nan,0,T_JUNCTION,51,1,1,0
29.83580183982849,0.0,0.0,0.0,0.0,0.0,0.0,0.0,301,nan,nan,0,T_JUNCTION,51,1,1,0
29.855770349502563,0.0,0.0,0.0,0.0,0.0,0.0,0.0,301,nan,nan,0,T_JUNCTION,51,1,1,0
29.875765800476074,0.0,0.0,0.0,0.0,0.0,0.0,0.0,301,nan,nan,0,T_JUNCTION,51,1,1,0
29.89576268196106,0.0,0.0,0.0,0.0,0.0,0.0,0.0,301,nan,nan,0,T_JUNCTION,51,1,1,0
29.915753602981567,0.0,0.0,0.0,0.0,0.0,0.0,0.0,301,nan,nan,0,T_JUNCTION,51,1,1,0
29.935773134231567,0.0,0.0,0.0,0.0,0.0,0.0,0.0,301,nan,nan,0,T_JUNCTION,51,1,1,0
29.955764293670654,0.0,0.0,0.0,0.0,0.0,0.0,0.0,301,nan,nan,0,T_JUNCTION,51,1,1,0
29.975770950317383,0.0,0.0,0.0,0.0,0.0,0.0,0.0,301,nan,nan,0,T_JUNCTION,51,1,1,0
29.995779275894165,0.0,0.0,0.0,0.0,0.0,0.0,0.0,301,nan,nan,0,T_JUNCTION,51,1,1,0
30.015773057937622,0.0,0.0,0.0,0.0,0.0,0.0,0.0,301,nan,nan,0,T_JUNCTION,51,1,1,0
30.03579831123352,0.0,0.0,0.0,0.0,0.0,0.0,0.0,301,nan,nan,0,T_JUNCTION,51,1,1,0
30.05577826499939,0.0,0.0,0.0,0.0,0.0,0.0,0.0,301,nan,nan,0,T_JUNCTION,51,1,1,0
30.07577347755432,0.0,0.0,0.0,0.0,0.0,0.0,0.0,301,nan,nan,0,T_JUNCTION,51,1,1,0
30.095791816711426,0.0,0.0,0.0,0.0,0.0,0.0,0.0,301,nan,nan,0,T_JUNCTION,51,1,1,0
30.11575698852539,0.0,0.0,0.0,0.0,0.0,0.0,0.0,301,nan,nan,0,T_JUNCTION,51,1,1,0
30.13576889038086,0.0,0.0,0.0,0.0,0.0,0.0,0.0,301,nan,nan,0,T_JUNCTION,51,1,1,0
30.15576410293579,0.0,0.0,0.0,0.0,0.0,0.0,0.0,301,nan,nan,0,T_JUNCTION,51,1,1,0
30.17576575279236,0.0,0.0,0.0,0.0,0.0,0.0,0.0,301,nan,nan,0,T_JUNCTION,51,1,1,0
30.195763111114502,0.0,0.0,0.0,0.0,0.0,0.0,0.0,301,nan,nan,0,T_JUNCTION,51,1,1,0
30.21576690673828,0.0,0.0,0.0,0.0,0.0,0.0,0.0,301,nan,nan,0,T_JUNCTION,51,1,1,0
30.235785245895386,0.0,0.0,0.0,0.0,0.0,0.0,0.0,301,nan,nan,0,T_JUNCTION,51,1,1,0
30.255767107009888,0.0,0.0,0.0,0.0,0.0,0.0,0.0,301,nan,nan,0,T_JUNCTION,51,1,1,0
30.275788068771362,0.0,0.0,0.0,0.0,0.0,0.0,0.0,301,nan,nan,0,T_JUNCTION,51,1,1,0
30.29580545425415,0.0,0.0,0.0,0.0,0.0,0.0,0.0,301,nan,nan,0,T_JUNCTION,51,1,1,0
30.315768003463745,0.0,0.0,0.0,0.0,0.0,0.0,0.0,301,nan,nan,0,T_JUNCTION,51,1,1,0
30.335776567459106,0.0,0.0,0.0,0.0,0.0,0.0,0.0,301,nan,nan,0,T_JUNCTION,51,1,1,0
30.355764865875244,0.0,0.0,0.0,0.0,0.0,0.0,0.0,301,nan,nan,0,T_JUNCTION,51,1,1,0
30.375783443450928,0.0,0.0,0.0,0.0,0.0,0.0,0.0,301,nan,nan,0,T_JUNCTION,51,1,1,0
30.39576482772827,0.0,0.0,0.0,0.0,0.0,0.0,0.0,301,nan,nan,0,T_JUNCTION,51,1,1,0
30.415764331817627,0.0,0.0,0.0,0.0,0.0,0.0,0.0,301,nan,nan,0,T_JUNCTION,51,1,1,0
30.435781002044678,0.0,0.0,0.0,0.0,0.0,0.0,0.0,301,nan,nan,0,T_JUNCTION,51,1,1,0
30.455777883529663,0.0,0.0,0.0,0.0,0.0,0.0,0.0,301,nan,nan,0,T_JUNCTION,51,1,1,0
30.47582197189331,0.0,0.0,0.0,0.0,0.0,0.0,0.0,301,nan,nan,0,T_JUNCTION,51,1,1,0
30.49578547477722,0.0,0.0,0.0,0.0,0.0,0.0,0.0,301,nan,nan,0,T_JUNCTION,51,1,1,0
30.5157949924469,0.0,0.0,0.0,0.0,0.0,0.0,0.0,301,nan,nan,0,T_JUNCTION,51,1,1,0
30.535785675048828,0.0,0.0,0.0,0.0,0.0,0.0,0.0,301,nan,nan,0,T_JUNCTION,51,1,1,0
30.555766344070435,0.0,0.0,0.0,0.0,0.0,0.0,0.0,301,nan,nan,0,T_JUNCTION,51,1,1,0
30.575759172439575,0.0,0.0,0.0,0.0,0.0,0.0,0.0,301,nan,nan,0,T_JUNCTION,51,1,1,0
30.595782995224,0.0,0.0,0.0,0.0,0.0,0.0,0.0,301,nan,nan,0,T_JUNCTION,51,1,1,0
30.615755796432495,0.0,0.0,0.0,0.0,0.0,0.0,0.0,301,nan,nan,0,T_JUNCTION,51,1,1,0
30.635777950286865,0.0,0.0,0.0,0.0,0.0,0.0,0.0,301,nan,nan,0,T_JUNCTION,51,1,1,0
30.655810117721558,0.0,0.0,0.0,0.0,0.0,0.0,0.0,301,nan,nan,0,T_JUNCTION,51,1,1,0
30.6757595539093,0.0,0.0,0.0,0.0,0.0,0.0,0.0,301,nan,nan,0,T_JUNCTION,51,1,1,0
30.695775985717773,0.0,0.0,0.0,0.0,0.0,0.0,0.0,301,nan,nan,0,T_JUNCTION,51,1,1,0
30.71577286720276,0.0,0.0,0.0,0.0,0.0,0.0,0.0,301,nan,nan,0,T_JUNCTION,51,1,1,0
30.73578381538391,0.0,0.0,0.0,0.0,0.0,0.0,0.0,301,nan,nan,0,T_JUNCTION,51,1,1,0
30.75577473640442,0.0,0.0,0.0,0.0,0.0,0.0,0.0,301,nan,nan,0,T_JUNCTION,51,1,1,0
30.77578377723694,0.0,0.0,0.0,0.0,0.0,0.0,0.0,301,nan,nan,0,T_JUNCTION,51,1,1,0
30.79576826095581,0.0,0.0,0.0,0.0,0.0,0.0,0.0,301,nan,nan,0,T_JUNCTION,51,1,1,0
30.815768480300903,0.0,0.0,0.0,0.0,0.0,0.0,0.0,301,nan,nan,0,T_JUNCTION,51,1,1,0
30.835771799087524,0.0,0.0,0.0,0.0,0.0,0.0,0.0,301,nan,nan,0,T_JUNCTION,51,1,1,0
30.855783224105835,0.0,0.0,0.0,0.0,0.0,0.0,0.0,301,nan,nan,0,T_JUNCTION,51,1,1,0
30.87576413154602,0.0,0.0,0.0,0.0,0.0,0.0,0.0,301,nan,nan,0,T_JUNCTION,51,1,1,0
30.895780086517334,0.0,0.0,0.0,0.0,0.0,0.0,0.0,301,nan,nan,0,T_JUNCTION,51,1,1,0
30.91577696800232,0.0,0.0,0.0,0.0,0.0,0.0,0.0,301,nan,nan,0,T_JUNCTION,51,1,1,0
30.935792684555054,0.0,0.0,0.0,0.0,0.0,0.0,0.0,301,nan,nan,0,T_JUNCTION,51,1,1,0
30.955758571624756,0.0,0.0,0.0,0.0,0.0,0.0,0.0,301,nan,nan,0,T_JUNCTION,51,1,1,0
30.975762128829956,0.0,0.0,0.0,0.0,0.0,0.0,0.0,301,nan,nan,0,T_JUNCTION,51,1,1,0
30.995760440826416,0.0,0.0,0.0,0.0,0.0,0.0,0.0,301,nan,nan,0,T_JUNCTION,51,1,1,0
31.015801668167114,0.0,0.0,0.0,0.0,0.0,0.0,0.0,301,nan,nan,0,T_JUNCTION,51,1,1,0
31.035955667495728,0.0,0.0,0.0,0.0,0.0,0.0,0.0,301,nan,nan,0,T_JUNCTION,51,1,1,0
31.055832862854004,0.0,0.0,0.0,0.0,0.0,0.0,0.0,301,nan,nan,0,T_JUNCTION,51,1,1,0
31.075775861740112,0.0,0.0,0.0,0.0,0.0,0.0,0.0,301,nan,nan,0,T_JUNCTION,51,1,1,0
31.09576416015625,0.0,0.0,0.0,0.0,0.0,0.0,0.0,301,nan,nan,0,T_JUNCTION,51,1,1,0
31.115769386291504,0.0,0.0,0.0,0.0,0.0,0.0,0.0,301,nan,nan,0,T_JUNCTION,51,1,1,0
31.13577675819397,0.0,0.0,0.0,0.0,0.0,0.0,0.0,301,nan,nan,0,T_JUNCTION,51,1,1,0
31.155768632888794,0.0,0.0,0.0,0.0,0.0,0.0,0.0,301,nan,nan,0,T_JUNCTION,51,1,1,0
31.175731658935547,0.0,0.0,0.0,0.0,0.0,0.0,0.0,301,nan,nan,0,T_JUNCTION,51,1,1,0
31.195765733718872,0.0,0.0,0.0,0.0,0.0,0.0,0.0,301,nan,nan,0,T_JUNCTION,51,1,1,0
31.215798377990723,0.0,0.0,0.0,0.0,0.0,0.0,0.0,301,nan,nan,0,T_JUNCTION,51,1,1,0
31.235775232315063,0.0,0.0,0.0,0.0,0.0,0.0,0.0,301,nan,nan,0,T_JUNCTION,51,1,1,0
31.255773544311523,0.0,0.0,0.0,0.0,0.0,0.0,0.0,301,nan,nan,0,T_JUNCTION,51,1,1,0
31.275773286819458,0.0,0.0,0.0,0.0,0.0,0.0,0.0,301,nan,nan,0,T_JUNCTION,51,1,1,0
31.295889616012573,0.0,0.0,0.0,0.0,0.0,0.0,0.0,301,nan,nan,0,T_JUNCTION,51,1,1,0
31.31577205657959,0.0,0.0,0.0,0.0,0.0,0.0,0.0,301,nan,nan,0,T_JUNCTION,51,1,1,0
31.335787534713745,0.0,0.0,0.0,0.0,0.0,0.0,0.0,301,nan,nan,0,T_JUNCTION,51,1,1,0
31.355767488479614,0.0,0.0,0.0,0.0,0.0,0.0,0.0,301,nan,nan,0,T_JUNCTION,51,1,1,0
31.375774145126343,0.0,0.0,0.0,0.0,0.0,0.0,0.0,301,nan,nan,0,T_JUNCTION,51,1,1,0
31.39577078819275,0.0,0.0,0.0,0.0,0.0,0.0,0.0,301,nan,nan,0,T_JUNCTION,51,1,1,0
31.41575837135315,0.0,0.0,0.0,0.0,0.0,0.0,0.0,301,nan,nan,0,T_JUNCTION,51,1,1,0
31.4357647895813,0.0,0.0,0.0,0.0,0.0,0.0,0.0,301,nan,nan,0,T_JUNCTION,51,1,1,0
31.455785274505615,0.0,0.0,0.0,0.0,0.0,0.0,0.0,301,nan,nan,0,T_JUNCTION,51,1,1,0
31.475773572921753,0.0,0.0,0.0,0.0,0.0,0.0,0.0,301,nan,nan,0,T_JUNCTION,51,1,1,0
31.49576187133789,0.0,0.0,0.0,0.0,0.0,0.0,0.0,301,nan,nan,0,T_JUNCTION,51,1,1,0
31.515766143798828,0.0,0.0,0.0,0.0,0.0,0.0,0.0,301,nan,nan,0,T_JUNCTION,51,1,1,0
31.535805225372314,0.0,0.0,0.0,0.0,0.0,0.0,0.0,301,nan,nan,0,T_JUNCTION,51,1,1,0
31.55577850341797,0.0,0.0,0.0,0.0,0.0,0.0,0.0,301,nan,nan,0,T_JUNCTION,51,1,1,0
31.575758934020996,0.0,0.0,0.0,0.0,0.0,0.0,0.0,301,nan,nan,0,T_JUNCTION,51,1,1,0
31.595755338668823,0.0,0.0,0.0,0.0,0.0,0.0,0.0,301,nan,nan,0,T_JUNCTION,51,1,1,0
31.61578130722046,0.0,0.0,0.0,0.0,0.0,0.0,0.0,301,nan,nan,0,T_JUNCTION,51,1,1,0
31.6357581615448,0.0,0.0,0.0,0.0,0.0,0.0,0.0,301,nan,nan,0,T_JUNCTION,51,1,1,0
31.655802249908447,0.0,0.0,0.0,0.0,0.0,0.0,0.0,301,nan,nan,0,T_JUNCTION,51,1,1,0
31.675769805908203,0.0,0.0,0.0,0.0,0.0,0.0,0.0,301,nan,nan,0,T_JUNCTION,51,1,1,0
31.695762395858765,0.0,0.0,0.0,0.0,0.0,0.0,0.0,301,nan,nan,0,T_JUNCTION,51,1,1,0
31.715786457061768,0.0,0.0,0.0,0.0,0.0,0.0,0.0,301,nan,nan,0,T_JUNCTION,51,1,1,0
31.735775470733643,0.0,0.0,0.0,0.0,0.0,0.0,0.0,301,nan,nan,0,T_JUNCTION,51,1,1,0
31.755815029144287,0.0,0.0,0.0,0.0,0.0,0.0,0.0,301,nan,nan,0,T_JUNCTION,51,1,1,0
31.775778770446777,0.0,0.0,0.0,0.0,0.0,0.0,0.0,301,nan,nan,0,T_JUNCTION,51,1,1,0
31.795775175094604,0.0,0.0,0.0,0.0,0.0,0.0,0.0,301,nan,nan,0,T_JUNCTION,51,1,1,0
31.815788507461548,0.0,0.0,0.0,0.0,0.0,0.0,0.0,301,nan,nan,0,T_JUNCTION,51,1,1,0
31.835761308670044,0.0,0.0,0.0,0.0,0.0,0.0,0.0,301,nan,nan,0,T_JUNCTION,51,1,1,0
31.85577130317688,0.0,0.0,0.0,0.0,0.0,0.0,0.0,301,nan,nan,0,T_JUNCTION,51,1,1,0
31.875786066055298,0.0,0.0,0.0,0.0,0.0,0.0,0.0,301,nan,nan,0,T_JUNCTION,51,1,1,0
31.895772695541382,0.0,0.0,0.0,0.0,0.0,0.0,0.0,301,nan,nan,0,T_JUNCTION,51,1,1,0
31.915786266326904,0.0,0.0,0.0,0.0,0.0,0.0,0.0,301,nan,nan,0,T_JUNCTION,51,1,1,0
31.93577480316162,0.0,0.0,0.0,0.0,0.0,0.0,0.0,301,nan,nan,0,T_JUNCTION,51,1,1,0
31.95576047897339,0.0,0.0,0.0,0.0,0.0,0.0,0.0,301,nan,nan,0,T_JUNCTION,51,1,1,0
31.975749492645264,0.0,0.0,0.0,0.0,0.0,0.0,0.0,301,nan,nan,0,T_JUNCTION,51,1,1,0
31.995779037475586,0.0,0.0,0.0,0.0,0.0,0.0,0.0,301,nan,nan,0,T_JUNCTION,51,1,1,0
32.01577973365784,0.0,0.0,0.0,0.0,0.0,0.0,0.0,301,nan,nan,0,T_JUNCTION,51,1,1,0
32.0357666015625,0.0,0.0,0.0,0.0,0.0,0.0,0.0,301,nan,nan,0,T_JUNCTION,51,1,1,0
32.05577898025513,0.0,0.0,0.0,0.0,0.0,0.0,0.0,301,nan,nan,0,T_JUNCTION,51,1,1,0
32.07576322555542,0.0,0.0,0.0,0.0,0.0,0.0,0.0,301,nan,nan,0,T_JUNCTION,51,1,1,0
32.095762729644775,0.0,0.0,0.0,0.0,0.0,0.0,0.0,301,nan,nan,0,T_JUNCTION,51,1,1,0
32.1157968044281,0.0,0.0,0.0,0.0,0.0,0.0,0.0,301,nan,nan,0,T_JUNCTION,51,1,1,0
32.1357901096344,0.0,0.0,0.0,0.0,0.0,0.0,0.0,301,nan,nan,0,T_JUNCTION,51,1,1,0
32.155763387680054,0.0,0.0,0.0,0.0,0.0,0.0,0.0,301,nan,nan,0,T_JUNCTION,51,1,1,0
32.17578649520874,0.0,0.0,0.0,0.0,0.0,0.0,0.0,301,nan,nan,0,T_JUNCTION,51,1,1,0
32.195754289627075,0.0,0.0,0.0,0.0,0.0,0.0,0.0,301,nan,nan,0,T_JUNCTION,51,1,1,0
32.21578073501587,0.0,0.0,0.0,0.0,0.0,0.0,0.0,301,nan,nan,0,T_JUNCTION,51,1,1,0
32.23576283454895,0.0,0.0,0.0,0.0,0.0,0.0,0.0,301,nan,nan,0,T_JUNCTION,51,1,1,0
32.25576853752136,0.0,0.0,0.0,0.0,0.0,0.0,0.0,301,nan,nan,0,T_JUNCTION,51,1,1,0
32.27576494216919,0.0,0.0,0.0,0.0,0.0,0.0,0.0,301,nan,nan,0,T_JUNCTION,51,1,1,0
32.29579138755798,0.0,0.0,0.0,0.0,0.0,0.0,0.0,301,nan,nan,0,T_JUNCTION,51,1,1,0
32.31580376625061,0.0,0.0,0.0,0.0,0.0,0.0,0.0,301,nan,nan,0,T_JUNCTION,51,1,1,0
32.33577299118042,0.0,0.0,0.0,0.0,0.0,0.0,0.0,301,nan,nan,0,T_JUNCTION,51,1,1,0
32.35575842857361,0.0,0.0,0.0,0.0,0.0,0.0,0.0,301,nan,nan,0,T_JUNCTION,51,1,1,0
32.37585210800171,0.0,0.0,0.0,0.0,0.0,0.0,0.0,301,nan,nan,0,T_JUNCTION,51,1,1,0
32.39576840400696,0.0,0.0,0.0,0.0,0.0,0.0,0.0,301,nan,nan,0,T_JUNCTION,51,1,1,0
32.415781021118164,0.0,0.0,0.0,0.0,0.0,0.0,0.0,301,nan,nan,0,T_JUNCTION,51,1,1,0
32.435762882232666,0.0,0.0,0.0,0.0,0.0,0.0,0.0,301,nan,nan,0,T_JUNCTION,51,1,1,0
32.45578622817993,0.0,0.0,0.0,0.0,0.0,0.0,0.0,301,nan,nan,0,T_JUNCTION,51,1,1,0
32.47576832771301,0.0,0.0,0.0,0.0,0.0,0.0,0.0,301,nan,nan,0,T_JUNCTION,51,1,1,0
32.49577522277832,0.0,0.0,0.0,0.0,0.0,0.0,0.0,301,nan,nan,0,T_JUNCTION,51,1,1,0
32.51578092575073,0.0,0.0,0.0,0.0,0.0,0.0,0.0,301,nan,nan,0,T_JUNCTION,51,1,1,0
32.53575921058655,0.0,0.0,0.0,0.0,0.0,0.0,0.0,301,nan,nan,0,T_JUNCTION,51,1,1,0
32.555790185928345,0.0,0.0,0.0,0.0,0.0,0.0,0.0,301,nan,nan,0,T_JUNCTION,51,1,1,0
32.575759172439575,0.0,0.0,0.0,0.0,0.0,0.0,0.0,301,nan,nan,0,T_JUNCTION,51,1,1,0
32.595763206481934,0.0,0.0,0.0,0.0,0.0,0.0,0.0,301,nan,nan,0,T_JUNCTION,51,1,1,0
32.615795850753784,0.0,0.0,0.0,0.0,0.0,0.0,0.0,301,nan,nan,0,T_JUNCTION,51,1,1,0
32.63576555252075,0.0,0.0,0.0,0.0,0.0,0.0,0.0,301,nan,nan,0,T_JUNCTION,51,1,1,0
32.655781745910645,0.0,0.0,0.0,0.0,0.0,0.0,0.0,301,nan,nan,0,T_JUNCTION,51,1,1,0
32.675763845443726,0.0,0.0,0.0,0.0,0.0,0.0,0.0,301,nan,nan,0,T_JUNCTION,51,1,1,0
32.69576334953308,0.0,0.0,0.0,0.0,0.0,0.0,0.0,301,nan,nan,0,T_JUNCTION,51,1,1,0
32.71579313278198,0.0,0.0,0.0,0.0,0.0,0.0,0.0,301,nan,nan,0,T_JUNCTION,51,1,1,0
32.735756397247314,0.0,0.0,0.0,0.0,0.0,0.0,0.0,301,nan,nan,0,T_JUNCTION,51,1,1,0
32.75578594207764,0.0,0.0,0.0,0.0,0.0,0.0,0.0,301,nan,nan,0,T_JUNCTION,51,1,1,0
32.775757789611816,0.0,0.0,0.0,0.0,0.0,0.0,0.0,301,nan,nan,0,T_JUNCTION,51,1,1,0
32.79577040672302,0.0,0.0,0.0,0.0,0.0,0.0,0.0,301,nan,nan,0,T_JUNCTION,51,1,1,0
32.815815687179565,0.0,0.0,0.0,0.0,0.0,0.0,0.0,301,nan,nan,0,T_JUNCTION,51,1,1,0
32.835777282714844,0.0,0.0,0.0,0.0,0.0,0.0,0.0,301,nan,nan,0,T_JUNCTION,51,1,1,0
32.855770111083984,0.0,0.0,0.0,0.0,0.0,0.0,0.0,301,nan,nan,0,T_JUNCTION,51,1,1,0
32.87577152252197,0.0,0.0,0.0,0.0,0.0,0.0,0.0,301,nan,nan,0,T_JUNCTION,51,1,1,0
32.89578366279602,0.0,0.0,0.0,0.0,0.0,0.0,0.0,301,nan,nan,0,T_JUNCTION,51,1,1,0
32.91579246520996,0.0,0.0,0.0,0.0,0.0,0.0,0.0,301,nan,nan,0,T_JUNCTION,51,1,1,0
32.93575835227966,0.0,0.0,0.0,0.0,0.0,0.0,0.0,301,nan,nan,0,T_JUNCTION,51,1,1,0
32.955758810043335,0.0,0.0,0.0,0.0,0.0,0.0,0.0,301,nan,nan,0,T_JUNCTION,51,1,1,0
32.97578239440918,0.0,0.0,0.0,0.0,0.0,0.0,0.0,301,nan,nan,0,T_JUNCTION,51,1,1,0
32.99576449394226,0.0,0.0,0.0,0.0,0.0,0.0,0.0,301,nan,nan,0,T_JUNCTION,51,1,1,0
33.015782594680786,0.0,0.0,0.0,0.0,0.0,0.0,0.0,301,nan,nan,0,T_JUNCTION,51,1,1,0
33.03577995300293,0.0,0.0,0.0,0.0,0.0,0.0,0.0,301,nan,nan,0,T_JUNCTION,51,1,1,0
33.05578541755676,0.0,0.0,0.0,0.0,0.0,0.0,0.0,301,nan,nan,0,T_JUNCTION,51,1,1,0
33.07579302787781,0.0,0.0,0.0,0.0,0.0,0.0,0.0,301,nan,nan,0,T_JUNCTION,51,1,1,0
33.0957612991333,0.0,0.0,0.0,0.0,0.0,0.0,0.0,301,nan,nan,0,T_JUNCTION,51,1,1,0
33.11577844619751,0.0,0.0,0.0,0.0,0.0,0.0,0.0,301,nan,nan,0,T_JUNCTION,51,1,1,0
33.13576817512512,0.0,0.0,0.0,0.0,0.0,0.0,0.0,301,nan,nan,0,T_JUNCTION,51,1,1,0
33.155783891677856,0.0,0.0,0.0,0.0,0.0,0.0,0.0,301,nan,nan,0,T_JUNCTION,51,1,1,0
33.175758600234985,0.0,0.0,0.0,0.0,0.0,0.0,0.0,301,nan,nan,0,T_JUNCTION,51,1,1,0
33.195759296417236,0.0,0.0,0.0,0.0,0.0,0.0,0.0,301,nan,nan,0,T_JUNCTION,51,1,1,0
33.21580696105957,0.0,0.0,0.0,0.0,0.0,0.0,0.0,301,nan,nan,0,T_JUNCTION,51,1,1,0
33.23576784133911,0.0,0.0,0.0,0.0,0.0,0.0,0.0,301,nan,nan,0,T_JUNCTION,51,1,1,0
33.255789041519165,0.0,0.0,0.0,0.0,0.0,0.0,0.0,301,nan,nan,0,T_JUNCTION,51,1,1,0
33.27578353881836,0.0,0.0,0.0,0.0,0.0,0.0,0.0,301,nan,nan,0,T_JUNCTION,51,1,1,0
33.295814990997314,0.0,0.0,0.0,0.0,0.0,0.0,0.0,301,nan,nan,0,T_JUNCTION,51,1,1,0
33.31578516960144,0.0,0.0,0.0,0.0,0.0,0.0,0.0,301,nan,nan,0,T_JUNCTION,51,1,1,0
33.33577108383179,0.0,0.0,0.0,0.0,0.0,0.0,0.0,301,nan,nan,0,T_JUNCTION,51,1,1,0
33.35575485229492,0.0,0.0,0.0,0.0,0.0,0.0,0.0,301,nan,nan,0,T_JUNCTION,51,1,1,0
33.37579703330994,0.0,0.0,0.0,0.0,0.0,0.0,0.0,301,nan,nan,0,T_JUNCTION,51,1,1,0
33.39575815200806,0.0,0.0,0.0,0.0,0.0,0.0,0.0,301,nan,nan,0,T_JUNCTION,51,1,1,0
33.41577768325806,0.0,0.0,0.0,0.0,0.0,0.0,0.0,301,nan,nan,0,T_JUNCTION,51,1,1,0
33.4357647895813,0.0,0.0,0.0,0.0,0.0,0.0,0.0,301,nan,nan,0,T_JUNCTION,51,1,1,0
33.45577144622803,0.0,0.0,0.0,0.0,0.0,0.0,0.0,301,nan,nan,0,T_JUNCTION,51,1,1,0
33.4757936000824,0.0,0.0,0.0,0.0,0.0,0.0,0.0,301,nan,nan,0,T_JUNCTION,51,1,1,0
33.495776891708374,0.0,0.0,0.0,0.0,0.0,0.0,0.0,301,nan,nan,0,T_JUNCTION,51,1,1,0
33.51579260826111,0.0,0.0,0.0,0.0,0.0,0.0,0.0,301,nan,nan,0,T_JUNCTION,51,1,1,0
33.53579044342041,0.0,0.0,0.0,0.0,0.0,0.0,0.0,301,nan,nan,0,T_JUNCTION,51,1,1,0
33.55579113960266,0.0,0.0,0.0,0.0,0.0,0.0,0.0,301,nan,nan,0,T_JUNCTION,51,1,1,0
33.5757782459259,0.0,0.0,0.0,0.0,0.0,0.0,0.0,301,nan,nan,0,T_JUNCTION,51,1,1,0
33.595762491226196,0.0,0.0,0.0,0.0,0.0,0.0,0.0,301,nan,nan,0,T_JUNCTION,51,1,1,0
33.615782737731934,0.0,0.0,0.0,0.0,0.0,0.0,0.0,301,nan,nan,0,T_JUNCTION,51,1,1,0
33.635785818099976,0.0,0.0,0.0,0.0,0.0,0.0,0.0,301,nan,nan,0,T_JUNCTION,51,1,1,0
33.65580368041992,0.0,0.0,0.0,0.0,0.0,0.0,0.0,301,nan,nan,0,T_JUNCTION,51,1,1,0
33.67576575279236,0.0,0.0,0.0,0.0,0.0,0.0,0.0,301,nan,nan,0,T_JUNCTION,51,1,1,0
33.69577622413635,0.0,0.0,0.0,0.0,0.0,0.0,0.0,301,nan,nan,0,T_JUNCTION,51,1,1,0
33.71580958366394,0.0,0.0,0.0,0.0,0.0,0.0,0.0,301,nan,nan,0,T_JUNCTION,51,1,1,0
33.735814332962036,0.0,0.0,0.0,0.0,0.0,0.0,0.0,301,nan,nan,0,T_JUNCTION,51,1,1,0
33.755969762802124,0.0,0.0,0.0,0.0,0.0,0.0,0.0,301,nan,nan,0,T_JUNCTION,51,1,1,0
33.77592349052429,0.0,0.0,0.0,0.0,0.0,0.0,0.0,301,nan,nan,0,T_JUNCTION,51,1,1,0
33.795942544937134,0.0,0.0,0.0,0.0,0.0,0.0,0.0,301,nan,nan,0,T_JUNCTION,51,1,1,0
33.815855979919434,0.0,0.0,0.0,0.0,0.0,0.0,0.0,301,nan,nan,0,T_JUNCTION,51,1,1,0
33.83577275276184,0.0,0.0,0.0,0.0,0.0,0.0,0.0,301,nan,nan,0,T_JUNCTION,51,1,1,0
33.85578727722168,0.0,0.0,0.0,0.0,0.0,0.0,0.0,301,nan,nan,0,T_JUNCTION,51,1,1,0
33.87592625617981,0.0,0.0,0.0,0.0,0.0,0.0,0.0,301,nan,nan,0,T_JUNCTION,51,1,1,0
33.89593744277954,0.0,0.0,0.0,0.0,0.0,0.0,0.0,301,nan,nan,0,T_JUNCTION,51,1,1,0
33.915879249572754,0.0,0.0,0.0,0.0,0.0,0.0,0.0,301,nan,nan,0,T_JUNCTION,51,1,1,0
33.93592548370361,0.0,0.0,0.0,0.0,0.0,0.0,0.0,301,nan,nan,0,T_JUNCTION,51,1,1,0
33.955918312072754,0.0,0.0,0.0,0.0,0.0,0.0,0.0,301,nan,nan,0,T_JUNCTION,51,1,1,0
33.975890159606934,0.0,0.0,0.0,0.0,0.0,0.0,0.0,301,nan,nan,0,T_JUNCTION,51,1,1,0
33.99574303627014,0.0,0.0,0.0,0.0,0.0,0.0,0.0,301,nan,nan,0,T_JUNCTION,51,1,1,0
34.01576232910156,0.0,0.0,0.0,0.0,0.0,0.0,0.0,301,nan,nan,0,T_JUNCTION,51,1,1,0
34.0358304977417,0.0,0.0,0.0,0.0,0.0,0.0,0.0,301,nan,nan,0,T_JUNCTION,51,1,1,0
34.0558922290802,0.0,0.0,0.0,0.0,0.0,0.0,0.0,301,nan,nan,0,T_JUNCTION,51,1,1,0
34.07577037811279,0.0,0.0,0.0,0.0,0.0,0.0,0.0,301,nan,nan,0,T_JUNCTION,51,1,1,0
34.09577655792236,0.0,0.0,0.0,0.0,0.0,0.0,0.0,301,nan,nan,0,T_JUNCTION,51,1,1,0
34.11578297615051,0.0,0.0,0.0,0.0,0.0,0.0,0.0,301,nan,nan,0,T_JUNCTION,51,1,1,0
34.13593006134033,0.0,0.0,0.0,0.0,0.0,0.0,0.0,301,nan,nan,0,T_JUNCTION,51,1,1,0
34.155834913253784,0.0,0.0,0.0,0.0,0.0,0.0,0.0,301,nan,nan,0,T_JUNCTION,51,1,1,0
34.17589330673218,0.0,0.0,0.0,0.0,0.0,0.0,0.0,301,nan,nan,0,T_JUNCTION,51,1,1,0
34.195945262908936,0.0,0.0,0.0,0.0,0.0,0.0,0.0,301,nan,nan,0,T_JUNCTION,51,1,1,0
34.215803384780884,0.0,0.0,0.0,0.0,0.0,0.0,0.0,301,nan,nan,0,T_JUNCTION,51,1,1,0
34.235947608947754,0.0,0.0,0.0,0.0,0.0,0.0,0.0,301,nan,nan,0,T_JUNCTION,51,1,1,0
34.255903005599976,0.0,0.0,0.0,0.0,0.0,0.0,0.0,301,nan,nan,0,T_JUNCTION,51,1,1,0
34.27592754364014,0.0,0.0,0.0,0.0,0.0,0.0,0.0,301,nan,nan,0,T_JUNCTION,51,1,1,0
34.29582977294922,0.0,0.0,0.0,0.0,0.0,0.0,0.0,301,nan,nan,0,T_JUNCTION,51,1,1,0
34.3158061504364,0.0,0.0,0.0,0.0,0.0,0.0,0.0,301,nan,nan,0,T_JUNCTION,51,1,1,0
34.33579969406128,0.0,0.0,0.0,0.0,0.0,0.0,0.0,301,nan,nan,0,T_JUNCTION,51,1,1,0
34.35580348968506,0.0,0.0,0.0,0.0,0.0,0.0,0.0,301,nan,nan,0,T_JUNCTION,51,1,1,0
34.375808238983154,0.0,0.0,0.0,0.0,0.0,0.0,0.0,301,nan,nan,0,T_JUNCTION,51,1,1,0
34.39579629898071,0.0,0.0,0.0,0.0,0.0,0.0,0.0,301,nan,nan,0,T_JUNCTION,51,1,1,0
34.41577124595642,0.0,0.0,0.0,0.0,0.0,0.0,0.0,301,nan,nan,0,T_JUNCTION,51,1,1,0
34.4358184337616,0.0,0.0,0.0,0.0,0.0,0.0,0.0,301,nan,nan,0,T_JUNCTION,51,1,1,0
34.455808877944946,0.0,0.0,0.0,0.0,0.0,0.0,0.0,301,nan,nan,0,T_JUNCTION,51,1,1,0
34.475844621658325,0.0,0.0,0.0,0.0,0.0,0.0,0.0,301,nan,nan,0,T_JUNCTION,51,1,1,0
34.49580097198486,0.0,0.0,0.0,0.0,0.0,0.0,0.0,301,nan,nan,0,T_JUNCTION,51,1,1,0
34.51580739021301,0.0,0.0,0.0,0.0,0.0,0.0,0.0,301,nan,nan,0,T_JUNCTION,51,1,1,0
34.535850286483765,0.0,0.0,0.0,0.0,0.0,0.0,0.0,301,nan,nan,0,T_JUNCTION,51,1,1,0
34.55581855773926,0.0,0.0,0.0,0.0,0.0,0.0,0.0,301,nan,nan,0,T_JUNCTION,51,1,1,0
34.57578182220459,0.0,0.0,0.0,0.0,0.0,0.0,0.0,301,nan,nan,0,T_JUNCTION,51,1,1,0
34.595765829086304,0.0,0.0,0.0,0.0,0.0,0.0,0.0,301,nan,nan,0,T_JUNCTION,51,1,1,0
34.61581873893738,0.0,0.0,0.0,0.0,0.0,0.0,0.0,301,nan,nan,0,T_JUNCTION,51,1,1,0
34.635796546936035,0.0,0.0,0.0,0.0,0.0,0.0,0.0,301,nan,nan,0,T_JUNCTION,51,1,1,0
34.655845642089844,0.0,0.0,0.0,0.0,0.0,0.0,0.0,301,nan,nan,0,T_JUNCTION,51,1,1,0
34.675796031951904,0.0,0.0,0.0,0.0,0.0,0.0,0.0,301,nan,nan,0,T_JUNCTION,51,1,1,0
34.69578504562378,0.0,0.0,0.0,0.0,0.0,0.0,0.0,301,nan,nan,0,T_JUNCTION,51,1,1,0
34.715818881988525,0.0,0.0,0.0,0.0,0.0,0.0,0.0,301,nan,nan,0,T_JUNCTION,51,1,1,0
34.73577809333801,0.0,0.0,0.0,0.0,0.0,0.0,0.0,301,nan,nan,0,T_JUNCTION,51,1,1,0
34.75583863258362,0.0,0.0,0.0,0.0,0.0,0.0,0.0,301,nan,nan,0,T_JUNCTION,51,1,1,0
34.775890588760376,0.0,0.0,0.0,0.0,0.0,0.0,0.0,301,nan,nan,0,T_JUNCTION,51,1,1,0
34.795873403549194,0.0,0.0,0.0,0.0,0.0,0.0,0.0,301,nan,nan,0,T_JUNCTION,51,1,1,0
34.81578016281128,0.0,0.0,0.0,0.0,0.0,0.0,0.0,301,nan,nan,0,T_JUNCTION,51,1,1,0
34.835875272750854,0.0,0.0,0.0,0.0,0.0,0.0,0.0,301,nan,nan,0,T_JUNCTION,51,1,1,0
34.85584855079651,0.0,0.0,0.0,0.0,0.0,0.0,0.0,301,nan,nan,0,T_JUNCTION,51,1,1,0
34.875847816467285,0.0,0.0,0.0,0.0,0.0,0.0,0.0,301,nan,nan,0,T_JUNCTION,51,1,1,0
34.89588212966919,0.0,0.0,0.0,0.0,0.0,0.0,0.0,301,nan,nan,0,T_JUNCTION,51,1,1,0
34.915783643722534,0.0,0.0,0.0,0.0,0.0,0.0,0.0,301,nan,nan,0,T_JUNCTION,51,1,1,0
34.93581962585449,0.0,0.0,0.0,0.0,0.0,0.0,0.0,301,nan,nan,0,T_JUNCTION,51,1,1,0
34.95582127571106,0.0,0.0,0.0,0.0,0.0,0.0,0.0,301,nan,nan,0,T_JUNCTION,51,1,1,0
34.97574782371521,0.0,0.0,0.0,0.0,0.0,0.0,0.0,301,nan,nan,0,T_JUNCTION,51,1,1,0
34.99573516845703,0.0,0.0,0.0,0.0,0.0,0.0,0.0,301,nan,nan,0,T_JUNCTION,51,1,1,0
35.01573061943054,0.0,0.0,0.0,0.0,0.0,0.0,0.0,301,nan,nan,0,T_JUNCTION,51,1,1,0
35.035990476608276,0.0,0.0,0.0,0.0,0.0,0.0,0.0,301,nan,nan,0,T_JUNCTION,51,1,1,0
35.055875062942505,0.0,0.0,0.0,0.0,0.0,0.0,0.0,301,nan,nan,0,T_JUNCTION,51,1,1,0
35.07582378387451,0.0,0.0,0.0,0.0,0.0,0.0,0.0,301,nan,nan,0,T_JUNCTION,51,1,1,0
35.09587216377258,0.0,0.0,0.0,0.0,0.0,0.0,0.0,301,nan,nan,0,T_JUNCTION,51,1,1,0
35.11577558517456,0.0,0.0,0.0,0.0,0.0,0.0,0.0,301,nan,nan,0,T_JUNCTION,51,1,1,0
35.13583302497864,0.0,0.0,0.0,0.0,0.0,0.0,0.0,301,nan,nan,0,T_JUNCTION,51,1,1,0
35.1558473110199,0.0,0.0,0.0,0.0,0.0,0.0,0.0,301,nan,nan,0,T_JUNCTION,51,1,1,0
35.17581582069397,0.0,0.0,0.0,0.0,0.0,0.0,0.0,301,nan,nan,0,T_JUNCTION,51,1,1,0
35.195820808410645,0.0,0.0,0.0,0.0,0.0,0.0,0.0,301,nan,nan,0,T_JUNCTION,51,1,1,0
35.21574640274048,0.0,0.0,0.0,0.0,0.0,0.0,0.0,301,nan,nan,0,T_JUNCTION,51,1,1,0
35.235944509506226,0.0,0.0,0.0,0.0,0.0,0.0,0.0,301,nan,nan,0,T_JUNCTION,51,1,1,0
35.255829095840454,0.0,0.0,0.0,0.0,0.0,0.0,0.0,301,nan,nan,0,T_JUNCTION,51,1,1,0
35.27586650848389,0.0,0.0,0.0,0.0,0.0,0.0,0.0,301,nan,nan,0,T_JUNCTION,51,1,1,0
35.2958881855011,0.0,0.0,0.0,0.0,0.0,0.0,0.0,301,nan,nan,0,T_JUNCTION,51,1,1,0
35.31582951545715,0.0,0.0,0.0,0.0,0.0,0.0,0.0,301,nan,nan,0,T_JUNCTION,51,1,1,0
35.33582949638367,0.0,0.0,0.0,0.0,0.0,0.0,0.0,301,nan,nan,0,T_JUNCTION,51,1,1,0
35.355820417404175,0.0,0.0,0.0,0.0,0.0,0.0,0.0,301,nan,nan,0,T_JUNCTION,51,1,1,0
35.37585163116455,0.0,0.0,0.0,0.0,0.0,0.0,0.0,301,nan,nan,0,T_JUNCTION,51,1,1,0
35.39576005935669,0.0,0.0,0.0,0.0,0.0,0.0,0.0,301,nan,nan,0,T_JUNCTION,51,1,1,0
35.41574192047119,0.0,0.0,0.0,0.0,0.0,0.0,0.0,301,nan,nan,0,T_JUNCTION,51,1,1,0
35.43584704399109,0.0,0.0,0.0,0.0,0.0,0.0,0.0,301,nan,nan,0,T_JUNCTION,51,1,1,0
35.455849409103394,0.0,0.0,0.0,0.0,0.0,0.0,0.0,301,nan,nan,0,T_JUNCTION,51,1,1,0
35.47581744194031,0.0,0.0,0.0,0.0,0.0,0.0,0.0,301,nan,nan,0,T_JUNCTION,51,1,1,0
35.49586820602417,0.0,0.0,0.0,0.0,0.0,0.0,0.0,301,nan,nan,0,T_JUNCTION,51,1,1,0
35.515806674957275,0.0,0.0,0.0,0.0,0.0,0.0,0.0,301,nan,nan,0,T_JUNCTION,51,1,1,0
35.53583765029907,0.0,0.0,0.0,0.0,0.0,0.0,0.0,301,nan,nan,0,T_JUNCTION,51,1,1,0
35.55582141876221,0.0,0.0,0.0,0.0,0.0,0.0,0.0,301,nan,nan,0,T_JUNCTION,51,1,1,0
35.57586073875427,0.0,0.0,0.0,0.0,0.0,0.0,0.0,301,nan,nan,0,T_JUNCTION,51,1,1,0
35.59588980674744,0.0,0.0,0.0,0.0,0.0,0.0,0.0,301,nan,nan,0,T_JUNCTION,51,1,1,0
35.61577534675598,0.0,0.0,0.0,0.0,0.0,0.0,0.0,301,nan,nan,0,T_JUNCTION,51,1,1,0
35.63589811325073,0.0,0.0,0.0,0.0,0.0,0.0,0.0,301,nan,nan,0,T_JUNCTION,51,1,1,0
35.65582585334778,0.0,0.0,0.0,0.0,0.0,0.0,0.0,301,nan,nan,0,T_JUNCTION,51,1,1,0
35.67577314376831,0.0,0.0,0.0,0.0,0.0,0.0,0.0,301,nan,nan,0,T_JUNCTION,51,1,1,0
35.695775508880615,0.0,0.0,0.0,0.0,0.0,0.0,0.0,301,nan,nan,0,T_JUNCTION,51,1,1,0
35.71576976776123,0.0,0.0,0.0,0.0,0.0,0.0,0.0,301,nan,nan,0,T_JUNCTION,51,1,1,0
35.73577570915222,0.0,0.0,0.0,0.0,0.0,0.0,0.0,301,nan,nan,0,T_JUNCTION,51,1,1,0
35.75576710700989,0.0,0.0,0.0,0.0,0.0,0.0,0.0,301,nan,nan,0,T_JUNCTION,51,1,1,0
35.77576422691345,0.0,0.0,0.0,0.0,0.0,0.0,0.0,301,nan,nan,0,T_JUNCTION,51,1,1,0
35.79576563835144,0.0,0.0,0.0,0.0,0.0,0.0,0.0,301,nan,nan,0,T_JUNCTION,51,1,1,0
35.815778970718384,0.0,0.0,0.0,0.0,0.0,0.0,0.0,301,nan,nan,0,T_JUNCTION,51,1,1,0
35.8357789516449,0.0,0.0,0.0,0.0,0.0,0.0,0.0,301,nan,nan,0,T_JUNCTION,51,1,1,0
35.855791091918945,0.0,0.0,0.0,0.0,0.0,0.0,0.0,301,nan,nan,0,T_JUNCTION,51,1,1,0
35.87577247619629,0.0,0.0,0.0,0.0,0.0,0.0,0.0,301,nan,nan,0,T_JUNCTION,51,1,1,0
35.895771503448486,0.0,0.0,0.0,0.0,0.0,0.0,0.0,301,nan,nan,0,T_JUNCTION,51,1,1,0
35.915769815444946,0.0,0.0,0.0,0.0,0.0,0.0,0.0,301,nan,nan,0,T_JUNCTION,51,1,1,0
35.93576765060425,0.0,0.0,0.0,0.0,0.0,0.0,0.0,301,nan,nan,0,T_JUNCTION,51,1,1,0
35.95576786994934,0.0,0.0,0.0,0.0,0.0,0.0,0.0,301,nan,nan,0,T_JUNCTION,51,1,1,0
35.97577881813049,0.0,0.0,0.0,0.0,0.0,0.0,0.0,301,nan,nan,0,T_JUNCTION,51,1,1,0
35.995763301849365,0.0,0.0,0.0,0.0,0.0,0.0,0.0,301,nan,nan,0,T_JUNCTION,51,1,1,0
36.015772581100464,0.0,0.0,0.0,0.0,0.0,0.0,0.0,301,nan,nan,0,T_JUNCTION,51,1,1,0
36.03576898574829,0.0,0.0,0.0,0.0,0.0,0.0,0.0,301,nan,nan,0,T_JUNCTION,51,1,1,0
36.05577754974365,0.0,0.0,0.0,0.0,0.0,0.0,0.0,301,nan,nan,0,T_JUNCTION,51,1,1,0
36.07577204704285,0.0,0.0,0.0,0.0,0.0,0.0,0.0,301,nan,nan,0,T_JUNCTION,51,1,1,0
36.09576869010925,0.0,0.0,0.0,0.0,0.0,0.0,0.0,301,nan,nan,0,T_JUNCTION,51,1,1,0
36.11579632759094,0.0,0.0,0.0,0.0,0.0,0.0,0.0,301,nan,nan,0,T_JUNCTION,51,1,1,0
36.135764837265015,0.0,0.0,0.0,0.0,0.0,0.0,0.0,301,nan,nan,0,T_JUNCTION,51,1,1,0
36.15576791763306,0.0,0.0,0.0,0.0,0.0,0.0,0.0,301,nan,nan,0,T_JUNCTION,51,1,1,0
36.175761699676514,0.0,0.0,0.0,0.0,0.0,0.0,0.0,301,nan,nan,0,T_JUNCTION,51,1,1,0
36.19576358795166,0.0,0.0,0.0,0.0,0.0,0.0,0.0,301,nan,nan,0,T_JUNCTION,51,1,1,0
36.21576428413391,0.0,0.0,0.0,0.0,0.0,0.0,0.0,301,nan,nan,0,T_JUNCTION,51,1,1,0
36.235761404037476,0.0,0.0,0.0,0.0,0.0,0.0,0.0,301,nan,nan,0,T_JUNCTION,51,1,1,0
36.25577473640442,0.0,0.0,0.0,0.0,0.0,0.0,0.0,301,nan,nan,0,T_JUNCTION,51,1,1,0
36.27577042579651,0.0,0.0,0.0,0.0,0.0,0.0,0.0,301,nan,nan,0,T_JUNCTION,51,1,1,0
36.29583024978638,0.0,0.0,0.0,0.0,0.0,0.0,0.0,301,nan,nan,0,T_JUNCTION,51,1,1,0
36.31577944755554,0.0,0.0,0.0,0.0,0.0,0.0,0.0,301,nan,nan,0,T_JUNCTION,51,1,1,0
36.33577251434326,0.0,0.0,0.0,0.0,0.0,0.0,0.0,301,nan,nan,0,T_JUNCTION,51,1,1,0
36.3557813167572,0.0,0.0,0.0,0.0,0.0,0.0,0.0,301,nan,nan,0,T_JUNCTION,51,1,1,0
36.37580418586731,0.0,0.0,0.0,0.0,0.0,0.0,0.0,301,nan,nan,0,T_JUNCTION,51,1,1,0
36.395758628845215,0.0,0.0,0.0,0.0,0.0,0.0,0.0,301,nan,nan,0,T_JUNCTION,51,1,1,0
36.41577744483948,0.0,0.0,0.0,0.0,0.0,0.0,0.0,301,nan,nan,0,T_JUNCTION,51,1,1,0
36.43576407432556,0.0,0.0,0.0,0.0,0.0,0.0,0.0,301,nan,nan,0,T_JUNCTION,51,1,1,0
36.45577144622803,0.0,0.0,0.0,0.0,0.0,0.0,0.0,301,nan,nan,0,T_JUNCTION,51,1,1,0
36.475788831710815,0.0,0.0,0.0,0.0,0.0,0.0,0.0,301,nan,nan,0,T_JUNCTION,51,1,1,0
36.49578785896301,0.0,0.0,0.0,0.0,0.0,0.0,0.0,301,nan,nan,0,T_JUNCTION,51,1,1,0
36.51575779914856,0.0,0.0,0.0,0.0,0.0,0.0,0.0,301,nan,nan,0,T_JUNCTION,51,1,1,0
36.53576922416687,0.0,0.0,0.0,0.0,0.0,0.0,0.0,301,nan,nan,0,T_JUNCTION,51,1,1,0
36.55576300621033,0.0,0.0,0.0,0.0,0.0,0.0,0.0,301,nan,nan,0,T_JUNCTION,51,1,1,0
36.575756788253784,0.0,0.0,0.0,0.0,0.0,0.0,0.0,301,nan,nan,0,T_JUNCTION,51,1,1,0
36.59576344490051,0.0,0.0,0.0,0.0,0.0,0.0,0.0,301,nan,nan,0,T_JUNCTION,51,1,1,0
36.615763902664185,0.0,0.0,0.0,0.0,0.0,0.0,0.0,301,nan,nan,0,T_JUNCTION,51,1,1,0
36.63576364517212,0.0,0.0,0.0,0.0,0.0,0.0,0.0,301,nan,nan,0,T_JUNCTION,51,1,1,0
36.65579652786255,0.0,0.0,0.0,0.0,0.0,0.0,0.0,301,nan,nan,0,T_JUNCTION,51,1,1,0
36.67576360702515,0.0,0.0,0.0,0.0,0.0,0.0,0.0,301,nan,nan,0,T_JUNCTION,51,1,1,0
36.69577383995056,0.0,0.0,0.0,0.0,0.0,0.0,0.0,301,nan,nan,0,T_JUNCTION,51,1,1,0
36.71575474739075,0.0,0.0,0.0,0.0,0.0,0.0,0.0,301,nan,nan,0,T_JUNCTION,51,1,1,0
36.73576998710632,0.0,0.0,0.0,0.0,0.0,0.0,0.0,301,nan,nan,0,T_JUNCTION,51,1,1,0
36.755765199661255,0.0,0.0,0.0,0.0,0.0,0.0,0.0,301,nan,nan,0,T_JUNCTION,51,1,1,0
36.77577471733093,0.0,0.0,0.0,0.0,0.0,0.0,0.0,301,nan,nan,0,T_JUNCTION,51,1,1,0
36.79577350616455,0.0,0.0,0.0,0.0,0.0,0.0,0.0,301,nan,nan,0,T_JUNCTION,51,1,1,0
36.81576442718506,0.0,0.0,0.0,0.0,0.0,0.0,0.0,301,nan,nan,0,T_JUNCTION,51,1,1,0
36.835787773132324,0.0,0.0,0.0,0.0,0.0,0.0,0.0,301,nan,nan,0,T_JUNCTION,51,1,1,0
36.855769872665405,0.0,0.0,0.0,0.0,0.0,0.0,0.0,301,nan,nan,0,T_JUNCTION,51,1,1,0
36.87578463554382,0.0,0.0,0.0,0.0,0.0,0.0,0.0,301,nan,nan,0,T_JUNCTION,51,1,1,0
36.895774841308594,0.0,0.0,0.0,0.0,0.0,0.0,0.0,301,nan,nan,0,T_JUNCTION,51,1,1,0
36.91577649116516,0.0,0.0,0.0,0.0,0.0,0.0,0.0,301,nan,nan,0,T_JUNCTION,51,1,1,0
36.93577289581299,0.0,0.0,0.0,0.0,0.0,0.0,0.0,301,nan,nan,0,T_JUNCTION,51,1,1,0
36.95576500892639,0.0,0.0,0.0,0.0,0.0,0.0,0.0,301,nan,nan,0,T_JUNCTION,51,1,1,0
36.97576570510864,0.0,0.0,0.0,0.0,0.0,0.0,0.0,301,nan,nan,0,T_JUNCTION,51,1,1,0
36.9957709312439,0.0,0.0,0.0,0.0,0.0,0.0,0.0,301,nan,nan,0,T_JUNCTION,51,1,1,0
37.01577615737915,0.0,0.0,0.0,0.0,0.0,0.0,0.0,301,nan,nan,0,T_JUNCTION,51,1,1,0
37.03576707839966,0.0,0.0,0.0,0.0,0.0,0.0,0.0,301,nan,nan,0,T_JUNCTION,51,1,1,0
37.0557701587677,0.0,0.0,0.0,0.0,0.0,0.0,0.0,301,nan,nan,0,T_JUNCTION,51,1,1,0
37.07578420639038,0.0,0.0,0.0,0.0,0.0,0.0,0.0,301,nan,nan,0,T_JUNCTION,51,1,1,0
37.095765113830566,0.0,0.0,0.0,0.0,0.0,0.0,0.0,301,nan,nan,0,T_JUNCTION,51,1,1,0
37.11576247215271,0.0,0.0,0.0,0.0,0.0,0.0,0.0,301,nan,nan,0,T_JUNCTION,51,1,1,0
37.13577890396118,0.0,0.0,0.0,0.0,0.0,0.0,0.0,301,nan,nan,0,T_JUNCTION,51,1,1,0
37.155779123306274,0.0,0.0,0.0,0.0,0.0,0.0,0.0,301,nan,nan,0,T_JUNCTION,51,1,1,0
37.175769090652466,0.0,0.0,0.0,0.0,0.0,0.0,0.0,301,nan,nan,0,T_JUNCTION,51,1,1,0
37.19576454162598,0.0,0.0,0.0,0.0,0.0,0.0,0.0,301,nan,nan,0,T_JUNCTION,51,1,1,0
37.215770959854126,0.0,0.0,0.0,0.0,0.0,0.0,0.0,301,nan,nan,0,T_JUNCTION,51,1,1,0
37.23576378822327,0.0,0.0,0.0,0.0,0.0,0.0,0.0,301,nan,nan,0,T_JUNCTION,51,1,1,0
37.255775451660156,0.0,0.0,0.0,0.0,0.0,0.0,0.0,301,nan,nan,0,T_JUNCTION,51,1,1,0
37.27576565742493,0.0,0.0,0.0,0.0,0.0,0.0,0.0,301,nan,nan,0,T_JUNCTION,51,1,1,0
37.29581904411316,0.0,0.0,0.0,0.0,0.0,0.0,0.0,301,nan,nan,0,T_JUNCTION,51,1,1,0
37.31575918197632,0.0,0.0,0.0,0.0,0.0,0.0,0.0,301,nan,nan,0,T_JUNCTION,51,1,1,0
37.33577275276184,0.0,0.0,0.0,0.0,0.0,0.0,0.0,301,nan,nan,0,T_JUNCTION,51,1,1,0
37.35576581954956,0.0,0.0,0.0,0.0,0.0,0.0,0.0,301,nan,nan,0,T_JUNCTION,51,1,1,0
37.37579083442688,0.0,0.0,0.0,0.0,0.0,0.0,0.0,301,nan,nan,0,T_JUNCTION,51,1,1,0
37.395771741867065,0.0,0.0,0.0,0.0,0.0,0.0,0.0,301,nan,nan,0,T_JUNCTION,51,1,1,0
37.41575574874878,0.0,0.0,0.0,0.0,0.0,0.0,0.0,301,nan,nan,0,T_JUNCTION,51,1,1,0
37.435763359069824,0.0,0.0,0.0,0.0,0.0,0.0,0.0,301,nan,nan,0,T_JUNCTION,51,1,1,0
37.45577383041382,0.0,0.0,0.0,0.0,0.0,0.0,0.0,301,nan,nan,0,T_JUNCTION,51,1,1,0
37.47577404975891,0.0,0.0,0.0,0.0,0.0,0.0,0.0,301,nan,nan,0,T_JUNCTION,51,1,1,0
37.49577307701111,0.0,0.0,0.0,0.0,0.0,0.0,0.0,301,nan,nan,0,T_JUNCTION,51,1,1,0
37.51575946807861,0.0,0.0,0.0,0.0,0.0,0.0,0.0,301,nan,nan,0,T_JUNCTION,51,1,1,0
37.535813331604004,0.0,0.0,0.0,0.0,0.0,0.0,0.0,301,nan,nan,0,T_JUNCTION,51,1,1,0
37.55578398704529,0.0,0.0,0.0,0.0,0.0,0.0,0.0,301,nan,nan,0,T_JUNCTION,51,1,1,0
37.57577729225159,0.0,0.0,0.0,0.0,0.0,0.0,0.0,301,nan,nan,0,T_JUNCTION,51,1,1,0
37.59577417373657,0.0,0.0,0.0,0.0,0.0,0.0,0.0,301,nan,nan,0,T_JUNCTION,51,1,1,0
37.61575436592102,0.0,0.0,0.0,0.0,0.0,0.0,0.0,301,nan,nan,0,T_JUNCTION,51,1,1,0
37.63579320907593,0.0,0.0,0.0,0.0,0.0,0.0,0.0,301,nan,nan,0,T_JUNCTION,51,1,1,0
37.65579843521118,0.0,0.0,0.0,0.0,0.0,0.0,0.0,301,nan,nan,0,T_JUNCTION,51,1,1,0
37.67576265335083,0.0,0.0,0.0,0.0,0.0,0.0,0.0,301,nan,nan,0,T_JUNCTION,51,1,1,0
37.69576406478882,0.0,0.0,0.0,0.0,0.0,0.0,0.0,301,nan,nan,0,T_JUNCTION,51,1,1,0
37.71575903892517,0.0,0.0,0.0,0.0,0.0,0.0,0.0,301,nan,nan,0,T_JUNCTION,51,1,1,0
37.73576521873474,0.0,0.0,0.0,0.0,0.0,0.0,0.0,301,nan,nan,0,T_JUNCTION,51,1,1,0
37.75583243370056,0.0,0.0,0.0,0.0,0.0,0.0,0.0,301,nan,nan,0,T_JUNCTION,51,1,1,0
37.77577066421509,0.0,0.0,0.0,0.0,0.0,0.0,0.0,301,nan,nan,0,T_JUNCTION,51,1,1,0
37.79576301574707,0.0,0.0,0.0,0.0,0.0,0.0,0.0,301,nan,nan,0,T_JUNCTION,51,1,1,0
37.81576323509216,0.0,0.0,0.0,0.0,0.0,0.0,0.0,301,nan,nan,0,T_JUNCTION,51,1,1,0
37.83576202392578,0.0,0.0,0.0,0.0,0.0,0.0,0.0,301,nan,nan,0,T_JUNCTION,51,1,1,0
37.85576272010803,0.0,0.0,0.0,0.0,0.0,0.0,0.0,301,nan,nan,0,T_JUNCTION,51,1,1,0
37.87576985359192,0.0,0.0,0.0,0.0,0.0,0.0,0.0,301,nan,nan,0,T_JUNCTION,51,1,1,0
37.895769119262695,0.0,0.0,0.0,0.0,0.0,0.0,0.0,301,nan,nan,0,T_JUNCTION,51,1,1,0
37.915751934051514,0.0,0.0,0.0,0.0,0.0,0.0,0.0,301,nan,nan,0,T_JUNCTION,51,1,1,0
37.93576169013977,0.0,0.0,0.0,0.0,0.0,0.0,0.0,301,nan,nan,0,T_JUNCTION,51,1,1,0
37.955766439437866,0.0,0.0,0.0,0.0,0.0,0.0,0.0,301,nan,nan,0,T_JUNCTION,51,1,1,0
37.97576451301575,0.0,0.0,0.0,0.0,0.0,0.0,0.0,301,nan,nan,0,T_JUNCTION,51,1,1,0
37.99578094482422,0.0,0.0,0.0,0.0,0.0,0.0,0.0,301,nan,nan,0,T_JUNCTION,51,1,1,0
38.01576089859009,0.0,0.0,0.0,0.0,0.0,0.0,0.0,301,nan,nan,0,T_JUNCTION,51,1,1,0
38.035765409469604,0.0,0.0,0.0,0.0,0.0,0.0,0.0,301,nan,nan,0,T_JUNCTION,51,1,1,0
38.05578064918518,0.0,0.0,0.0,0.0,0.0,0.0,0.0,301,nan,nan,0,T_JUNCTION,51,1,1,0
38.07577180862427,0.0,0.0,0.0,0.0,0.0,0.0,0.0,301,nan,nan,0,T_JUNCTION,51,1,1,0
38.09576725959778,0.0,0.0,0.0,0.0,0.0,0.0,0.0,301,nan,nan,0,T_JUNCTION,51,1,1,0
38.115758419036865,0.0,0.0,0.0,0.0,0.0,0.0,0.0,301,nan,nan,0,T_JUNCTION,51,1,1,0
38.135778188705444,0.0,0.0,0.0,0.0,0.0,0.0,0.0,301,nan,nan,0,T_JUNCTION,51,1,1,0
38.15576982498169,0.0,0.0,0.0,0.0,0.0,0.0,0.0,301,nan,nan,0,T_JUNCTION,51,1,1,0
38.17576456069946,0.0,0.0,0.0,0.0,0.0,0.0,0.0,301,nan,nan,0,T_JUNCTION,51,1,1,0
38.195762157440186,0.0,0.0,0.0,0.0,0.0,0.0,0.0,301,nan,nan,0,T_JUNCTION,51,1,1,0
38.215763092041016,0.0,0.0,0.0,0.0,0.0,0.0,0.0,301,nan,nan,0,T_JUNCTION,51,1,1,0
38.23576378822327,0.0,0.0,0.0,0.0,0.0,0.0,0.0,301,nan,nan,0,T_JUNCTION,51,1,1,0
38.25576162338257,0.0,0.0,0.0,0.0,0.0,0.0,0.0,301,nan,nan,0,T_JUNCTION,51,1,1,0
38.27575874328613,0.0,0.0,0.0,0.0,0.0,0.0,0.0,301,nan,nan,0,T_JUNCTION,51,1,1,0
38.29594016075134,0.0,0.0,0.0,0.0,0.0,0.0,0.0,301,nan,nan,0,T_JUNCTION,51,1,1,0
38.315767765045166,0.0,0.0,0.0,0.0,0.0,0.0,0.0,301,nan,nan,0,T_JUNCTION,51,1,1,0
38.335782527923584,0.0,0.0,0.0,0.0,0.0,0.0,0.0,301,nan,nan,0,T_JUNCTION,51,1,1,0
38.35577344894409,0.0,0.0,0.0,0.0,0.0,0.0,0.0,301,nan,nan,0,T_JUNCTION,51,1,1,0
38.375808000564575,0.0,0.0,0.0,0.0,0.0,0.0,0.0,301,nan,nan,0,T_JUNCTION,51,1,1,0
38.395782709121704,0.0,0.0,0.0,0.0,0.0,0.0,0.0,301,nan,nan,0,T_JUNCTION,51,1,1,0
38.4157657623291,0.0,0.0,0.0,0.0,0.0,0.0,0.0,301,nan,nan,0,T_JUNCTION,51,1,1,0
38.435791015625,0.0,0.0,0.0,0.0,0.0,0.0,0.0,301,nan,nan,0,T_JUNCTION,51,1,1,0
38.45576572418213,0.0,0.0,0.0,0.0,0.0,0.0,0.0,301,nan,nan,0,T_JUNCTION,51,1,1,0
38.47578167915344,0.0,0.0,0.0,0.0,0.0,0.0,0.0,301,nan,nan,0,T_JUNCTION,51,1,1,0
38.495765924453735,0.0,0.0,0.0,0.0,0.0,0.0,0.0,301,nan,nan,0,T_JUNCTION,51,1,1,0
38.51575970649719,0.0,0.0,0.0,0.0,0.0,0.0,0.0,301,nan,nan,0,T_JUNCTION,51,1,1,0
38.535773515701294,0.0,0.0,0.0,0.0,0.0,0.0,0.0,301,nan,nan,0,T_JUNCTION,51,1,1,0
38.55577731132507,0.0,0.0,0.0,0.0,0.0,0.0,0.0,301,nan,nan,0,T_JUNCTION,51,1,1,0
38.57577204704285,0.0,0.0,0.0,0.0,0.0,0.0,0.0,301,nan,nan,0,T_JUNCTION,51,1,1,0
38.59577178955078,0.0,0.0,0.0,0.0,0.0,0.0,0.0,301,nan,nan,0,T_JUNCTION,51,1,1,0
38.61576199531555,0.0,0.0,0.0,0.0,0.0,0.0,0.0,301,nan,nan,0,T_JUNCTION,51,1,1,0
38.63576316833496,0.0,0.0,0.0,0.0,0.0,0.0,0.0,301,nan,nan,0,T_JUNCTION,51,1,1,0
38.655771255493164,0.0,0.0,0.0,0.0,0.0,0.0,0.0,301,nan,nan,0,T_JUNCTION,51,1,1,0
38.67576622962952,0.0,0.0,0.0,0.0,0.0,0.0,0.0,301,nan,nan,0,T_JUNCTION,51,1,1,0
38.69576597213745,0.0,0.0,0.0,0.0,0.0,0.0,0.0,301,nan,nan,0,T_JUNCTION,51,1,1,0
38.71578335762024,0.0,0.0,0.0,0.0,0.0,0.0,0.0,301,nan,nan,0,T_JUNCTION,51,1,1,0
38.735764026641846,0.0,0.0,0.0,0.0,0.0,0.0,0.0,301,nan,nan,0,T_JUNCTION,51,1,1,0
38.75576996803284,0.0,0.0,0.0,0.0,0.0,0.0,0.0,301,nan,nan,0,T_JUNCTION,51,1,1,0
38.77576518058777,0.0,0.0,0.0,0.0,0.0,0.0,0.0,301,nan,nan,0,T_JUNCTION,51,1,1,0
38.79576563835144,0.0,0.0,0.0,0.0,0.0,0.0,0.0,301,nan,nan,0,T_JUNCTION,51,1,1,0
38.815781354904175,0.0,0.0,0.0,0.0,0.0,0.0,0.0,301,nan,nan,0,T_JUNCTION,51,1,1,0
38.83575677871704,0.0,0.0,0.0,0.0,0.0,0.0,0.0,301,nan,nan,0,T_JUNCTION,51,1,1,0
38.85577154159546,0.0,0.0,0.0,0.0,0.0,0.0,0.0,301,nan,nan,0,T_JUNCTION,51,1,1,0
38.87576651573181,0.0,0.0,0.0,0.0,0.0,0.0,0.0,301,nan,nan,0,T_JUNCTION,51,1,1,0
38.89577078819275,0.0,0.0,0.0,0.0,0.0,0.0,0.0,301,nan,nan,0,T_JUNCTION,51,1,1,0
38.915751934051514,0.0,0.0,0.0,0.0,0.0,0.0,0.0,301,nan,nan,0,T_JUNCTION,51,1,1,0
38.93577861785889,0.0,0.0,0.0,0.0,0.0,0.0,0.0,301,nan,nan,0,T_JUNCTION,51,1,1,0
38.95576500892639,0.0,0.0,0.0,0.0,0.0,0.0,0.0,301,nan,nan,0,T_JUNCTION,51,1,1,0
38.975764989852905,0.0,0.0,0.0,0.0,0.0,0.0,0.0,301,nan,nan,0,T_JUNCTION,51,1,1,0
38.99575996398926,0.0,0.0,0.0,0.0,0.0,0.0,0.0,301,nan,nan,0,T_JUNCTION,51,1,1,0
39.015793561935425,0.0,0.0,0.0,0.0,0.0,0.0,0.0,301,nan,nan,0,T_JUNCTION,51,1,1,0
39.035778760910034,0.0,0.0,0.0,0.0,0.0,0.0,0.0,301,nan,nan,0,T_JUNCTION,51,1,1,0
39.05578589439392,0.0,0.0,0.0,0.0,0.0,0.0,0.0,301,nan,nan,0,T_JUNCTION,51,1,1,0
39.075753688812256,0.0,0.0,0.0,0.0,0.0,0.0,0.0,301,nan,nan,0,T_JUNCTION,51,1,1,0
39.09575629234314,0.0,0.0,0.0,0.0,0.0,0.0,0.0,301,nan,nan,0,T_JUNCTION,51,1,1,0
39.11575198173523,0.0,0.0,0.0,0.0,0.0,0.0,0.0,301,nan,nan,0,T_JUNCTION,51,1,1,0
39.13578391075134,0.0,0.0,0.0,0.0,0.0,0.0,0.0,301,nan,nan,0,T_JUNCTION,51,1,1,0
39.155768394470215,0.0,0.0,0.0,0.0,0.0,0.0,0.0,301,nan,nan,0,T_JUNCTION,51,1,1,0
39.17576575279236,0.0,0.0,0.0,0.0,0.0,0.0,0.0,301,nan,nan,0,T_JUNCTION,51,1,1,0
39.195762634277344,0.0,0.0,0.0,0.0,0.0,0.0,0.0,301,nan,nan,0,T_JUNCTION,51,1,1,0
39.215771198272705,0.0,0.0,0.0,0.0,0.0,0.0,0.0,301,nan,nan,0,T_JUNCTION,51,1,1,0
39.23577380180359,0.0,0.0,0.0,0.0,0.0,0.0,0.0,301,nan,nan,0,T_JUNCTION,51,1,1,0
39.25577640533447,0.0,0.0,0.0,0.0,0.0,0.0,0.0,301,nan,nan,0,T_JUNCTION,51,1,1,0
39.275765895843506,0.0,0.0,0.0,0.0,0.0,0.0,0.0,301,nan,nan,0,T_JUNCTION,51,1,1,0
39.29582118988037,0.0,0.0,0.0,0.0,0.0,0.0,0.0,301,nan,nan,0,T_JUNCTION,51,1,1,0
39.31577229499817,0.0,0.0,0.0,0.0,0.0,0.0,0.0,301,nan,nan,0,T_JUNCTION,51,1,1,0
39.335763454437256,0.0,0.0,0.0,0.0,0.0,0.0,0.0,301,nan,nan,0,T_JUNCTION,51,1,1,0
39.35576510429382,0.0,0.0,0.0,0.0,0.0,0.0,0.0,301,nan,nan,0,T_JUNCTION,51,1,1,0
39.37577295303345,0.0,0.0,0.0,0.0,0.0,0.0,0.0,301,nan,nan,0,T_JUNCTION,51,1,1,0
39.3957633972168,0.0,0.0,0.0,0.0,0.0,0.0,0.0,301,nan,nan,0,T_JUNCTION,51,1,1,0
39.415770053863525,0.0,0.0,0.0,0.0,0.0,0.0,0.0,301,nan,nan,0,T_JUNCTION,51,1,1,0
39.43577218055725,0.0,0.0,0.0,0.0,0.0,0.0,0.0,301,nan,nan,0,T_JUNCTION,51,1,1,0
39.45578098297119,0.0,0.0,0.0,0.0,0.0,0.0,0.0,301,nan,nan,0,T_JUNCTION,51,1,1,0
39.4758026599884,0.0,0.0,0.0,0.0,0.0,0.0,0.0,301,nan,nan,0,T_JUNCTION,51,1,1,0
39.4957754611969,0.0,0.0,0.0,0.0,0.0,0.0,0.0,301,nan,nan,0,T_JUNCTION,51,1,1,0
39.515751361846924,0.0,0.0,0.0,0.0,0.0,0.0,0.0,301,nan,nan,0,T_JUNCTION,51,1,1,0
39.53576397895813,0.0,0.0,0.0,0.0,0.0,0.0,0.0,301,nan,nan,0,T_JUNCTION,51,1,1,0
39.555784463882446,0.0,0.0,0.0,0.0,0.0,0.0,0.0,301,nan,nan,0,T_JUNCTION,51,1,1,0
39.57576060295105,0.0,0.0,0.0,0.0,0.0,0.0,0.0,301,nan,nan,0,T_JUNCTION,51,1,1,0
39.59576487541199,0.0,0.0,0.0,0.0,0.0,0.0,0.0,301,nan,nan,0,T_JUNCTION,51,1,1,0
39.61577272415161,0.0,0.0,0.0,0.0,0.0,0.0,0.0,301,nan,nan,0,T_JUNCTION,51,1,1,0
39.6357798576355,0.0,0.0,0.0,0.0,0.0,0.0,0.0,301,nan,nan,0,T_JUNCTION,51,1,1,0
39.65584945678711,0.0,0.0,0.0,0.0,0.0,0.0,0.0,301,nan,nan,0,T_JUNCTION,51,1,1,0
39.6757698059082,0.0,0.0,0.0,0.0,0.0,0.0,0.0,301,nan,nan,0,T_JUNCTION,51,1,1,0
39.695772886276245,0.0,0.0,0.0,0.0,0.0,0.0,0.0,301,nan,nan,0,T_JUNCTION,51,1,1,0
39.715773582458496,0.0,0.0,0.0,0.0,0.0,0.0,0.0,301,nan,nan,0,T_JUNCTION,51,1,1,0
39.73578906059265,0.0,0.0,0.0,0.0,0.0,0.0,0.0,301,nan,nan,0,T_JUNCTION,51,1,1,0
39.75577163696289,0.0,0.0,0.0,0.0,0.0,0.0,0.0,301,nan,nan,0,T_JUNCTION,51,1,1,0
39.77576732635498,0.0,0.0,0.0,0.0,0.0,0.0,0.0,301,nan,nan,0,T_JUNCTION,51,1,1,0
39.79581332206726,0.0,0.0,0.0,0.0,0.0,0.0,0.0,301,nan,nan,0,T_JUNCTION,51,1,1,0
39.815767765045166,0.0,0.0,0.0,0.0,0.0,0.0,0.0,301,nan,nan,0,T_JUNCTION,51,1,1,0
39.83577632904053,0.0,0.0,0.0,0.0,0.0,0.0,0.0,301,nan,nan,0,T_JUNCTION,51,1,1,0
39.85577654838562,0.0,0.0,0.0,0.0,0.0,0.0,0.0,301,nan,nan,0,T_JUNCTION,51,1,1,0
39.87579417228699,0.0,0.0,0.0,0.0,0.0,0.0,0.0,301,nan,nan,0,T_JUNCTION,51,1,1,0
39.89578151702881,0.0,0.0,0.0,0.0,0.0,0.0,0.0,301,nan,nan,0,T_JUNCTION,51,1,1,0
39.91576790809631,0.0,0.0,0.0,0.0,0.0,0.0,0.0,301,nan,nan,0,T_JUNCTION,51,1,1,0
39.93579649925232,0.0,0.0,0.0,0.0,0.0,0.0,0.0,301,nan,nan,0,T_JUNCTION,51,1,1,0
39.955775022506714,0.0,0.0,0.0,0.0,0.0,0.0,0.0,301,nan,nan,0,T_JUNCTION,51,1,1,0
39.97578430175781,0.0,0.0,0.0,0.0,0.0,0.0,0.0,301,nan,nan,0,T_JUNCTION,51,1,1,0
39.99577212333679,0.0,0.0,0.0,0.0,0.0,0.0,0.0,301,nan,nan,0,T_JUNCTION,51,1,1,0
40.015772581100464,0.0,0.0,0.0,0.0,0.0,0.0,0.0,301,nan,nan,0,T_JUNCTION,51,1,1,0
40.035784006118774,0.0,0.0,0.0,0.0,0.0,0.0,0.0,301,nan,nan,0,T_JUNCTION,51,1,1,0
40.05578899383545,0.0,0.0,0.0,0.0,0.0,0.0,0.0,301,nan,nan,0,T_JUNCTION,51,1,1,0
40.07578372955322,0.0,0.0,0.0,0.0,0.0,0.0,0.0,301,nan,nan,0,T_JUNCTION,51,1,1,0
40.09578204154968,0.0,0.0,0.0,0.0,0.0,0.0,0.0,301,nan,nan,0,T_JUNCTION,51,1,1,0
40.11577010154724,0.0,0.0,0.0,0.0,0.0,0.0,0.0,301,nan,nan,0,T_JUNCTION,51,1,1,0
40.135780572891235,0.0,0.0,0.0,0.0,0.0,0.0,0.0,301,nan,nan,0,T_JUNCTION,51,1,1,0
40.155778884887695,0.0,0.0,0.0,0.0,0.0,0.0,0.0,301,nan,nan,0,T_JUNCTION,51,1,1,0
40.17577815055847,0.0,0.0,0.0,0.0,0.0,0.0,0.0,301,nan,nan,0,T_JUNCTION,51,1,1,0
40.19579005241394,0.0,0.0,0.0,0.0,0.0,0.0,0.0,301,nan,nan,0,T_JUNCTION,51,1,1,0
40.21575736999512,0.0,0.0,0.0,0.0,0.0,0.0,0.0,301,nan,nan,0,T_JUNCTION,51,1,1,0
40.235766887664795,0.0,0.0,0.0,0.0,0.0,0.0,0.0,301,nan,nan,0,T_JUNCTION,51,1,1,0
40.25577783584595,0.0,0.0,0.0,0.0,0.0,0.0,0.0,301,nan,nan,0,T_JUNCTION,51,1,1,0
40.27578115463257,0.0,0.0,0.0,0.0,0.0,0.0,0.0,301,nan,nan,0,T_JUNCTION,51,1,1,0
40.29577565193176,0.0,0.0,0.0,0.0,0.0,0.0,0.0,301,nan,nan,0,T_JUNCTION,51,1,1,0
40.315762519836426,0.0,0.0,0.0,0.0,0.0,0.0,0.0,301,nan,nan,0,T_JUNCTION,51,1,1,0
40.33576703071594,0.0,0.0,0.0,0.0,0.0,0.0,0.0,301,nan,nan,0,T_JUNCTION,51,1,1,0
40.35577034950256,0.0,0.0,0.0,0.0,0.0,0.0,0.0,301,nan,nan,0,T_JUNCTION,51,1,1,0
40.37577819824219,0.0,0.0,0.0,0.0,0.0,0.0,0.0,301,nan,nan,0,T_JUNCTION,51,1,1,0
40.3957633972168,0.0,0.0,0.0,0.0,0.0,0.0,0.0,301,nan,nan,0,T_JUNCTION,51,1,1,0
40.41576075553894,0.0,0.0,0.0,0.0,0.0,0.0,0.0,301,nan,nan,0,T_JUNCTION,51,1,1,0
40.435770988464355,0.0,0.0,0.0,0.0,0.0,0.0,0.0,301,nan,nan,0,T_JUNCTION,51,1,1,0
40.455796241760254,0.0,0.0,0.0,0.0,0.0,0.0,0.0,301,nan,nan,0,T_JUNCTION,51,1,1,0
40.475765228271484,0.0,0.0,0.0,0.0,0.0,0.0,0.0,301,nan,nan,0,T_JUNCTION,51,1,1,0
40.49577593803406,0.0,0.0,0.0,0.0,0.0,0.0,0.0,301,nan,nan,0,T_JUNCTION,51,1,1,0
40.51575565338135,0.0,0.0,0.0,0.0,0.0,0.0,0.0,301,nan,nan,0,T_JUNCTION,51,1,1,0
40.53581190109253,0.0,0.0,0.0,0.0,0.0,0.0,0.0,301,nan,nan,0,T_JUNCTION,51,1,1,0
40.555781841278076,0.0,0.0,0.0,0.0,0.0,0.0,0.0,301,nan,nan,0,T_JUNCTION,51,1,1,0
40.57580208778381,0.0,0.0,0.0,0.0,0.0,0.0,0.0,301,nan,nan,0,T_JUNCTION,51,1,1,0
40.595786571502686,0.0,0.0,0.0,0.0,0.0,0.0,0.0,301,nan,nan,0,T_JUNCTION,51,1,1,0
40.61575651168823,0.0,0.0,0.0,0.0,0.0,0.0,0.0,301,nan,nan,0,T_JUNCTION,51,1,1,0
40.63576912879944,0.0,0.0,0.0,0.0,0.0,0.0,0.0,301,nan,nan,0,T_JUNCTION,51,1,1,0
40.65580725669861,0.0,0.0,0.0,0.0,0.0,0.0,0.0,301,nan,nan,0,T_JUNCTION,51,1,1,0
40.675798177719116,0.0,0.0,0.0,0.0,0.0,0.0,0.0,301,nan,nan,0,T_JUNCTION,51,1,1,0
40.69576549530029,0.0,0.0,0.0,0.0,0.0,0.0,0.0,301,nan,nan,0,T_JUNCTION,51,1,1,0
40.715760946273804,0.0,0.0,0.0,0.0,0.0,0.0,0.0,301,nan,nan,0,T_JUNCTION,51,1,1,0
40.7357280254364,0.0,0.0,0.0,0.0,0.0,0.0,0.0,301,nan,nan,0,T_JUNCTION,51,1,1,0
40.75575137138367,0.0,0.0,0.0,0.0,0.0,0.0,0.0,301,nan,nan,0,T_JUNCTION,51,1,1,0
40.77576303482056,0.0,0.0,0.0,0.0,0.0,0.0,0.0,301,nan,nan,0,T_JUNCTION,51,1,1,0
40.79577040672302,0.0,0.0,0.0,0.0,0.0,0.0,0.0,301,nan,nan,0,T_JUNCTION,51,1,1,0
40.81576633453369,0.0,0.0,0.0,0.0,0.0,0.0,0.0,301,nan,nan,0,T_JUNCTION,51,1,1,0
40.835792779922485,0.0,0.0,0.0,0.0,0.0,0.0,0.0,301,nan,nan,0,T_JUNCTION,51,1,1,0
40.855777978897095,0.0,0.0,0.0,0.0,0.0,0.0,0.0,301,nan,nan,0,T_JUNCTION,51,1,1,0
40.875789642333984,0.0,0.0,0.0,0.0,0.0,0.0,0.0,301,nan,nan,0,T_JUNCTION,51,1,1,0
40.89577579498291,0.0,0.0,0.0,0.0,0.0,0.0,0.0,301,nan,nan,0,T_JUNCTION,51,1,1,0
40.915757179260254,0.0,0.0,0.0,0.0,0.0,0.0,0.0,301,nan,nan,0,T_JUNCTION,51,1,1,0
40.93576788902283,0.0,0.0,0.0,0.0,0.0,0.0,0.0,301,nan,nan,0,T_JUNCTION,51,1,1,0
40.95575976371765,0.0,0.0,0.0,0.0,0.0,0.0,0.0,301,nan,nan,0,T_JUNCTION,51,1,1,0
40.9757513999939,0.0,0.0,0.0,0.0,0.0,0.0,0.0,301,nan,nan,0,T_JUNCTION,51,1,1,0
40.99578809738159,0.0,0.0,0.0,0.0,0.0,0.0,0.0,301,nan,nan,0,T_JUNCTION,51,1,1,0
41.015758752822876,0.0,0.0,0.0,0.0,0.0,0.0,0.0,301,nan,nan,0,T_JUNCTION,51,1,1,0
41.035789251327515,0.0,0.0,0.0,0.0,0.0,0.0,0.0,301,nan,nan,0,T_JUNCTION,51,1,1,0
41.05581283569336,0.0,0.0,0.0,0.0,0.0,0.0,0.0,301,nan,nan,0,T_JUNCTION,51,1,1,0
41.075782775878906,0.0,0.0,0.0,0.0,0.0,0.0,0.0,301,nan,nan,0,T_JUNCTION,51,1,1,0
41.095767974853516,0.0,0.0,0.0,0.0,0.0,0.0,0.0,301,nan,nan,0,T_JUNCTION,51,1,1,0
41.11578631401062,0.0,0.0,0.0,0.0,0.0,0.0,0.0,301,nan,nan,0,T_JUNCTION,51,1,1,0
41.135764360427856,0.0,0.0,0.0,0.0,0.0,0.0,0.0,301,nan,nan,0,T_JUNCTION,51,1,1,0
41.155771255493164,0.0,0.0,0.0,0.0,0.0,0.0,0.0,301,nan,nan,0,T_JUNCTION,51,1,1,0
41.17577385902405,0.0,0.0,0.0,0.0,0.0,0.0,0.0,301,nan,nan,0,T_JUNCTION,51,1,1,0
41.19577407836914,0.0,0.0,0.0,0.0,0.0,0.0,0.0,301,nan,nan,0,T_JUNCTION,51,1,1,0
41.21577191352844,0.0,0.0,0.0,0.0,0.0,0.0,0.0,301,nan,nan,0,T_JUNCTION,51,1,1,0
41.235777616500854,0.0,0.0,0.0,0.0,0.0,0.0,0.0,301,nan,nan,0,T_JUNCTION,51,1,1,0
41.255797386169434,0.0,0.0,0.0,0.0,0.0,0.0,0.0,301,nan,nan,0,T_JUNCTION,51,1,1,0
41.27575874328613,0.0,0.0,0.0,0.0,0.0,0.0,0.0,301,nan,nan,0,T_JUNCTION,51,1,1,0
41.295780181884766,0.0,0.0,0.0,0.0,0.0,0.0,0.0,301,nan,nan,0,T_JUNCTION,51,1,1,0
41.31576347351074,0.0,0.0,0.0,0.0,0.0,0.0,0.0,301,nan,nan,0,T_JUNCTION,51,1,1,0
41.33579206466675,0.0,0.0,0.0,0.0,0.0,0.0,0.0,301,nan,nan,0,T_JUNCTION,51,1,1,0
41.35577058792114,0.0,0.0,0.0,0.0,0.0,0.0,0.0,301,nan,nan,0,T_JUNCTION,51,1,1,0
41.37578296661377,0.0,0.0,0.0,0.0,0.0,0.0,0.0,301,nan,nan,0,T_JUNCTION,51,1,1,0
41.39577007293701,0.0,0.0,0.0,0.0,0.0,0.0,0.0,301,nan,nan,0,T_JUNCTION,51,1,1,0
41.41576409339905,0.0,0.0,0.0,0.0,0.0,0.0,0.0,301,nan,nan,0,T_JUNCTION,51,1,1,0
41.43577480316162,0.0,0.0,0.0,0.0,0.0,0.0,0.0,301,nan,nan,0,T_JUNCTION,51,1,1,0
41.45579171180725,0.0,0.0,0.0,0.0,0.0,0.0,0.0,301,nan,nan,0,T_JUNCTION,51,1,1,0
41.47578978538513,0.0,0.0,0.0,0.0,0.0,0.0,0.0,301,nan,nan,0,T_JUNCTION,51,1,1,0
41.495776891708374,0.0,0.0,0.0,0.0,0.0,0.0,0.0,301,nan,nan,0,T_JUNCTION,51,1,1,0
41.515777826309204,0.0,0.0,0.0,0.0,0.0,0.0,0.0,301,nan,nan,0,T_JUNCTION,51,1,1,0
41.53577947616577,0.0,0.0,0.0,0.0,0.0,0.0,0.0,301,nan,nan,0,T_JUNCTION,51,1,1,0
41.55576801300049,0.0,0.0,0.0,0.0,0.0,0.0,0.0,301,nan,nan,0,T_JUNCTION,51,1,1,0
41.57577300071716,0.0,0.0,0.0,0.0,0.0,0.0,0.0,301,nan,nan,0,T_JUNCTION,51,1,1,0
41.595781087875366,0.0,0.0,0.0,0.0,0.0,0.0,0.0,301,nan,nan,0,T_JUNCTION,51,1,1,0
41.615777015686035,0.0,0.0,0.0,0.0,0.0,0.0,0.0,301,nan,nan,0,T_JUNCTION,51,1,1,0
41.6357901096344,0.0,0.0,0.0,0.0,0.0,0.0,0.0,301,nan,nan,0,T_JUNCTION,51,1,1,0
41.65578246116638,0.0,0.0,0.0,0.0,0.0,0.0,0.0,301,nan,nan,0,T_JUNCTION,51,1,1,0
41.67576217651367,0.0,0.0,0.0,0.0,0.0,0.0,0.0,301,nan,nan,0,T_JUNCTION,51,1,1,0
41.69577097892761,0.0,0.0,0.0,0.0,0.0,0.0,0.0,301,nan,nan,0,T_JUNCTION,51,1,1,0
41.715781927108765,0.0,0.0,0.0,0.0,0.0,0.0,0.0,301,nan,nan,0,T_JUNCTION,51,1,1,0
41.73577332496643,0.0,0.0,0.0,0.0,0.0,0.0,0.0,301,nan,nan,0,T_JUNCTION,51,1,1,0
41.75577712059021,0.0,0.0,0.0,0.0,0.0,0.0,0.0,301,nan,nan,0,T_JUNCTION,51,1,1,0
41.77576804161072,0.0,0.0,0.0,0.0,0.0,0.0,0.0,301,nan,nan,0,T_JUNCTION,51,1,1,0
41.79577589035034,0.0,0.0,0.0,0.0,0.0,0.0,0.0,301,nan,nan,0,T_JUNCTION,51,1,1,0
41.815773248672485,0.0,0.0,0.0,0.0,0.0,0.0,0.0,301,nan,nan,0,T_JUNCTION,51,1,1,0
41.83577370643616,0.0,0.0,0.0,0.0,0.0,0.0,0.0,301,nan,nan,0,T_JUNCTION,51,1,1,0
41.855764389038086,0.0,0.0,0.0,0.0,0.0,0.0,0.0,301,nan,nan,0,T_JUNCTION,51,1,1,0
41.8757643699646,0.0,0.0,0.0,0.0,0.0,0.0,0.0,301,nan,nan,0,T_JUNCTION,51,1,1,0
41.89578604698181,0.0,0.0,0.0,0.0,0.0,0.0,0.0,301,nan,nan,0,T_JUNCTION,51,1,1,0
41.915756940841675,0.0,0.0,0.0,0.0,0.0,0.0,0.0,301,nan,nan,0,T_JUNCTION,51,1,1,0
41.93576693534851,0.0,0.0,0.0,0.0,0.0,0.0,0.0,301,nan,nan,0,T_JUNCTION,51,1,1,0
41.955774545669556,0.0,0.0,0.0,0.0,0.0,0.0,0.0,301,nan,nan,0,T_JUNCTION,51,1,1,0
41.97577261924744,0.0,0.0,0.0,0.0,0.0,0.0,0.0,301,nan,nan,0,T_JUNCTION,51,1,1,0
41.99578022956848,0.0,0.0,0.0,0.0,0.0,0.0,0.0,301,nan,nan,0,T_JUNCTION,51,1,1,0
42.015777826309204,0.0,0.0,0.0,0.0,0.0,0.0,0.0,301,nan,nan,0,T_JUNCTION,51,1,1,0
42.0357928276062,0.0,0.0,0.0,0.0,0.0,0.0,0.0,301,nan,nan,0,T_JUNCTION,51,1,1,0
42.05580401420593,0.0,0.0,0.0,0.0,0.0,0.0,0.0,301,nan,nan,0,T_JUNCTION,51,1,1,0
42.07578682899475,0.0,0.0,0.0,0.0,0.0,0.0,0.0,301,nan,nan,0,T_JUNCTION,51,1,1,0
42.09577655792236,0.0,0.0,0.0,0.0,0.0,0.0,0.0,301,nan,nan,0,T_JUNCTION,51,1,1,0
42.11575698852539,0.0,0.0,0.0,0.0,0.0,0.0,0.0,301,nan,nan,0,T_JUNCTION,51,1,1,0
42.13578677177429,0.0,0.0,0.0,0.0,0.0,0.0,0.0,301,nan,nan,0,T_JUNCTION,51,1,1,0
42.15577507019043,0.0,0.0,0.0,0.0,0.0,0.0,0.0,301,nan,nan,0,T_JUNCTION,51,1,1,0
42.17577791213989,0.0,0.0,0.0,0.0,0.0,0.0,0.0,301,nan,nan,0,T_JUNCTION,51,1,1,0
42.19577765464783,0.0,0.0,0.0,0.0,0.0,0.0,0.0,301,nan,nan,0,T_JUNCTION,51,1,1,0
42.21575856208801,0.0,0.0,0.0,0.0,0.0,0.0,0.0,301,nan,nan,0,T_JUNCTION,51,1,1,0
42.23578190803528,0.0,0.0,0.0,0.0,0.0,0.0,0.0,301,nan,nan,0,T_JUNCTION,51,1,1,0
42.25578594207764,0.0,0.0,0.0,0.0,0.0,0.0,0.0,301,nan,nan,0,T_JUNCTION,51,1,1,0
42.27577447891235,0.0,0.0,0.0,0.0,0.0,0.0,0.0,301,nan,nan,0,T_JUNCTION,51,1,1,0
42.2958824634552,0.0,0.0,0.0,0.0,0.0,0.0,0.0,301,nan,nan,0,T_JUNCTION,51,1,1,0
42.31581091880798,0.0,0.0,0.0,0.0,0.0,0.0,0.0,301,nan,nan,0,T_JUNCTION,51,1,1,0
42.33578324317932,0.0,0.0,0.0,0.0,0.0,0.0,0.0,301,nan,nan,0,T_JUNCTION,51,1,1,0
42.355793476104736,0.0,0.0,0.0,0.0,0.0,0.0,0.0,301,nan,nan,0,T_JUNCTION,51,1,1,0
42.375773668289185,0.0,0.0,0.0,0.0,0.0,0.0,0.0,301,nan,nan,0,T_JUNCTION,51,1,1,0
42.39577841758728,0.0,0.0,0.0,0.0,0.0,0.0,0.0,301,nan,nan,0,T_JUNCTION,51,1,1,0
42.41576290130615,0.0,0.0,0.0,0.0,0.0,0.0,0.0,301,nan,nan,0,T_JUNCTION,51,1,1,0
42.43576622009277,0.0,0.0,0.0,0.0,0.0,0.0,0.0,301,nan,nan,0,T_JUNCTION,51,1,1,0
42.455787658691406,0.0,0.0,0.0,0.0,0.0,0.0,0.0,301,nan,nan,0,T_JUNCTION,51,1,1,0
42.47579526901245,0.0,0.0,0.0,0.0,0.0,0.0,0.0,301,nan,nan,0,T_JUNCTION,51,1,1,0
42.49576759338379,0.0,0.0,0.0,0.0,0.0,0.0,0.0,301,nan,nan,0,T_JUNCTION,51,1,1,0
42.515767097473145,0.0,0.0,0.0,0.0,0.0,0.0,0.0,301,nan,nan,0,T_JUNCTION,51,1,1,0
42.53577995300293,0.0,0.0,0.0,0.0,0.0,0.0,0.0,301,nan,nan,0,T_JUNCTION,51,1,1,0
42.555787086486816,0.0,0.0,0.0,0.0,0.0,0.0,0.0,301,nan,nan,0,T_JUNCTION,51,1,1,0
42.575778007507324,0.0,0.0,0.0,0.0,0.0,0.0,0.0,301,nan,nan,0,T_JUNCTION,51,1,1,0
42.59576368331909,0.0,0.0,0.0,0.0,0.0,0.0,0.0,301,nan,nan,0,T_JUNCTION,51,1,1,0
42.61575889587402,0.0,0.0,0.0,0.0,0.0,0.0,0.0,301,nan,nan,0,T_JUNCTION,51,1,1,0
42.63576698303223,0.0,0.0,0.0,0.0,0.0,0.0,0.0,301,nan,nan,0,T_JUNCTION,51,1,1,0
42.6558153629303,0.0,0.0,0.0,0.0,0.0,0.0,0.0,301,nan,nan,0,T_JUNCTION,51,1,1,0
42.67577505111694,0.0,0.0,0.0,0.0,0.0,0.0,0.0,301,nan,nan,0,T_JUNCTION,51,1,1,0
42.69579100608826,0.0,0.0,0.0,0.0,0.0,0.0,0.0,301,nan,nan,0,T_JUNCTION,51,1,1,0
42.71577739715576,0.0,0.0,0.0,0.0,0.0,0.0,0.0,301,nan,nan,0,T_JUNCTION,51,1,1,0
42.73579502105713,0.0,0.0,0.0,0.0,0.0,0.0,0.0,301,nan,nan,0,T_JUNCTION,51,1,1,0
42.75579786300659,0.0,0.0,0.0,0.0,0.0,0.0,0.0,301,nan,nan,0,T_JUNCTION,51,1,1,0
42.77575731277466,0.0,0.0,0.0,0.0,0.0,0.0,0.0,301,nan,nan,0,T_JUNCTION,51,1,1,0
42.79577302932739,0.0,0.0,0.0,0.0,0.0,0.0,0.0,301,nan,nan,0,T_JUNCTION,51,1,1,0
42.815781116485596,0.0,0.0,0.0,0.0,0.0,0.0,0.0,301,nan,nan,0,T_JUNCTION,51,1,1,0
42.835785150527954,0.0,0.0,0.0,0.0,0.0,0.0,0.0,301,nan,nan,0,T_JUNCTION,51,1,1,0
42.85578107833862,0.0,0.0,0.0,0.0,0.0,0.0,0.0,301,nan,nan,0,T_JUNCTION,51,1,1,0
42.87578344345093,0.0,0.0,0.0,0.0,0.0,0.0,0.0,301,nan,nan,0,T_JUNCTION,51,1,1,0
42.89582347869873,0.0,0.0,0.0,0.0,0.0,0.0,0.0,301,nan,nan,0,T_JUNCTION,51,1,1,0
42.915764570236206,0.0,0.0,0.0,0.0,0.0,0.0,0.0,301,nan,nan,0,T_JUNCTION,51,1,1,0
42.935773849487305,0.0,0.0,0.0,0.0,0.0,0.0,0.0,301,nan,nan,0,T_JUNCTION,51,1,1,0
42.9557569026947,0.0,0.0,0.0,0.0,0.0,0.0,0.0,301,nan,nan,0,T_JUNCTION,51,1,1,0
42.97577357292175,0.0,0.0,0.0,0.0,0.0,0.0,0.0,301,nan,nan,0,T_JUNCTION,51,1,1,0
42.995766162872314,0.0,0.0,0.0,0.0,0.0,0.0,0.0,301,nan,nan,0,T_JUNCTION,51,1,1,0
43.01576828956604,0.0,0.0,0.0,0.0,0.0,0.0,0.0,301,nan,nan,0,T_JUNCTION,51,1,1,0
43.03578042984009,0.0,0.0,0.0,0.0,0.0,0.0,0.0,301,nan,nan,0,T_JUNCTION,51,1,1,0
43.05578589439392,0.0,0.0,0.0,0.0,0.0,0.0,0.0,301,nan,nan,0,T_JUNCTION,51,1,1,0
43.07577061653137,0.0,0.0,0.0,0.0,0.0,0.0,0.0,301,nan,nan,0,T_JUNCTION,51,1,1,0
43.09586024284363,0.0,0.0,0.0,0.0,0.0,0.0,0.0,301,nan,nan,0,T_JUNCTION,51,1,1,0
43.11578345298767,0.0,0.0,0.0,0.0,0.0,0.0,0.0,301,nan,nan,0,T_JUNCTION,51,1,1,0
43.13580060005188,0.0,0.0,0.0,0.0,0.0,0.0,0.0,301,nan,nan,0,T_JUNCTION,51,1,1,0
43.1557822227478,0.0,0.0,0.0,0.0,0.0,0.0,0.0,301,nan,nan,0,T_JUNCTION,51,1,1,0
43.17578101158142,0.0,0.0,0.0,0.0,0.0,0.0,0.0,301,nan,nan,0,T_JUNCTION,51,1,1,0
43.195781230926514,0.0,0.0,0.0,0.0,0.0,0.0,0.0,301,nan,nan,0,T_JUNCTION,51,1,1,0
43.21577501296997,0.0,0.0,0.0,0.0,0.0,0.0,0.0,301,nan,nan,0,T_JUNCTION,51,1,1,0
43.235777854919434,0.0,0.0,0.0,0.0,0.0,0.0,0.0,301,nan,nan,0,T_JUNCTION,51,1,1,0
43.25577759742737,0.0,0.0,0.0,0.0,0.0,0.0,0.0,301,nan,nan,0,T_JUNCTION,51,1,1,0
43.27578401565552,0.0,0.0,0.0,0.0,0.0,0.0,0.0,301,nan,nan,0,T_JUNCTION,51,1,1,0
43.29578137397766,0.0,0.0,0.0,0.0,0.0,0.0,0.0,301,nan,nan,0,T_JUNCTION,51,1,1,0
43.315786600112915,0.0,0.0,0.0,0.0,0.0,0.0,0.0,301,nan,nan,0,T_JUNCTION,51,1,1,0
43.33578634262085,0.0,0.0,0.0,0.0,0.0,0.0,0.0,301,nan,nan,0,T_JUNCTION,51,1,1,0
43.355794191360474,0.0,0.0,0.0,0.0,0.0,0.0,0.0,301,nan,nan,0,T_JUNCTION,51,1,1,0
43.37579369544983,0.0,0.0,0.0,0.0,0.0,0.0,0.0,301,nan,nan,0,T_JUNCTION,51,1,1,0
43.39577102661133,0.0,0.0,0.0,0.0,0.0,0.0,0.0,301,nan,nan,0,T_JUNCTION,51,1,1,0
43.41578197479248,0.0,0.0,0.0,0.0,0.0,0.0,0.0,301,nan,nan,0,T_JUNCTION,51,1,1,0
43.43579888343811,0.0,0.0,0.0,0.0,0.0,0.0,0.0,301,nan,nan,0,T_JUNCTION,51,1,1,0
43.455766439437866,0.0,0.0,0.0,0.0,0.0,0.0,0.0,301,nan,nan,0,T_JUNCTION,51,1,1,0
43.4757604598999,0.0,0.0,0.0,0.0,0.0,0.0,0.0,301,nan,nan,0,T_JUNCTION,51,1,1,0
43.49578404426575,0.0,0.0,0.0,0.0,0.0,0.0,0.0,301,nan,nan,0,T_JUNCTION,51,1,1,0
43.515782594680786,0.0,0.0,0.0,0.0,0.0,0.0,0.0,301,nan,nan,0,T_JUNCTION,51,1,1,0
43.535844802856445,0.0,0.0,0.0,0.0,0.0,0.0,0.0,301,nan,nan,0,T_JUNCTION,51,1,1,0
43.55580711364746,0.0,0.0,0.0,0.0,0.0,0.0,0.0,301,nan,nan,0,T_JUNCTION,51,1,1,0
43.57577586174011,0.0,0.0,0.0,0.0,0.0,0.0,0.0,301,nan,nan,0,T_JUNCTION,51,1,1,0
43.59576749801636,0.0,0.0,0.0,0.0,0.0,0.0,0.0,301,nan,nan,0,T_JUNCTION,51,1,1,0
43.61578106880188,0.0,0.0,0.0,0.0,0.0,0.0,0.0,301,nan,nan,0,T_JUNCTION,51,1,1,0
43.63576936721802,0.0,0.0,0.0,0.0,0.0,0.0,0.0,301,nan,nan,0,T_JUNCTION,51,1,1,0
43.655823707580566,0.0,0.0,0.0,0.0,0.0,0.0,0.0,301,nan,nan,0,T_JUNCTION,51,1,1,0
43.6757698059082,0.0,0.0,0.0,0.0,0.0,0.0,0.0,301,nan,nan,0,T_JUNCTION,51,1,1,0
43.69578766822815,0.0,0.0,0.0,0.0,0.0,0.0,0.0,301,nan,nan,0,T_JUNCTION,51,1,1,0
43.715784549713135,0.0,0.0,0.0,0.0,0.0,0.0,0.0,301,nan,nan,0,T_JUNCTION,51,1,1,0
43.735774517059326,0.0,0.0,0.0,0.0,0.0,0.0,0.0,301,nan,nan,0,T_JUNCTION,51,1,1,0
43.7558228969574,0.0,0.0,0.0,0.0,0.0,0.0,0.0,301,nan,nan,0,T_JUNCTION,51,1,1,0
43.775795459747314,0.0,0.0,0.0,0.0,0.0,0.0,0.0,301,nan,nan,0,T_JUNCTION,51,1,1,0
43.795785665512085,0.0,0.0,0.0,0.0,0.0,0.0,0.0,301,nan,nan,0,T_JUNCTION,51,1,1,0
43.8157594203949,0.0,0.0,0.0,0.0,0.0,0.0,0.0,301,nan,nan,0,T_JUNCTION,51,1,1,0
43.83578109741211,0.0,0.0,0.0,0.0,0.0,0.0,0.0,301,nan,nan,0,T_JUNCTION,51,1,1,0
43.85576868057251,0.0,0.0,0.0,0.0,0.0,0.0,0.0,301,nan,nan,0,T_JUNCTION,51,1,1,0
43.875765323638916,0.0,0.0,0.0,0.0,0.0,0.0,0.0,301,nan,nan,0,T_JUNCTION,51,1,1,0
43.895806312561035,0.0,0.0,0.0,0.0,0.0,0.0,0.0,301,nan,nan,0,T_JUNCTION,51,1,1,0
43.91579246520996,0.0,0.0,0.0,0.0,0.0,0.0,0.0,301,nan,nan,0,T_JUNCTION,51,1,1,0
43.935776233673096,0.0,0.0,0.0,0.0,0.0,0.0,0.0,301,nan,nan,0,T_JUNCTION,51,1,1,0
43.95577025413513,0.0,0.0,0.0,0.0,0.0,0.0,0.0,301,nan,nan,0,T_JUNCTION,51,1,1,0
43.975764989852905,0.0,0.0,0.0,0.0,0.0,0.0,0.0,301,nan,nan,0,T_JUNCTION,51,1,1,0
43.995800256729126,0.0,0.0,0.0,0.0,0.0,0.0,0.0,301,nan,nan,0,T_JUNCTION,51,1,1,0
44.0157732963562,0.0,0.0,0.0,0.0,0.0,0.0,0.0,301,nan,nan,0,T_JUNCTION,51,1,1,0
44.03578519821167,0.0,0.0,0.0,0.0,0.0,0.0,0.0,301,nan,nan,0,T_JUNCTION,51,1,1,0
44.055776596069336,0.0,0.0,0.0,0.0,0.0,0.0,0.0,301,nan,nan,0,T_JUNCTION,51,1,1,0
44.0757622718811,0.0,0.0,0.0,0.0,0.0,0.0,0.0,301,nan,nan,0,T_JUNCTION,51,1,1,0
44.09579110145569,0.0,0.0,0.0,0.0,0.0,0.0,0.0,301,nan,nan,0,T_JUNCTION,51,1,1,0
44.115771770477295,0.0,0.0,0.0,0.0,0.0,0.0,0.0,301,nan,nan,0,T_JUNCTION,51,1,1,0
44.135780811309814,0.0,0.0,0.0,0.0,0.0,0.0,0.0,301,nan,nan,0,T_JUNCTION,51,1,1,0
44.15577268600464,0.0,0.0,0.0,0.0,0.0,0.0,0.0,301,nan,nan,0,T_JUNCTION,51,1,1,0
44.17578101158142,0.0,0.0,0.0,0.0,0.0,0.0,0.0,301,nan,nan,0,T_JUNCTION,51,1,1,0
44.19581365585327,0.0,0.0,0.0,0.0,0.0,0.0,0.0,301,nan,nan,0,T_JUNCTION,51,1,1,0
44.215757608413696,0.0,0.0,0.0,0.0,0.0,0.0,0.0,301,nan,nan,0,T_JUNCTION,51,1,1,0
44.23579955101013,0.0,0.0,0.0,0.0,0.0,0.0,0.0,301,nan,nan,0,T_JUNCTION,51,1,1,0
44.25577688217163,0.0,0.0,0.0,0.0,0.0,0.0,0.0,301,nan,nan,0,T_JUNCTION,51,1,1,0
44.27578043937683,0.0,0.0,0.0,0.0,0.0,0.0,0.0,301,nan,nan,0,T_JUNCTION,51,1,1,0
44.29581117630005,0.0,0.0,0.0,0.0,0.0,0.0,0.0,301,nan,nan,0,T_JUNCTION,51,1,1,0
44.315783977508545,0.0,0.0,0.0,0.0,0.0,0.0,0.0,301,nan,nan,0,T_JUNCTION,51,1,1,0
44.335777282714844,0.0,0.0,0.0,0.0,0.0,0.0,0.0,301,nan,nan,0,T_JUNCTION,51,1,1,0
44.35577607154846,0.0,0.0,0.0,0.0,0.0,0.0,0.0,301,nan,nan,0,T_JUNCTION,51,1,1,0
44.37591743469238,0.0,0.0,0.0,0.0,0.0,0.0,0.0,301,nan,nan,0,T_JUNCTION,51,1,1,0
44.39582657814026,0.0,0.0,0.0,0.0,0.0,0.0,0.0,301,nan,nan,0,T_JUNCTION,51,1,1,0
44.415921449661255,0.0,0.0,0.0,0.0,0.0,0.0,0.0,301,nan,nan,0,T_JUNCTION,51,1,1,0
44.43595600128174,0.0,0.0,0.0,0.0,0.0,0.0,0.0,301,nan,nan,0,T_JUNCTION,51,1,1,0
44.455848932266235,0.0,0.0,0.0,0.0,0.0,0.0,0.0,301,nan,nan,0,T_JUNCTION,51,1,1,0
44.47578549385071,0.0,0.0,0.0,0.0,0.0,0.0,0.0,301,nan,nan,0,T_JUNCTION,51,1,1,0
44.49581336975098,0.0,0.0,0.0,0.0,0.0,0.0,0.0,301,nan,nan,0,T_JUNCTION,51,1,1,0
44.51578664779663,0.0,0.0,0.0,0.0,0.0,0.0,0.0,301,nan,nan,0,T_JUNCTION,51,1,1,0
44.535770416259766,0.0,0.0,0.0,0.0,0.0,0.0,0.0,301,nan,nan,0,T_JUNCTION,51,1,1,0
44.55577731132507,0.0,0.0,0.0,0.0,0.0,0.0,0.0,301,nan,nan,0,T_JUNCTION,51,1,1,0
44.57578945159912,0.0,0.0,0.0,0.0,0.0,0.0,0.0,301,nan,nan,0,T_JUNCTION,51,1,1,0
44.59581422805786,0.0,0.0,0.0,0.0,0.0,0.0,0.0,301,nan,nan,0,T_JUNCTION,51,1,1,0
44.6157705783844,0.0,0.0,0.0,0.0,0.0,0.0,0.0,301,nan,nan,0,T_JUNCTION,51,1,1,0
44.63579559326172,0.0,0.0,0.0,0.0,0.0,0.0,0.0,301,nan,nan,0,T_JUNCTION,51,1,1,0
44.655977725982666,0.0,0.0,0.0,0.0,0.0,0.0,0.0,301,nan,nan,0,T_JUNCTION,51,1,1,0
44.675936460494995,0.0,0.0,0.0,0.0,0.0,0.0,0.0,301,nan,nan,0,T_JUNCTION,51,1,1,0
44.69583225250244,0.0,0.0,0.0,0.0,0.0,0.0,0.0,301,nan,nan,0,T_JUNCTION,51,1,1,0
44.7157940864563,0.0,0.0,0.0,0.0,0.0,0.0,0.0,301,nan,nan,0,T_JUNCTION,51,1,1,0
44.735774517059326,0.0,0.0,0.0,0.0,0.0,0.0,0.0,301,nan,nan,0,T_JUNCTION,51,1,1,0
44.75576114654541,0.0,0.0,0.0,0.0,0.0,0.0,0.0,301,nan,nan,0,T_JUNCTION,51,1,1,0
44.775797843933105,0.0,0.0,0.0,0.0,0.0,0.0,0.0,301,nan,nan,0,T_JUNCTION,51,1,1,0
44.79584336280823,0.0,0.0,0.0,0.0,0.0,0.0,0.0,301,nan,nan,0,T_JUNCTION,51,1,1,0
44.81577277183533,0.0,0.0,0.0,0.0,0.0,0.0,0.0,301,nan,nan,0,T_JUNCTION,51,1,1,0
44.83576989173889,0.0,0.0,0.0,0.0,0.0,0.0,0.0,301,nan,nan,0,T_JUNCTION,51,1,1,0
44.85577654838562,0.0,0.0,0.0,0.0,0.0,0.0,0.0,301,nan,nan,0,T_JUNCTION,51,1,1,0
44.875783920288086,0.0,0.0,0.0,0.0,0.0,0.0,0.0,301,nan,nan,0,T_JUNCTION,51,1,1,0
44.89583683013916,0.0,0.0,0.0,0.0,0.0,0.0,0.0,301,nan,nan,0,T_JUNCTION,51,1,1,0
44.915775537490845,0.0,0.0,0.0,0.0,0.0,0.0,0.0,301,nan,nan,0,T_JUNCTION,51,1,1,0
44.93577814102173,0.0,0.0,0.0,0.0,0.0,0.0,0.0,301,nan,nan,0,T_JUNCTION,51,1,1,0
44.95577049255371,0.0,0.0,0.0,0.0,0.0,0.0,0.0,301,nan,nan,0,T_JUNCTION,51,1,1,0
44.97577452659607,0.0,0.0,0.0,0.0,0.0,0.0,0.0,301,nan,nan,0,T_JUNCTION,51,1,1,0
44.99580144882202,0.0,0.0,0.0,0.0,0.0,0.0,0.0,301,nan,nan,0,T_JUNCTION,51,1,1,0
45.015767335891724,0.0,0.0,0.0,0.0,0.0,0.0,0.0,301,nan,nan,0,T_JUNCTION,51,1,1,0
45.035764932632446,0.0,0.0,0.0,0.0,0.0,0.0,0.0,301,nan,nan,0,T_JUNCTION,51,1,1,0
45.05577325820923,0.0,0.0,0.0,0.0,0.0,0.0,0.0,301,nan,nan,0,T_JUNCTION,51,1,1,0
45.075772523880005,0.0,0.0,0.0,0.0,0.0,0.0,0.0,301,nan,nan,0,T_JUNCTION,51,1,1,0
45.095804929733276,0.0,0.0,0.0,0.0,0.0,0.0,0.0,301,nan,nan,0,T_JUNCTION,51,1,1,0
45.11576461791992,0.0,0.0,0.0,0.0,0.0,0.0,0.0,301,nan,nan,0,T_JUNCTION,51,1,1,0
45.135775566101074,0.0,0.0,0.0,0.0,0.0,0.0,0.0,301,nan,nan,0,T_JUNCTION,51,1,1,0
45.1557879447937,0.0,0.0,0.0,0.0,0.0,0.0,0.0,301,nan,nan,0,T_JUNCTION,51,1,1,0
45.17575812339783,0.0,0.0,0.0,0.0,0.0,0.0,0.0,301,nan,nan,0,T_JUNCTION,51,1,1,0
45.19579219818115,0.0,0.0,0.0,0.0,0.0,0.0,0.0,301,nan,nan,0,T_JUNCTION,51,1,1,0
45.21577215194702,0.0,0.0,0.0,0.0,0.0,0.0,0.0,301,nan,nan,0,T_JUNCTION,51,1,1,0
45.23576641082764,0.0,0.0,0.0,0.0,0.0,0.0,0.0,301,nan,nan,0,T_JUNCTION,51,1,1,0
45.25577998161316,0.0,0.0,0.0,0.0,0.0,0.0,0.0,301,nan,nan,0,T_JUNCTION,51,1,1,0
45.27576470375061,0.0,0.0,0.0,0.0,0.0,0.0,0.0,301,nan,nan,0,T_JUNCTION,51,1,1,0
45.295849561691284,0.0,0.0,0.0,0.0,0.0,0.0,0.0,301,nan,nan,0,T_JUNCTION,51,1,1,0
45.31577777862549,0.0,0.0,0.0,0.0,0.0,0.0,0.0,301,nan,nan,0,T_JUNCTION,51,1,1,0
45.33577513694763,0.0,0.0,0.0,0.0,0.0,0.0,0.0,301,nan,nan,0,T_JUNCTION,51,1,1,0
45.35575985908508,0.0,0.0,0.0,0.0,0.0,0.0,0.0,301,nan,nan,0,T_JUNCTION,51,1,1,0
45.375786781311035,0.0,0.0,0.0,0.0,0.0,0.0,0.0,301,nan,nan,0,T_JUNCTION,51,1,1,0
45.39580583572388,0.0,0.0,0.0,0.0,0.0,0.0,0.0,301,nan,nan,0,T_JUNCTION,51,1,1,0
45.41575741767883,0.0,0.0,0.0,0.0,0.0,0.0,0.0,301,nan,nan,0,T_JUNCTION,51,1,1,0
45.43577313423157,0.0,0.0,0.0,0.0,0.0,0.0,0.0,301,nan,nan,0,T_JUNCTION,51,1,1,0
45.4557900428772,0.0,0.0,0.0,0.0,0.0,0.0,0.0,301,nan,nan,0,T_JUNCTION,51,1,1,0
45.475791454315186,0.0,0.0,0.0,0.0,0.0,0.0,0.0,301,nan,nan,0,T_JUNCTION,51,1,1,0
45.495808124542236,0.0,0.0,0.0,0.0,0.0,0.0,0.0,301,nan,nan,0,T_JUNCTION,51,1,1,0
45.51576590538025,0.0,0.0,0.0,0.0,0.0,0.0,0.0,301,nan,nan,0,T_JUNCTION,51,1,1,0
45.53577256202698,0.0,0.0,0.0,0.0,0.0,0.0,0.0,301,nan,nan,0,T_JUNCTION,51,1,1,0
45.5557963848114,0.0,0.0,0.0,0.0,0.0,0.0,0.0,301,nan,nan,0,T_JUNCTION,51,1,1,0
45.57577586174011,0.0,0.0,0.0,0.0,0.0,0.0,0.0,301,nan,nan,0,T_JUNCTION,51,1,1,0
45.595813512802124,0.0,0.0,0.0,0.0,0.0,0.0,0.0,301,nan,nan,0,T_JUNCTION,51,1,1,0
45.61577916145325,0.0,0.0,0.0,0.0,0.0,0.0,0.0,301,nan,nan,0,T_JUNCTION,51,1,1,0
45.63578653335571,0.0,0.0,0.0,0.0,0.0,0.0,0.0,301,nan,nan,0,T_JUNCTION,51,1,1,0
45.655821323394775,0.0,0.0,0.0,0.0,0.0,0.0,0.0,301,nan,nan,0,T_JUNCTION,51,1,1,0
45.67579746246338,0.0,0.0,0.0,0.0,0.0,0.0,0.0,301,nan,nan,0,T_JUNCTION,51,1,1,0
45.695828437805176,0.0,0.0,0.0,0.0,0.0,0.0,0.0,301,nan,nan,0,T_JUNCTION,51,1,1,0
45.715776205062866,0.0,0.0,0.0,0.0,0.0,0.0,0.0,301,nan,nan,0,T_JUNCTION,51,1,1,0
45.73576831817627,0.0,0.0,0.0,0.0,0.0,0.0,0.0,301,nan,nan,0,T_JUNCTION,51,1,1,0
45.75576043128967,0.0,0.0,0.0,0.0,0.0,0.0,0.0,301,nan,nan,0,T_JUNCTION,51,1,1,0
45.77578520774841,0.0,0.0,0.0,0.0,0.0,0.0,0.0,301,nan,nan,0,T_JUNCTION,51,1,1,0
45.79581832885742,0.0,0.0,0.0,0.0,0.0,0.0,0.0,301,nan,nan,0,T_JUNCTION,51,1,1,0
45.81576704978943,0.0,0.0,0.0,0.0,0.0,0.0,0.0,301,nan,nan,0,T_JUNCTION,51,1,1,0
45.83578562736511,0.0,0.0,0.0,0.0,0.0,0.0,0.0,301,nan,nan,0,T_JUNCTION,51,1,1,0
45.855783462524414,0.0,0.0,0.0,0.0,0.0,0.0,0.0,301,nan,nan,0,T_JUNCTION,51,1,1,0
45.87578010559082,0.0,0.0,0.0,0.0,0.0,0.0,0.0,301,nan,nan,0,T_JUNCTION,51,1,1,0
45.89582419395447,0.0,0.0,0.0,0.0,0.0,0.0,0.0,301,nan,nan,0,T_JUNCTION,51,1,1,0
45.91576528549194,0.0,0.0,0.0,0.0,0.0,0.0,0.0,301,nan,nan,0,T_JUNCTION,51,1,1,0
45.93578243255615,0.0,0.0,0.0,0.0,0.0,0.0,0.0,301,nan,nan,0,T_JUNCTION,51,1,1,0
45.95578169822693,0.0,0.0,0.0,0.0,0.0,0.0,0.0,301,nan,nan,0,T_JUNCTION,51,1,1,0
45.97577691078186,0.0,0.0,0.0,0.0,0.0,0.0,0.0,301,nan,nan,0,T_JUNCTION,51,1,1,0
45.995832204818726,0.0,0.0,0.0,0.0,0.0,0.0,0.0,301,nan,nan,0,T_JUNCTION,51,1,1,0
46.015761613845825,0.0,0.0,0.0,0.0,0.0,0.0,0.0,301,nan,nan,0,T_JUNCTION,51,1,1,0
46.035770893096924,0.0,0.0,0.0,0.0,0.0,0.0,0.0,301,nan,nan,0,T_JUNCTION,51,1,1,0
46.05577754974365,0.0,0.0,0.0,0.0,0.0,0.0,0.0,301,nan,nan,0,T_JUNCTION,51,1,1,0
46.07576894760132,0.0,0.0,0.0,0.0,0.0,0.0,0.0,301,nan,nan,0,T_JUNCTION,51,1,1,0
46.09579682350159,0.0,0.0,0.0,0.0,0.0,0.0,0.0,301,nan,nan,0,T_JUNCTION,51,1,1,0
46.11579465866089,0.0,0.0,0.0,0.0,0.0,0.0,0.0,301,nan,nan,0,T_JUNCTION,51,1,1,0
46.1357901096344,0.0,0.0,0.0,0.0,0.0,0.0,0.0,301,nan,nan,0,T_JUNCTION,51,1,1,0
46.155792236328125,0.0,0.0,0.0,0.0,0.0,0.0,0.0,301,nan,nan,0,T_JUNCTION,51,1,1,0
46.175771713256836,0.0,0.0,0.0,0.0,0.0,0.0,0.0,301,nan,nan,0,T_JUNCTION,51,1,1,0
46.195783376693726,0.0,0.0,0.0,0.0,0.0,0.0,0.0,301,nan,nan,0,T_JUNCTION,51,1,1,0
46.215781688690186,0.0,0.0,0.0,0.0,0.0,0.0,0.0,301,nan,nan,0,T_JUNCTION,51,1,1,0
46.235772132873535,0.0,0.0,0.0,0.0,0.0,0.0,0.0,301,nan,nan,0,T_JUNCTION,51,1,1,0
46.255781173706055,0.0,0.0,0.0,0.0,0.0,0.0,0.0,301,nan,nan,0,T_JUNCTION,51,1,1,0
46.275774240493774,0.0,0.0,0.0,0.0,0.0,0.0,0.0,301,nan,nan,0,T_JUNCTION,51,1,1,0
46.29581665992737,0.0,0.0,0.0,0.0,0.0,0.0,0.0,301,nan,nan,0,T_JUNCTION,51,1,1,0
46.31577777862549,0.0,0.0,0.0,0.0,0.0,0.0,0.0,301,nan,nan,0,T_JUNCTION,51,1,1,0
46.335790395736694,0.0,0.0,0.0,0.0,0.0,0.0,0.0,301,nan,nan,0,T_JUNCTION,51,1,1,0
46.35577845573425,0.0,0.0,0.0,0.0,0.0,0.0,0.0,301,nan,nan,0,T_JUNCTION,51,1,1,0
46.375783920288086,0.0,0.0,0.0,0.0,0.0,0.0,0.0,301,nan,nan,0,T_JUNCTION,51,1,1,0
46.39583897590637,0.0,0.0,0.0,0.0,0.0,0.0,0.0,301,nan,nan,0,T_JUNCTION,51,1,1,0
46.415765047073364,0.0,0.0,0.0,0.0,0.0,0.0,0.0,301,nan,nan,0,T_JUNCTION,51,1,1,0
46.43577265739441,0.0,0.0,0.0,0.0,0.0,0.0,0.0,301,nan,nan,0,T_JUNCTION,51,1,1,0
46.45579934120178,0.0,0.0,0.0,0.0,0.0,0.0,0.0,301,nan,nan,0,T_JUNCTION,51,1,1,0
46.47577118873596,0.0,0.0,0.0,0.0,0.0,0.0,0.0,301,nan,nan,0,T_JUNCTION,51,1,1,0
46.49589395523071,0.0,0.0,0.0,0.0,0.0,0.0,0.0,301,nan,nan,0,T_JUNCTION,51,1,1,0
46.51577019691467,0.0,0.0,0.0,0.0,0.0,0.0,0.0,301,nan,nan,0,T_JUNCTION,51,1,1,0
46.535808086395264,0.0,0.0,0.0,0.0,0.0,0.0,0.0,301,nan,nan,0,T_JUNCTION,51,1,1,0
46.555773973464966,0.0,0.0,0.0,0.0,0.0,0.0,0.0,301,nan,nan,0,T_JUNCTION,51,1,1,0
46.57577133178711,0.0,0.0,0.0,0.0,0.0,0.0,0.0,301,nan,nan,0,T_JUNCTION,51,1,1,0
46.59580636024475,0.0,0.0,0.0,0.0,0.0,0.0,0.0,301,nan,nan,0,T_JUNCTION,51,1,1,0
46.615766525268555,0.0,0.0,0.0,0.0,0.0,0.0,0.0,301,nan,nan,0,T_JUNCTION,51,1,1,0
46.63576865196228,0.0,0.0,0.0,0.0,0.0,0.0,0.0,301,nan,nan,0,T_JUNCTION,51,1,1,0
46.65580153465271,0.0,0.0,0.0,0.0,0.0,0.0,0.0,301,nan,nan,0,T_JUNCTION,51,1,1,0
46.67576003074646,0.0,0.0,0.0,0.0,0.0,0.0,0.0,301,nan,nan,0,T_JUNCTION,51,1,1,0
46.695789098739624,0.0,0.0,0.0,0.0,0.0,0.0,0.0,301,nan,nan,0,T_JUNCTION,51,1,1,0
46.71577191352844,0.0,0.0,0.0,0.0,0.0,0.0,0.0,301,nan,nan,0,T_JUNCTION,51,1,1,0
46.73577523231506,0.0,0.0,0.0,0.0,0.0,0.0,0.0,301,nan,nan,0,T_JUNCTION,51,1,1,0
46.755807876586914,0.0,0.0,0.0,0.0,0.0,0.0,0.0,301,nan,nan,0,T_JUNCTION,51,1,1,0
46.775773763656616,0.0,0.0,0.0,0.0,0.0,0.0,0.0,301,nan,nan,0,T_JUNCTION,51,1,1,0
46.795814514160156,0.0,0.0,0.0,0.0,0.0,0.0,0.0,301,nan,nan,0,T_JUNCTION,51,1,1,0
46.81576228141785,0.0,0.0,0.0,0.0,0.0,0.0,0.0,301,nan,nan,0,T_JUNCTION,51,1,1,0
46.83578395843506,0.0,0.0,0.0,0.0,0.0,0.0,0.0,301,nan,nan,0,T_JUNCTION,51,1,1,0
46.85577344894409,0.0,0.0,0.0,0.0,0.0,0.0,0.0,301,nan,nan,0,T_JUNCTION,51,1,1,0
46.875787019729614,0.0,0.0,0.0,0.0,0.0,0.0,0.0,301,nan,nan,0,T_JUNCTION,51,1,1,0
46.89581322669983,0.0,0.0,0.0,0.0,0.0,0.0,0.0,301,nan,nan,0,T_JUNCTION,51,1,1,0
46.91576957702637,0.0,0.0,0.0,0.0,0.0,0.0,0.0,301,nan,nan,0,T_JUNCTION,51,1,1,0
46.93578839302063,0.0,0.0,0.0,0.0,0.0,0.0,0.0,301,nan,nan,0,T_JUNCTION,51,1,1,0
46.95578622817993,0.0,0.0,0.0,0.0,0.0,0.0,0.0,301,nan,nan,0,T_JUNCTION,51,1,1,0
46.97577977180481,0.0,0.0,0.0,0.0,0.0,0.0,0.0,301,nan,nan,0,T_JUNCTION,51,1,1,0
46.99581527709961,0.0,0.0,0.0,0.0,0.0,0.0,0.0,301,nan,nan,0,T_JUNCTION,51,1,1,0
47.01576638221741,0.0,0.0,0.0,0.0,0.0,0.0,0.0,301,nan,nan,0,T_JUNCTION,51,1,1,0
47.03576612472534,0.0,0.0,0.0,0.0,0.0,0.0,0.0,301,nan,nan,0,T_JUNCTION,51,1,1,0
47.05576992034912,0.0,0.0,0.0,0.0,0.0,0.0,0.0,301,nan,nan,0,T_JUNCTION,51,1,1,0
47.075767517089844,0.0,0.0,0.0,0.0,0.0,0.0,0.0,301,nan,nan,0,T_JUNCTION,51,1,1,0
47.09581661224365,0.0,0.0,0.0,0.0,0.0,0.0,0.0,301,nan,nan,0,T_JUNCTION,51,1,1,0
47.115769386291504,0.0,0.0,0.0,0.0,0.0,0.0,0.0,301,nan,nan,0,T_JUNCTION,51,1,1,0
47.13578200340271,0.0,0.0,0.0,0.0,0.0,0.0,0.0,301,nan,nan,0,T_JUNCTION,51,1,1,0
47.15579104423523,0.0,0.0,0.0,0.0,0.0,0.0,0.0,301,nan,nan,0,T_JUNCTION,51,1,1,0
47.175774812698364,0.0,0.0,0.0,0.0,0.0,0.0,0.0,301,nan,nan,0,T_JUNCTION,51,1,1,0
47.19582509994507,0.0,0.0,0.0,0.0,0.0,0.0,0.0,301,nan,nan,0,T_JUNCTION,51,1,1,0
47.21578121185303,0.0,0.0,0.0,0.0,0.0,0.0,0.0,301,nan,nan,0,T_JUNCTION,51,1,1,0
47.23578500747681,0.0,0.0,0.0,0.0,0.0,0.0,0.0,301,nan,nan,0,T_JUNCTION,51,1,1,0
47.25579786300659,0.0,0.0,0.0,0.0,0.0,0.0,0.0,301,nan,nan,0,T_JUNCTION,51,1,1,0
47.27580165863037,0.0,0.0,0.0,0.0,0.0,0.0,0.0,301,nan,nan,0,T_JUNCTION,51,1,1,0
47.295820236206055,0.0,0.0,0.0,0.0,0.0,0.0,0.0,301,nan,nan,0,T_JUNCTION,51,1,1,0
47.315760135650635,0.0,0.0,0.0,0.0,0.0,0.0,0.0,301,nan,nan,0,T_JUNCTION,51,1,1,0
47.335768938064575,0.0,0.0,0.0,0.0,0.0,0.0,0.0,301,nan,nan,0,T_JUNCTION,51,1,1,0
47.35577321052551,0.0,0.0,0.0,0.0,0.0,0.0,0.0,301,nan,nan,0,T_JUNCTION,51,1,1,0
47.37578225135803,0.0,0.0,0.0,0.0,0.0,0.0,0.0,301,nan,nan,0,T_JUNCTION,51,1,1,0
47.39580965042114,0.0,0.0,0.0,0.0,0.0,0.0,0.0,301,nan,nan,0,T_JUNCTION,51,1,1,0
47.41577768325806,0.0,0.0,0.0,0.0,0.0,0.0,0.0,301,nan,nan,0,T_JUNCTION,51,1,1,0
47.435797452926636,0.0,0.0,0.0,0.0,0.0,0.0,0.0,301,nan,nan,0,T_JUNCTION,51,1,1,0
47.45579481124878,0.0,0.0,0.0,0.0,0.0,0.0,0.0,301,nan,nan,0,T_JUNCTION,51,1,1,0
47.47577452659607,0.0,0.0,0.0,0.0,0.0,0.0,0.0,301,nan,nan,0,T_JUNCTION,51,1,1,0
47.49581575393677,0.0,0.0,0.0,0.0,0.0,0.0,0.0,301,nan,nan,0,T_JUNCTION,51,1,1,0
47.51576471328735,0.0,0.0,0.0,0.0,0.0,0.0,0.0,301,nan,nan,0,T_JUNCTION,51,1,1,0
47.53577184677124,0.0,0.0,0.0,0.0,0.0,0.0,0.0,301,nan,nan,0,T_JUNCTION,51,1,1,0
47.55579161643982,0.0,0.0,0.0,0.0,0.0,0.0,0.0,301,nan,nan,0,T_JUNCTION,51,1,1,0
47.57576394081116,0.0,0.0,0.0,0.0,0.0,0.0,0.0,301,nan,nan,0,T_JUNCTION,51,1,1,0
47.59580039978027,0.0,0.0,0.0,0.0,0.0,0.0,0.0,301,nan,nan,0,T_JUNCTION,51,1,1,0
47.61577653884888,0.0,0.0,0.0,0.0,0.0,0.0,0.0,301,nan,nan,0,T_JUNCTION,51,1,1,0
47.635791301727295,0.0,0.0,0.0,0.0,0.0,0.0,0.0,301,nan,nan,0,T_JUNCTION,51,1,1,0
47.655784606933594,0.0,0.0,0.0,0.0,0.0,0.0,0.0,301,nan,nan,0,T_JUNCTION,51,1,1,0
47.67577910423279,0.0,0.0,0.0,0.0,0.0,0.0,0.0,301,nan,nan,0,T_JUNCTION,51,1,1,0
47.69583439826965,0.0,0.0,0.0,0.0,0.0,0.0,0.0,301,nan,nan,0,T_JUNCTION,51,1,1,0
47.71577763557434,0.0,0.0,0.0,0.0,0.0,0.0,0.0,301,nan,nan,0,T_JUNCTION,51,1,1,0
47.735782861709595,0.0,0.0,0.0,0.0,0.0,0.0,0.0,301,nan,nan,0,T_JUNCTION,51,1,1,0
47.75576663017273,0.0,0.0,0.0,0.0,0.0,0.0,0.0,301,nan,nan,0,T_JUNCTION,51,1,1,0
47.77577328681946,0.0,0.0,0.0,0.0,0.0,0.0,0.0,301,nan,nan,0,T_JUNCTION,51,1,1,0
47.79581260681152,0.0,0.0,0.0,0.0,0.0,0.0,0.0,301,nan,nan,0,T_JUNCTION,51,1,1,0
47.81578040122986,0.0,0.0,0.0,0.0,0.0,0.0,0.0,301,nan,nan,0,T_JUNCTION,51,1,1,0
47.83577275276184,0.0,0.0,0.0,0.0,0.0,0.0,0.0,301,nan,nan,0,T_JUNCTION,51,1,1,0
47.85576820373535,0.0,0.0,0.0,0.0,0.0,0.0,0.0,301,nan,nan,0,T_JUNCTION,51,1,1,0
47.87577199935913,0.0,0.0,0.0,0.0,0.0,0.0,0.0,301,nan,nan,0,T_JUNCTION,51,1,1,0
47.89582300186157,0.0,0.0,0.0,0.0,0.0,0.0,0.0,301,nan,nan,0,T_JUNCTION,51,1,1,0
47.91580390930176,0.0,0.0,0.0,0.0,0.0,0.0,0.0,301,nan,nan,0,T_JUNCTION,51,1,1,0
47.935774087905884,0.0,0.0,0.0,0.0,0.0,0.0,0.0,301,nan,nan,0,T_JUNCTION,51,1,1,0
47.95577788352966,0.0,0.0,0.0,0.0,0.0,0.0,0.0,301,nan,nan,0,T_JUNCTION,51,1,1,0
47.97578477859497,0.0,0.0,0.0,0.0,0.0,0.0,0.0,301,nan,nan,0,T_JUNCTION,51,1,1,0
47.99582362174988,0.0,0.0,0.0,0.0,0.0,0.0,0.0,301,nan,nan,0,T_JUNCTION,51,1,1,0
48.01575803756714,0.0,0.0,0.0,0.0,0.0,0.0,0.0,301,nan,nan,0,T_JUNCTION,51,1,1,0
48.03576993942261,0.0,0.0,0.0,0.0,0.0,0.0,0.0,301,nan,nan,0,T_JUNCTION,51,1,1,0
48.055785179138184,0.0,0.0,0.0,0.0,0.0,0.0,0.0,301,nan,nan,0,T_JUNCTION,51,1,1,0
48.075788497924805,0.0,0.0,0.0,0.0,0.0,0.0,0.0,301,nan,nan,0,T_JUNCTION,51,1,1,0
48.09582209587097,0.0,0.0,0.0,0.0,0.0,0.0,0.0,301,nan,nan,0,T_JUNCTION,51,1,1,0
48.1157808303833,0.0,0.0,0.0,0.0,0.0,0.0,0.0,301,nan,nan,0,T_JUNCTION,51,1,1,0
48.13577628135681,0.0,0.0,0.0,0.0,0.0,0.0,0.0,301,nan,nan,0,T_JUNCTION,51,1,1,0
48.15578818321228,0.0,0.0,0.0,0.0,0.0,0.0,0.0,301,nan,nan,0,T_JUNCTION,51,1,1,0
48.17578077316284,0.0,0.0,0.0,0.0,0.0,0.0,0.0,301,nan,nan,0,T_JUNCTION,51,1,1,0
48.195815324783325,0.0,0.0,0.0,0.0,0.0,0.0,0.0,301,nan,nan,0,T_JUNCTION,51,1,1,0
48.215758085250854,0.0,0.0,0.0,0.0,0.0,0.0,0.0,301,nan,nan,0,T_JUNCTION,51,1,1,0
48.23577117919922,0.0,0.0,0.0,0.0,0.0,0.0,0.0,301,nan,nan,0,T_JUNCTION,51,1,1,0
48.25579023361206,0.0,0.0,0.0,0.0,0.0,0.0,0.0,301,nan,nan,0,T_JUNCTION,51,1,1,0
48.27578020095825,0.0,0.0,0.0,0.0,0.0,0.0,0.0,301,nan,nan,0,T_JUNCTION,51,1,1,0
48.295838594436646,0.0,0.0,0.0,0.0,0.0,0.0,0.0,301,nan,nan,0,T_JUNCTION,51,1,1,0
48.31579303741455,0.0,0.0,0.0,0.0,0.0,0.0,0.0,301,nan,nan,0,T_JUNCTION,51,1,1,0
48.33577299118042,0.0,0.0,0.0,0.0,0.0,0.0,0.0,301,nan,nan,0,T_JUNCTION,51,1,1,0
48.35577869415283,0.0,0.0,0.0,0.0,0.0,0.0,0.0,301,nan,nan,0,T_JUNCTION,51,1,1,0
48.37577939033508,0.0,0.0,0.0,0.0,0.0,0.0,0.0,301,nan,nan,0,T_JUNCTION,51,1,1,0
48.39581537246704,0.0,0.0,0.0,0.0,0.0,0.0,0.0,301,nan,nan,0,T_JUNCTION,51,1,1,0
48.41576385498047,0.0,0.0,0.0,0.0,0.0,0.0,0.0,301,nan,nan,0,T_JUNCTION,51,1,1,0
48.43576407432556,0.0,0.0,0.0,0.0,0.0,0.0,0.0,301,nan,nan,0,T_JUNCTION,51,1,1,0
48.45579385757446,0.0,0.0,0.0,0.0,0.0,0.0,0.0,301,nan,nan,0,T_JUNCTION,51,1,1,0
48.47580647468567,0.0,0.0,0.0,0.0,0.0,0.0,0.0,301,nan,nan,0,T_JUNCTION,51,1,1,0
48.49578881263733,0.0,0.0,0.0,0.0,0.0,0.0,0.0,301,nan,nan,0,T_JUNCTION,51,1,1,0
48.515767097473145,0.0,0.0,0.0,0.0,0.0,0.0,0.0,301,nan,nan,0,T_JUNCTION,51,1,1,0
48.535789012908936,0.0,0.0,0.0,0.0,0.0,0.0,0.0,301,nan,nan,0,T_JUNCTION,51,1,1,0
48.5557746887207,0.0,0.0,0.0,0.0,0.0,0.0,0.0,301,nan,nan,0,T_JUNCTION,51,1,1,0
48.57576870918274,0.0,0.0,0.0,0.0,0.0,0.0,0.0,301,nan,nan,0,T_JUNCTION,51,1,1,0
48.5958309173584,0.0,0.0,0.0,0.0,0.0,0.0,0.0,301,nan,nan,0,T_JUNCTION,51,1,1,0
48.6157660484314,0.0,0.0,0.0,0.0,0.0,0.0,0.0,301,nan,nan,0,T_JUNCTION,51,1,1,0
48.63578772544861,0.0,0.0,0.0,0.0,0.0,0.0,0.0,301,nan,nan,0,T_JUNCTION,51,1,1,0
48.65584063529968,0.0,0.0,0.0,0.0,0.0,0.0,0.0,301,nan,nan,0,T_JUNCTION,51,1,1,0
48.6757869720459,0.0,0.0,0.0,0.0,0.0,0.0,0.0,301,nan,nan,0,T_JUNCTION,51,1,1,0
48.69581651687622,0.0,0.0,0.0,0.0,0.0,0.0,0.0,301,nan,nan,0,T_JUNCTION,51,1,1,0
48.715781927108765,0.0,0.0,0.0,0.0,0.0,0.0,0.0,301,nan,nan,0,T_JUNCTION,51,1,1,0
48.73577523231506,0.0,0.0,0.0,0.0,0.0,0.0,0.0,301,nan,nan,0,T_JUNCTION,51,1,1,0
48.755781412124634,0.0,0.0,0.0,0.0,0.0,0.0,0.0,301,nan,nan,0,T_JUNCTION,51,1,1,0
48.77576780319214,0.0,0.0,0.0,0.0,0.0,0.0,0.0,301,nan,nan,0,T_JUNCTION,51,1,1,0
48.79580569267273,0.0,0.0,0.0,0.0,0.0,0.0,0.0,301,nan,nan,0,T_JUNCTION,51,1,1,0
48.81576728820801,0.0,0.0,0.0,0.0,0.0,0.0,0.0,301,nan,nan,0,T_JUNCTION,51,1,1,0
48.83576035499573,0.0,0.0,0.0,0.0,0.0,0.0,0.0,301,nan,nan,0,T_JUNCTION,51,1,1,0
48.85576558113098,0.0,0.0,0.0,0.0,0.0,0.0,0.0,301,nan,nan,0,T_JUNCTION,51,1,1,0
48.875768423080444,0.0,0.0,0.0,0.0,0.0,0.0,0.0,301,nan,nan,0,T_JUNCTION,51,1,1,0
48.895809173583984,0.0,0.0,0.0,0.0,0.0,0.0,0.0,301,nan,nan,0,T_JUNCTION,51,1,1,0
48.91576623916626,0.0,0.0,0.0,0.0,0.0,0.0,0.0,301,nan,nan,0,T_JUNCTION,51,1,1,0
48.935771226882935,0.0,0.0,0.0,0.0,0.0,0.0,0.0,301,nan,nan,0,T_JUNCTION,51,1,1,0
48.95578145980835,0.0,0.0,0.0,0.0,0.0,0.0,0.0,301,nan,nan,0,T_JUNCTION,51,1,1,0
48.975783824920654,0.0,0.0,0.0,0.0,0.0,0.0,0.0,301,nan,nan,0,T_JUNCTION,51,1,1,0
48.99582552909851,0.0,0.0,0.0,0.0,0.0,0.0,0.0,301,nan,nan,0,T_JUNCTION,51,1,1,0
49.01576590538025,0.0,0.0,0.0,0.0,0.0,0.0,0.0,301,nan,nan,0,T_JUNCTION,51,1,1,0
49.035773515701294,0.0,0.0,0.0,0.0,0.0,0.0,0.0,301,nan,nan,0,T_JUNCTION,51,1,1,0
49.05577278137207,0.0,0.0,0.0,0.0,0.0,0.0,0.0,301,nan,nan,0,T_JUNCTION,51,1,1,0
49.075774908065796,0.0,0.0,0.0,0.0,0.0,0.0,0.0,301,nan,nan,0,T_JUNCTION,51,1,1,0
49.095834493637085,0.0,0.0,0.0,0.0,0.0,0.0,0.0,301,nan,nan,0,T_JUNCTION,51,1,1,0
49.115758180618286,0.0,0.0,0.0,0.0,0.0,0.0,0.0,301,nan,nan,0,T_JUNCTION,51,1,1,0
49.135772466659546,0.0,0.0,0.0,0.0,0.0,0.0,0.0,301,nan,nan,0,T_JUNCTION,51,1,1,0
49.15576958656311,0.0,0.0,0.0,0.0,0.0,0.0,0.0,301,nan,nan,0,T_JUNCTION,51,1,1,0
49.17578887939453,0.0,0.0,0.0,0.0,0.0,0.0,0.0,301,nan,nan,0,T_JUNCTION,51,1,1,0
49.19580888748169,0.0,0.0,0.0,0.0,0.0,0.0,0.0,301,nan,nan,0,T_JUNCTION,51,1,1,0
49.215789556503296,0.0,0.0,0.0,0.0,0.0,0.0,0.0,301,nan,nan,0,T_JUNCTION,51,1,1,0
49.235790729522705,0.0,0.0,0.0,0.0,0.0,0.0,0.0,301,nan,nan,0,T_JUNCTION,51,1,1,0
49.25578761100769,0.0,0.0,0.0,0.0,0.0,0.0,0.0,301,nan,nan,0,T_JUNCTION,51,1,1,0
49.27576971054077,0.0,0.0,0.0,0.0,0.0,0.0,0.0,301,nan,nan,0,T_JUNCTION,51,1,1,0
49.295830488204956,0.0,0.0,0.0,0.0,0.0,0.0,0.0,301,nan,nan,0,T_JUNCTION,51,1,1,0
49.31577825546265,0.0,0.0,0.0,0.0,0.0,0.0,0.0,301,nan,nan,0,T_JUNCTION,51,1,1,0
49.33577585220337,0.0,0.0,0.0,0.0,0.0,0.0,0.0,301,nan,nan,0,T_JUNCTION,51,1,1,0
49.3557665348053,0.0,0.0,0.0,0.0,0.0,0.0,0.0,301,nan,nan,0,T_JUNCTION,51,1,1,0
49.375773429870605,0.0,0.0,0.0,0.0,0.0,0.0,0.0,301,nan,nan,0,T_JUNCTION,51,1,1,0
49.39580202102661,0.0,0.0,0.0,0.0,0.0,0.0,0.0,301,nan,nan,0,T_JUNCTION,51,1,1,0
49.41577196121216,0.0,0.0,0.0,0.0,0.0,0.0,0.0,301,nan,nan,0,T_JUNCTION,51,1,1,0
49.43578600883484,0.0,0.0,0.0,0.0,0.0,0.0,0.0,301,nan,nan,0,T_JUNCTION,51,1,1,0
49.455798864364624,0.0,0.0,0.0,0.0,0.0,0.0,0.0,301,nan,nan,0,T_JUNCTION,51,1,1,0
49.475791692733765,0.0,0.0,0.0,0.0,0.0,0.0,0.0,301,nan,nan,0,T_JUNCTION,51,1,1,0
49.49581980705261,0.0,0.0,0.0,0.0,0.0,0.0,0.0,301,nan,nan,0,T_JUNCTION,51,1,1,0
49.515761852264404,0.0,0.0,0.0,0.0,0.0,0.0,0.0,301,nan,nan,0,T_JUNCTION,51,1,1,0
49.53583478927612,0.0,0.0,0.0,0.0,0.0,0.0,0.0,301,nan,nan,0,T_JUNCTION,51,1,1,0
49.55577278137207,0.0,0.0,0.0,0.0,0.0,0.0,0.0,301,nan,nan,0,T_JUNCTION,51,1,1,0
49.5757851600647,0.0,0.0,0.0,0.0,0.0,0.0,0.0,301,nan,nan,0,T_JUNCTION,51,1,1,0
49.59581756591797,0.0,0.0,0.0,0.0,0.0,0.0,0.0,301,nan,nan,0,T_JUNCTION,51,1,1,0
49.61578631401062,0.0,0.0,0.0,0.0,0.0,0.0,0.0,301,nan,nan,0,T_JUNCTION,51,1,1,0
49.63577747344971,0.0,0.0,0.0,0.0,0.0,0.0,0.0,301,nan,nan,0,T_JUNCTION,51,1,1,0
49.655837059020996,0.0,0.0,0.0,0.0,0.0,0.0,0.0,301,nan,nan,0,T_JUNCTION,51,1,1,0
49.67578077316284,0.0,0.0,0.0,0.0,0.0,0.0,0.0,301,nan,nan,0,T_JUNCTION,51,1,1,0
49.695815563201904,0.0,0.0,0.0,0.0,0.0,0.0,0.0,301,nan,nan,0,T_JUNCTION,51,1,1,0
49.71576905250549,0.0,0.0,0.0,0.0,0.0,0.0,0.0,301,nan,nan,0,T_JUNCTION,51,1,1,0
49.73576498031616,0.0,0.0,0.0,0.0,0.0,0.0,0.0,301,nan,nan,0,T_JUNCTION,51,1,1,0
49.755828619003296,0.0,0.0,0.0,0.0,0.0,0.0,0.0,301,nan,nan,0,T_JUNCTION,51,1,1,0
49.77578043937683,0.0,0.0,0.0,0.0,0.0,0.0,0.0,301,nan,nan,0,T_JUNCTION,51,1,1,0
49.79583263397217,0.0,0.0,0.0,0.0,0.0,0.0,0.0,301,nan,nan,0,T_JUNCTION,51,1,1,0
49.81577754020691,0.0,0.0,0.0,0.0,0.0,0.0,0.0,301,nan,nan,0,T_JUNCTION,51,1,1,0
49.83579182624817,0.0,0.0,0.0,0.0,0.0,0.0,0.0,301,nan,nan,0,T_JUNCTION,51,1,1,0
49.85578179359436,0.0,0.0,0.0,0.0,0.0,0.0,0.0,301,nan,nan,0,T_JUNCTION,51,1,1,0
49.87578225135803,0.0,0.0,0.0,0.0,0.0,0.0,0.0,301,nan,nan,0,T_JUNCTION,51,1,1,0
49.89579963684082,0.0,0.0,0.0,0.0,0.0,0.0,0.0,301,nan,nan,0,T_JUNCTION,51,1,1,0
49.915777921676636,0.0,0.0,0.0,0.0,0.0,0.0,0.0,301,nan,nan,0,T_JUNCTION,51,1,1,0
49.93577861785889,0.0,0.0,0.0,0.0,0.0,0.0,0.0,301,nan,nan,0,T_JUNCTION,51,1,1,0
49.955782651901245,0.0,0.0,0.0,0.0,0.0,0.0,0.0,301,nan,nan,0,T_JUNCTION,51,1,1,0
49.975773096084595,0.0,0.0,0.0,0.0,0.0,0.0,0.0,301,nan,nan,0,T_JUNCTION,51,1,1,0
49.99580407142639,0.0,0.0,0.0,0.0,0.0,0.0,0.0,301,nan,nan,0,T_JUNCTION,51,1,1,0
50.015769958496094,0.0,0.0,0.0,0.0,0.0,0.0,0.0,301,nan,nan,0,T_JUNCTION,51,1,1,0
50.03577494621277,0.0,0.0,0.0,0.0,0.0,0.0,0.0,301,nan,nan,0,T_JUNCTION,51,1,1,0
50.0557746887207,0.0,0.0,0.0,0.0,0.0,0.0,0.0,301,nan,nan,0,T_JUNCTION,51,1,1,0
50.07576298713684,0.0,0.0,0.0,0.0,0.0,0.0,0.0,301,nan,nan,0,T_JUNCTION,51,1,1,0
50.09583520889282,0.0,0.0,0.0,0.0,0.0,0.0,0.0,301,nan,nan,0,T_JUNCTION,51,1,1,0
50.115758657455444,0.0,0.0,0.0,0.0,0.0,0.0,0.0,301,nan,nan,0,T_JUNCTION,51,1,1,0
50.135793924331665,0.0,0.0,0.0,0.0,0.0,0.0,0.0,301,nan,nan,0,T_JUNCTION,51,1,1,0
50.15576505661011,0.0,0.0,0.0,0.0,0.0,0.0,0.0,301,nan,nan,0,T_JUNCTION,51,1,1,0
50.17577409744263,0.0,0.0,0.0,0.0,0.0,0.0,0.0,301,nan,nan,0,T_JUNCTION,51,1,1,0
50.19582462310791,0.0,0.0,0.0,0.0,0.0,0.0,0.0,301,nan,nan,0,T_JUNCTION,51,1,1,0
50.21577262878418,0.0,0.0,0.0,0.0,0.0,0.0,0.0,301,nan,nan,0,T_JUNCTION,51,1,1,0
50.23577833175659,0.0,0.0,0.0,0.0,0.0,0.0,0.0,301,nan,nan,0,T_JUNCTION,51,1,1,0
50.25578022003174,0.0,0.0,0.0,0.0,0.0,0.0,0.0,301,nan,nan,0,T_JUNCTION,51,1,1,0
50.275765895843506,0.0,0.0,0.0,0.0,0.0,0.0,0.0,301,nan,nan,0,T_JUNCTION,51,1,1,0
50.2958607673645,0.0,0.0,0.0,0.0,0.0,0.0,0.0,301,nan,nan,0,T_JUNCTION,51,1,1,0
50.31576442718506,0.0,0.0,0.0,0.0,0.0,0.0,0.0,301,nan,nan,0,T_JUNCTION,51,1,1,0
50.33576416969299,0.0,0.0,0.0,0.0,0.0,0.0,0.0,301,nan,nan,0,T_JUNCTION,51,1,1,0
50.35576128959656,0.0,0.0,0.0,0.0,0.0,0.0,0.0,301,nan,nan,0,T_JUNCTION,51,1,1,0
50.37576174736023,0.0,0.0,0.0,0.0,0.0,0.0,0.0,301,nan,nan,0,T_JUNCTION,51,1,1,0
50.39584970474243,0.0,0.0,0.0,0.0,0.0,0.0,0.0,301,nan,nan,0,T_JUNCTION,51,1,1,0
50.41576814651489,0.0,0.0,0.0,0.0,0.0,0.0,0.0,301,nan,nan,0,T_JUNCTION,51,1,1,0
50.43576145172119,0.0,0.0,0.0,0.0,0.0,0.0,0.0,301,nan,nan,0,T_JUNCTION,51,1,1,0
50.45576858520508,0.0,0.0,0.0,0.0,0.0,0.0,0.0,301,nan,nan,0,T_JUNCTION,51,1,1,0
50.47576975822449,0.0,0.0,0.0,0.0,0.0,0.0,0.0,301,nan,nan,0,T_JUNCTION,51,1,1,0
50.49580907821655,0.0,0.0,0.0,0.0,0.0,0.0,0.0,301,nan,nan,0,T_JUNCTION,51,1,1,0
50.515788555145264,0.0,0.0,0.0,0.0,0.0,0.0,0.0,301,nan,nan,0,T_JUNCTION,51,1,1,0
50.535781383514404,0.0,0.0,0.0,0.0,0.0,0.0,0.0,301,nan,nan,0,T_JUNCTION,51,1,1,0
50.555760622024536,0.0,0.0,0.0,0.0,0.0,0.0,0.0,301,nan,nan,0,T_JUNCTION,51,1,1,0
50.57577872276306,0.0,0.0,0.0,0.0,0.0,0.0,0.0,301,nan,nan,0,T_JUNCTION,51,1,1,0
50.59579515457153,0.0,0.0,0.0,0.0,0.0,0.0,0.0,301,nan,nan,0,T_JUNCTION,51,1,1,0
50.61576986312866,0.0,0.0,0.0,0.0,0.0,0.0,0.0,301,nan,nan,0,T_JUNCTION,51,1,1,0
50.63578128814697,0.0,0.0,0.0,0.0,0.0,0.0,0.0,301,nan,nan,0,T_JUNCTION,51,1,1,0
50.65579175949097,0.0,0.0,0.0,0.0,0.0,0.0,0.0,301,nan,nan,0,T_JUNCTION,51,1,1,0
50.67578148841858,0.0,0.0,0.0,0.0,0.0,0.0,0.0,301,nan,nan,0,T_JUNCTION,51,1,1,0
50.69582438468933,0.0,0.0,0.0,0.0,0.0,0.0,0.0,301,nan,nan,0,T_JUNCTION,51,1,1,0
50.71575856208801,0.0,0.0,0.0,0.0,0.0,0.0,0.0,301,nan,nan,0,T_JUNCTION,51,1,1,0
50.73578596115112,0.0,0.0,0.0,0.0,0.0,0.0,0.0,301,nan,nan,0,T_JUNCTION,51,1,1,0
50.75576138496399,0.0,0.0,0.0,0.0,0.0,0.0,0.0,301,nan,nan,0,T_JUNCTION,51,1,1,0
50.77577185630798,0.0,0.0,0.0,0.0,0.0,0.0,0.0,301,nan,nan,0,T_JUNCTION,51,1,1,0
50.79582238197327,0.0,0.0,0.0,0.0,0.0,0.0,0.0,301,nan,nan,0,T_JUNCTION,51,1,1,0
50.81577229499817,0.0,0.0,0.0,0.0,0.0,0.0,0.0,301,nan,nan,0,T_JUNCTION,51,1,1,0
50.83577752113342,0.0,0.0,0.0,0.0,0.0,0.0,0.0,301,nan,nan,0,T_JUNCTION,51,1,1,0
50.85577988624573,0.0,0.0,0.0,0.0,0.0,0.0,0.0,301,nan,nan,0,T_JUNCTION,51,1,1,0
50.87579536437988,0.0,0.0,0.0,0.0,0.0,0.0,0.0,301,nan,nan,0,T_JUNCTION,51,1,1,0
50.89581298828125,0.0,0.0,0.0,0.0,0.0,0.0,0.0,301,nan,nan,0,T_JUNCTION,51,1,1,0
50.91577172279358,0.0,0.0,0.0,0.0,0.0,0.0,0.0,301,nan,nan,0,T_JUNCTION,51,1,1,0
50.93576765060425,0.0,0.0,0.0,0.0,0.0,0.0,0.0,301,nan,nan,0,T_JUNCTION,51,1,1,0
50.95578050613403,0.0,0.0,0.0,0.0,0.0,0.0,0.0,301,nan,nan,0,T_JUNCTION,51,1,1,0
50.975756883621216,0.0,0.0,0.0,0.0,0.0,0.0,0.0,301,nan,nan,0,T_JUNCTION,51,1,1,0
50.99580526351929,0.0,0.0,0.0,0.0,0.0,0.0,0.0,301,nan,nan,0,T_JUNCTION,51,1,1,0
51.015769243240356,0.0,0.0,0.0,0.0,0.0,0.0,0.0,301,nan,nan,0,T_JUNCTION,51,1,1,0
51.035818338394165,0.0,0.0,0.0,0.0,0.0,0.0,0.0,301,nan,nan,0,T_JUNCTION,51,1,1,0
51.055789947509766,0.0,0.0,0.0,0.0,0.0,0.0,0.0,301,nan,nan,0,T_JUNCTION,51,1,1,0
51.07577133178711,0.0,0.0,0.0,0.0,0.0,0.0,0.0,301,nan,nan,0,T_JUNCTION,51,1,1,0
51.09581160545349,0.0,0.0,0.0,0.0,0.0,0.0,0.0,301,nan,nan,0,T_JUNCTION,51,1,1,0
51.115769386291504,0.0,0.0,0.0,0.0,0.0,0.0,0.0,301,nan,nan,0,T_JUNCTION,51,1,1,0
51.13577580451965,0.0,0.0,0.0,0.0,0.0,0.0,0.0,301,nan,nan,0,T_JUNCTION,51,1,1,0
51.155763149261475,0.0,0.0,0.0,0.0,0.0,0.0,0.0,301,nan,nan,0,T_JUNCTION,51,1,1,0
51.175771951675415,0.0,0.0,0.0,0.0,0.0,0.0,0.0,301,nan,nan,0,T_JUNCTION,51,1,1,0
51.1958065032959,0.0,0.0,0.0,0.0,0.0,0.0,0.0,301,nan,nan,0,T_JUNCTION,51,1,1,0
51.21577262878418,0.0,0.0,0.0,0.0,0.0,0.0,0.0,301,nan,nan,0,T_JUNCTION,51,1,1,0
51.235774517059326,0.0,0.0,0.0,0.0,0.0,0.0,0.0,301,nan,nan,0,T_JUNCTION,51,1,1,0
51.25577473640442,0.0,0.0,0.0,0.0,0.0,0.0,0.0,301,nan,nan,0,T_JUNCTION,51,1,1,0
51.27581214904785,0.0,0.0,0.0,0.0,0.0,0.0,0.0,301,nan,nan,0,T_JUNCTION,51,1,1,0
51.29583215713501,0.0,0.0,0.0,0.0,0.0,0.0,0.0,301,nan,nan,0,T_JUNCTION,51,1,1,0
51.315773725509644,0.0,0.0,0.0,0.0,0.0,0.0,0.0,301,nan,nan,0,T_JUNCTION,51,1,1,0
51.33577346801758,0.0,0.0,0.0,0.0,0.0,0.0,0.0,301,nan,nan,0,T_JUNCTION,51,1,1,0
51.355759382247925,0.0,0.0,0.0,0.0,0.0,0.0,0.0,301,nan,nan,0,T_JUNCTION,51,1,1,0
51.375786781311035,0.0,0.0,0.0,0.0,0.0,0.0,0.0,301,nan,nan,0,T_JUNCTION,51,1,1,0
51.395811796188354,0.0,0.0,0.0,0.0,0.0,0.0,0.0,301,nan,nan,0,T_JUNCTION,51,1,1,0
51.41577219963074,0.0,0.0,0.0,0.0,0.0,0.0,0.0,301,nan,nan,0,T_JUNCTION,51,1,1,0
51.43577814102173,0.0,0.0,0.0,0.0,0.0,0.0,0.0,301,nan,nan,0,T_JUNCTION,51,1,1,0
51.45578598976135,0.0,0.0,0.0,0.0,0.0,0.0,0.0,301,nan,nan,0,T_JUNCTION,51,1,1,0
51.475836515426636,0.0,0.0,0.0,0.0,0.0,0.0,0.0,301,nan,nan,0,T_JUNCTION,51,1,1,0
51.495800256729126,0.0,0.0,0.0,0.0,0.0,0.0,0.0,301,nan,nan,0,T_JUNCTION,51,1,1,0
51.51580619812012,0.0,0.0,0.0,0.0,0.0,0.0,0.0,301,nan,nan,0,T_JUNCTION,51,1,1,0
51.53575921058655,0.0,0.0,0.0,0.0,0.0,0.0,0.0,301,nan,nan,0,T_JUNCTION,51,1,1,0
51.55576682090759,0.0,0.0,0.0,0.0,0.0,0.0,0.0,301,nan,nan,0,T_JUNCTION,51,1,1,0
51.575761795043945,0.0,0.0,0.0,0.0,0.0,0.0,0.0,301,nan,nan,0,T_JUNCTION,51,1,1,0
51.59580969810486,0.0,0.0,0.0,0.0,0.0,0.0,0.0,301,nan,nan,0,T_JUNCTION,51,1,1,0
51.61577224731445,0.0,0.0,0.0,0.0,0.0,0.0,0.0,301,nan,nan,0,T_JUNCTION,51,1,1,0
51.63578939437866,0.0,0.0,0.0,0.0,0.0,0.0,0.0,301,nan,nan,0,T_JUNCTION,51,1,1,0
51.65583324432373,0.0,0.0,0.0,0.0,0.0,0.0,0.0,301,nan,nan,0,T_JUNCTION,51,1,1,0
51.67577385902405,0.0,0.0,0.0,0.0,0.0,0.0,0.0,301,nan,nan,0,T_JUNCTION,51,1,1,0
51.69582676887512,0.0,0.0,0.0,0.0,0.0,0.0,0.0,301,nan,nan,0,T_JUNCTION,51,1,1,0
51.7157838344574,0.0,0.0,0.0,0.0,0.0,0.0,0.0,301,nan,nan,0,T_JUNCTION,51,1,1,0
51.73576831817627,0.0,0.0,0.0,0.0,0.0,0.0,0.0,301,nan,nan,0,T_JUNCTION,51,1,1,0
51.75576424598694,0.0,0.0,0.0,0.0,0.0,0.0,0.0,301,nan,nan,0,T_JUNCTION,51,1,1,0
51.775763273239136,0.0,0.0,0.0,0.0,0.0,0.0,0.0,301,nan,nan,0,T_JUNCTION,51,1,1,0
51.79583978652954,0.0,0.0,0.0,0.0,0.0,0.0,0.0,301,nan,nan,0,T_JUNCTION,51,1,1,0
51.815778970718384,0.0,0.0,0.0,0.0,0.0,0.0,0.0,301,nan,nan,0,T_JUNCTION,51,1,1,0
51.83577632904053,0.0,0.0,0.0,0.0,0.0,0.0,0.0,301,nan,nan,0,T_JUNCTION,51,1,1,0
51.85579323768616,0.0,0.0,0.0,0.0,0.0,0.0,0.0,301,nan,nan,0,T_JUNCTION,51,1,1,0
51.87579607963562,0.0,0.0,0.0,0.0,0.0,0.0,0.0,301,nan,nan,0,T_JUNCTION,51,1,1,0
51.895832538604736,0.0,0.0,0.0,0.0,0.0,0.0,0.0,301,nan,nan,0,T_JUNCTION,51,1,1,0
51.915767669677734,0.0,0.0,0.0,0.0,0.0,0.0,0.0,301,nan,nan,0,T_JUNCTION,51,1,1,0
51.93577265739441,0.0,0.0,0.0,0.0,0.0,0.0,0.0,301,nan,nan,0,T_JUNCTION,51,1,1,0
51.95577526092529,0.0,0.0,0.0,0.0,0.0,0.0,0.0,301,nan,nan,0,T_JUNCTION,51,1,1,0
51.97576403617859,0.0,0.0,0.0,0.0,0.0,0.0,0.0,301,nan,nan,0,T_JUNCTION,51,1,1,0
51.995811462402344,0.0,0.0,0.0,0.0,0.0,0.0,0.0,301,nan,nan,0,T_JUNCTION,51,1,1,0
52.015780448913574,0.0,0.0,0.0,0.0,0.0,0.0,0.0,301,nan,nan,0,T_JUNCTION,51,1,1,0
52.03593397140503,0.0,0.0,0.0,0.0,0.0,0.0,0.0,301,nan,nan,0,T_JUNCTION,51,1,1,0
52.055874824523926,0.0,0.0,0.0,0.0,0.0,0.0,0.0,301,nan,nan,0,T_JUNCTION,51,1,1,0
52.07581830024719,0.0,0.0,0.0,0.0,0.0,0.0,0.0,301,nan,nan,0,T_JUNCTION,51,1,1,0
52.0958514213562,0.0,0.0,0.0,0.0,0.0,0.0,0.0,301,nan,nan,0,T_JUNCTION,51,1,1,0
52.11578702926636,0.0,0.0,0.0,0.0,0.0,0.0,0.0,301,nan,nan,0,T_JUNCTION,51,1,1,0
52.135843992233276,0.0,0.0,0.0,0.0,0.0,0.0,0.0,301,nan,nan,0,T_JUNCTION,51,1,1,0
52.15581154823303,0.0,0.0,0.0,0.0,0.0,0.0,0.0,301,nan,nan,0,T_JUNCTION,51,1,1,0
52.17580008506775,0.0,0.0,0.0,0.0,0.0,0.0,0.0,301,nan,nan,0,T_JUNCTION,51,1,1,0
52.19584321975708,0.0,0.0,0.0,0.0,0.0,0.0,0.0,301,nan,nan,0,T_JUNCTION,51,1,1,0
52.21578526496887,0.0,0.0,0.0,0.0,0.0,0.0,0.0,301,nan,nan,0,T_JUNCTION,51,1,1,0
52.23583722114563,0.0,0.0,0.0,0.0,0.0,0.0,0.0,301,nan,nan,0,T_JUNCTION,51,1,1,0
52.255836963653564,0.0,0.0,0.0,0.0,0.0,0.0,0.0,301,nan,nan,0,T_JUNCTION,51,1,1,0
52.275872230529785,0.0,0.0,0.0,0.0,0.0,0.0,0.0,301,nan,nan,0,T_JUNCTION,51,1,1,0
52.29586744308472,0.0,0.0,0.0,0.0,0.0,0.0,0.0,301,nan,nan,0,T_JUNCTION,51,1,1,0
52.315773725509644,0.0,0.0,0.0,0.0,0.0,0.0,0.0,301,nan,nan,0,T_JUNCTION,51,1,1,0
52.33576202392578,0.0,0.0,0.0,0.0,0.0,0.0,0.0,301,nan,nan,0,T_JUNCTION,51,1,1,0
52.35577964782715,0.0,0.0,0.0,0.0,0.0,0.0,0.0,301,nan,nan,0,T_JUNCTION,51,1,1,0
52.37579369544983,0.0,0.0,0.0,0.0,0.0,0.0,0.0,301,nan,nan,0,T_JUNCTION,51,1,1,0
52.39581108093262,0.0,0.0,0.0,0.0,0.0,0.0,0.0,301,nan,nan,0,T_JUNCTION,51,1,1,0
52.415820598602295,0.0,0.0,0.0,0.0,0.0,0.0,0.0,301,nan,nan,0,T_JUNCTION,51,1,1,0
52.4359028339386,0.0,0.0,0.0,0.0,0.0,0.0,0.0,301,nan,nan,0,T_JUNCTION,51,1,1,0
52.45588946342468,0.0,0.0,0.0,0.0,0.0,0.0,0.0,301,nan,nan,0,T_JUNCTION,51,1,1,0
52.47588849067688,0.0,0.0,0.0,0.0,0.0,0.0,0.0,301,nan,nan,0,T_JUNCTION,51,1,1,0
52.495967626571655,0.0,0.0,0.0,0.0,0.0,0.0,0.0,301,nan,nan,0,T_JUNCTION,51,1,1,0
52.515777826309204,0.0,0.0,0.0,0.0,0.0,0.0,0.0,301,nan,nan,0,T_JUNCTION,51,1,1,0
52.535839319229126,0.0,0.0,0.0,0.0,0.0,0.0,0.0,301,nan,nan,0,T_JUNCTION,51,1,1,0
52.55583333969116,0.0,0.0,0.0,0.0,0.0,0.0,0.0,301,nan,nan,0,T_JUNCTION,51,1,1,0
52.575830936431885,0.0,0.0,0.0,0.0,0.0,0.0,0.0,301,nan,nan,0,T_JUNCTION,51,1,1,0
52.59583854675293,0.0,0.0,0.0,0.0,0.0,0.0,0.0,301,nan,nan,0,T_JUNCTION,51,1,1,0
52.61583209037781,0.0,0.0,0.0,0.0,0.0,0.0,0.0,301,nan,nan,0,T_JUNCTION,51,1,1,0
52.63591814041138,0.0,0.0,0.0,0.0,0.0,0.0,0.0,301,nan,nan,0,T_JUNCTION,51,1,1,0
52.656121492385864,0.0,0.0,0.0,0.0,0.0,0.0,0.0,301,nan,nan,0,T_JUNCTION,51,1,1,0
52.67578840255737,0.0,0.0,0.0,0.0,0.0,0.0,0.0,301,nan,nan,0,T_JUNCTION,51,1,1,0
52.69587683677673,0.0,0.0,0.0,0.0,0.0,0.0,0.0,301,nan,nan,0,T_JUNCTION,51,1,1,0
52.71579551696777,0.0,0.0,0.0,0.0,0.0,0.0,0.0,301,nan,nan,0,T_JUNCTION,51,1,1,0
52.735841512680054,0.0,0.0,0.0,0.0,0.0,0.0,0.0,301,nan,nan,0,T_JUNCTION,51,1,1,0
52.75582718849182,0.0,0.0,0.0,0.0,0.0,0.0,0.0,301,nan,nan,0,T_JUNCTION,51,1,1,0
52.77581024169922,0.0,0.0,0.0,0.0,0.0,0.0,0.0,301,nan,nan,0,T_JUNCTION,51,1,1,0
52.795960664749146,0.0,0.0,0.0,0.0,0.0,0.0,0.0,301,nan,nan,0,T_JUNCTION,51,1,1,0
52.815900802612305,0.0,0.0,0.0,0.0,0.0,0.0,0.0,301,nan,nan,0,T_JUNCTION,51,1,1,0
52.836037158966064,0.0,0.0,0.0,0.0,0.0,0.0,0.0,301,nan,nan,0,T_JUNCTION,51,1,1,0
52.85600185394287,0.0,0.0,0.0,0.0,0.0,0.0,0.0,301,nan,nan,0,T_JUNCTION,51,1,1,0
52.87600302696228,0.0,0.0,0.0,0.0,0.0,0.0,0.0,301,nan,nan,0,T_JUNCTION,51,1,1,0
52.89600491523743,0.0,0.0,0.0,0.0,0.0,0.0,0.0,301,nan,nan,0,T_JUNCTION,51,1,1,0
52.91668510437012,0.0,0.0,0.0,0.0,0.0,0.0,0.0,301,nan,nan,0,T_JUNCTION,51,1,1,0
52.93596386909485,0.0,0.0,0.0,0.0,0.0,0.0,0.0,301,nan,nan,0,T_JUNCTION,51,1,1,0
52.955875635147095,0.0,0.0,0.0,0.0,0.0,0.0,0.0,301,nan,nan,0,T_JUNCTION,51,1,1,0
52.97591733932495,0.0,0.0,0.0,0.0,0.0,0.0,0.0,301,nan,nan,0,T_JUNCTION,51,1,1,0
52.9958770275116,0.0,0.0,0.0,0.0,0.0,0.0,0.0,301,nan,nan,0,T_JUNCTION,51,1,1,0
53.01585650444031,0.0,0.0,0.0,0.0,0.0,0.0,0.0,301,nan,nan,0,T_JUNCTION,51,1,1,0
53.03590536117554,0.0,0.0,0.0,0.0,0.0,0.0,0.0,301,nan,nan,0,T_JUNCTION,51,1,1,0
53.05578327178955,0.0,0.0,0.0,0.0,0.0,0.0,0.0,301,nan,nan,0,T_JUNCTION,51,1,1,0
53.07583928108215,0.0,0.0,0.0,0.0,0.0,0.0,0.0,301,nan,nan,0,T_JUNCTION,51,1,1,0
53.09581804275513,0.0,0.0,0.0,0.0,0.0,0.0,0.0,301,nan,nan,0,T_JUNCTION,51,1,1,0
53.11578583717346,0.0,0.0,0.0,0.0,0.0,0.0,0.0,301,nan,nan,0,T_JUNCTION,51,1,1,0
53.13581967353821,0.0,0.0,0.0,0.0,0.0,0.0,0.0,301,nan,nan,0,T_JUNCTION,51,1,1,0
53.15578532218933,0.0,0.0,0.0,0.0,0.0,0.0,0.0,301,nan,nan,0,T_JUNCTION,51,1,1,0
53.175787925720215,0.0,0.0,0.0,0.0,0.0,0.0,0.0,301,nan,nan,0,T_JUNCTION,51,1,1,0
53.19580888748169,0.0,0.0,0.0,0.0,0.0,0.0,0.0,301,nan,nan,0,T_JUNCTION,51,1,1,0
53.215797662734985,0.0,0.0,0.0,0.0,0.0,0.0,0.0,301,nan,nan,0,T_JUNCTION,51,1,1,0
53.235777378082275,0.0,0.0,0.0,0.0,0.0,0.0,0.0,301,nan,nan,0,T_JUNCTION,51,1,1,0
53.255778789520264,0.0,0.0,0.0,0.0,0.0,0.0,0.0,301,nan,nan,0,T_JUNCTION,51,1,1,0
53.27578020095825,0.0,0.0,0.0,0.0,0.0,0.0,0.0,301,nan,nan,0,T_JUNCTION,51,1,1,0
53.29581093788147,0.0,0.0,0.0,0.0,0.0,0.0,0.0,301,nan,nan,0,T_JUNCTION,51,1,1,0
53.3157742023468,0.0,0.0,0.0,0.0,0.0,0.0,0.0,301,nan,nan,0,T_JUNCTION,51,1,1,0
53.33577513694763,0.0,0.0,0.0,0.0,0.0,0.0,0.0,301,nan,nan,0,T_JUNCTION,51,1,1,0
53.35576891899109,0.0,0.0,0.0,0.0,0.0,0.0,0.0,301,nan,nan,0,T_JUNCTION,51,1,1,0
53.37590408325195,0.0,0.0,0.0,0.0,0.0,0.0,0.0,301,nan,nan,0,T_JUNCTION,51,1,1,0
53.39582586288452,0.0,0.0,0.0,0.0,0.0,0.0,0.0,301,nan,nan,0,T_JUNCTION,51,1,1,0
53.41577482223511,0.0,0.0,0.0,0.0,0.0,0.0,0.0,301,nan,nan,0,T_JUNCTION,51,1,1,0
53.435800552368164,0.0,0.0,0.0,0.0,0.0,0.0,0.0,301,nan,nan,0,T_JUNCTION,51,1,1,0
53.45585918426514,0.0,0.0,0.0,0.0,0.0,0.0,0.0,301,nan,nan,0,T_JUNCTION,51,1,1,0
53.4758141040802,0.0,0.0,0.0,0.0,0.0,0.0,0.0,301,nan,nan,0,T_JUNCTION,51,1,1,0
53.4958062171936,0.0,0.0,0.0,0.0,0.0,0.0,0.0,301,nan,nan,0,T_JUNCTION,51,1,1,0
53.5157744884491,0.0,0.0,0.0,0.0,0.0,0.0,0.0,301,nan,nan,0,T_JUNCTION,51,1,1,0
53.53577733039856,0.0,0.0,0.0,0.0,0.0,0.0,0.0,301,nan,nan,0,T_JUNCTION,51,1,1,0
53.55577278137207,0.0,0.0,0.0,0.0,0.0,0.0,0.0,301,nan,nan,0,T_JUNCTION,51,1,1,0
53.575812578201294,0.0,0.0,0.0,0.0,0.0,0.0,0.0,301,nan,nan,0,T_JUNCTION,51,1,1,0
53.59579634666443,0.0,0.0,0.0,0.0,0.0,0.0,0.0,301,nan,nan,0,T_JUNCTION,51,1,1,0
53.615803956985474,0.0,0.0,0.0,0.0,0.0,0.0,0.0,301,nan,nan,0,T_JUNCTION,51,1,1,0
53.635775566101074,0.0,0.0,0.0,0.0,0.0,0.0,0.0,301,nan,nan,0,T_JUNCTION,51,1,1,0
53.65580224990845,0.0,0.0,0.0,0.0,0.0,0.0,0.0,301,nan,nan,0,T_JUNCTION,51,1,1,0
53.675806760787964,0.0,0.0,0.0,0.0,0.0,0.0,0.0,301,nan,nan,0,T_JUNCTION,51,1,1,0
53.695810317993164,0.0,0.0,0.0,0.0,0.0,0.0,0.0,301,nan,nan,0,T_JUNCTION,51,1,1,0
53.71576905250549,0.0,0.0,0.0,0.0,0.0,0.0,0.0,301,nan,nan,0,T_JUNCTION,51,1,1,0
53.73577833175659,0.0,0.0,0.0,0.0,0.0,0.0,0.0,301,nan,nan,0,T_JUNCTION,51,1,1,0
53.7557737827301,0.0,0.0,0.0,0.0,0.0,0.0,0.0,301,nan,nan,0,T_JUNCTION,51,1,1,0
53.77577471733093,0.0,0.0,0.0,0.0,0.0,0.0,0.0,301,nan,nan,0,T_JUNCTION,51,1,1,0
53.79579544067383,0.0,0.0,0.0,0.0,0.0,0.0,0.0,301,nan,nan,0,T_JUNCTION,51,1,1,0
53.81577825546265,0.0,0.0,0.0,0.0,0.0,0.0,0.0,301,nan,nan,0,T_JUNCTION,51,1,1,0
53.83577013015747,0.0,0.0,0.0,0.0,0.0,0.0,0.0,301,nan,nan,0,T_JUNCTION,51,1,1,0
53.855767011642456,0.0,0.0,0.0,0.0,0.0,0.0,0.0,301,nan,nan,0,T_JUNCTION,51,1,1,0
53.875784158706665,0.0,0.0,0.0,0.0,0.0,0.0,0.0,301,nan,nan,0,T_JUNCTION,51,1,1,0
53.895819425582886,0.0,0.0,0.0,0.0,0.0,0.0,0.0,301,nan,nan,0,T_JUNCTION,51,1,1,0
53.915874004364014,0.0,0.0,0.0,0.0,0.0,0.0,0.0,301,nan,nan,0,T_JUNCTION,51,1,1,0
53.935861110687256,0.0,0.0,0.0,0.0,0.0,0.0,0.0,301,nan,nan,0,T_JUNCTION,51,1,1,0
53.95577359199524,0.0,0.0,0.0,0.0,0.0,0.0,0.0,301,nan,nan,0,T_JUNCTION,51,1,1,0
53.97580122947693,0.0,0.0,0.0,0.0,0.0,0.0,0.0,301,nan,nan,0,T_JUNCTION,51,1,1,0
53.99582314491272,0.0,0.0,0.0,0.0,0.0,0.0,0.0,301,nan,nan,0,T_JUNCTION,51,1,1,0
54.01576781272888,0.0,0.0,0.0,0.0,0.0,0.0,0.0,301,nan,nan,0,T_JUNCTION,51,1,1,0
54.03576922416687,0.0,0.0,0.0,0.0,0.0,0.0,0.0,301,nan,nan,0,T_JUNCTION,51,1,1,0
54.055758237838745,0.0,0.0,0.0,0.0,0.0,0.0,0.0,301,nan,nan,0,T_JUNCTION,51,1,1,0
54.07579064369202,0.0,0.0,0.0,0.0,0.0,0.0,0.0,301,nan,nan,0,T_JUNCTION,51,1,1,0
54.095786333084106,0.0,0.0,0.0,0.0,0.0,0.0,0.0,301,nan,nan,0,T_JUNCTION,51,1,1,0
54.11579895019531,0.0,0.0,0.0,0.0,0.0,0.0,0.0,301,nan,nan,0,T_JUNCTION,51,1,1,0
54.13578248023987,0.0,0.0,0.0,0.0,0.0,0.0,0.0,301,nan,nan,0,T_JUNCTION,51,1,1,0
54.15576529502869,0.0,0.0,0.0,0.0,0.0,0.0,0.0,301,nan,nan,0,T_JUNCTION,51,1,1,0
54.175772190093994,0.0,0.0,0.0,0.0,0.0,0.0,0.0,301,nan,nan,0,T_JUNCTION,51,1,1,0
54.195802211761475,0.0,0.0,0.0,0.0,0.0,0.0,0.0,301,nan,nan,0,T_JUNCTION,51,1,1,0
54.215782165527344,0.0,0.0,0.0,0.0,0.0,0.0,0.0,301,nan,nan,0,T_JUNCTION,51,1,1,0
54.23577570915222,0.0,0.0,0.0,0.0,0.0,0.0,0.0,301,nan,nan,0,T_JUNCTION,51,1,1,0
54.255783557891846,0.0,0.0,0.0,0.0,0.0,0.0,0.0,301,nan,nan,0,T_JUNCTION,51,1,1,0
54.27576518058777,0.0,0.0,0.0,0.0,0.0,0.0,0.0,301,nan,nan,0,T_JUNCTION,51,1,1,0
54.295865058898926,0.0,0.0,0.0,0.0,0.0,0.0,0.0,301,nan,nan,0,T_JUNCTION,51,1,1,0
54.31578612327576,0.0,0.0,0.0,0.0,0.0,0.0,0.0,301,nan,nan,0,T_JUNCTION,51,1,1,0
54.33575677871704,0.0,0.0,0.0,0.0,0.0,0.0,0.0,301,nan,nan,0,T_JUNCTION,51,1,1,0
54.3557665348053,0.0,0.0,0.0,0.0,0.0,0.0,0.0,301,nan,nan,0,T_JUNCTION,51,1,1,0
54.37578320503235,0.0,0.0,0.0,0.0,0.0,0.0,0.0,301,nan,nan,0,T_JUNCTION,51,1,1,0
54.395777225494385,0.0,0.0,0.0,0.0,0.0,0.0,0.0,301,nan,nan,0,T_JUNCTION,51,1,1,0
54.41578006744385,0.0,0.0,0.0,0.0,0.0,0.0,0.0,301,nan,nan,0,T_JUNCTION,51,1,1,0
54.43578577041626,0.0,0.0,0.0,0.0,0.0,0.0,0.0,301,nan,nan,0,T_JUNCTION,51,1,1,0
54.45579385757446,0.0,0.0,0.0,0.0,0.0,0.0,0.0,301,nan,nan,0,T_JUNCTION,51,1,1,0
54.475929498672485,0.0,0.0,0.0,0.0,0.0,0.0,0.0,301,nan,nan,0,T_JUNCTION,51,1,1,0
54.495842933654785,0.0,0.0,0.0,0.0,0.0,0.0,0.0,301,nan,nan,0,T_JUNCTION,51,1,1,0
54.51577138900757,0.0,0.0,0.0,0.0,0.0,0.0,0.0,301,nan,nan,0,T_JUNCTION,51,1,1,0
54.53576898574829,0.0,0.0,0.0,0.0,0.0,0.0,0.0,301,nan,nan,0,T_JUNCTION,51,1,1,0
54.5557701587677,0.0,0.0,0.0,0.0,0.0,0.0,0.0,301,nan,nan,0,T_JUNCTION,51,1,1,0
54.575777530670166,0.0,0.0,0.0,0.0,0.0,0.0,0.0,301,nan,nan,0,T_JUNCTION,51,1,1,0
54.5958776473999,0.0,0.0,0.0,0.0,0.0,0.0,0.0,301,nan,nan,0,T_JUNCTION,51,1,1,0
54.61578321456909,0.0,0.0,0.0,0.0,0.0,0.0,0.0,301,nan,nan,0,T_JUNCTION,51,1,1,0
54.63577437400818,0.0,0.0,0.0,0.0,0.0,0.0,0.0,301,nan,nan,0,T_JUNCTION,51,1,1,0
54.655898332595825,0.0,0.0,0.0,0.0,0.0,0.0,0.0,301,nan,nan,0,T_JUNCTION,51,1,1,0
54.67585635185242,0.0,0.0,0.0,0.0,0.0,0.0,0.0,301,nan,nan,0,T_JUNCTION,51,1,1,0
54.69577217102051,0.0,0.0,0.0,0.0,0.0,0.0,0.0,301,nan,nan,0,T_JUNCTION,51,1,1,0
54.71578025817871,0.0,0.0,0.0,0.0,0.0,0.0,0.0,301,nan,nan,0,T_JUNCTION,51,1,1,0
54.735800981521606,0.0,0.0,0.0,0.0,0.0,0.0,0.0,301,nan,nan,0,T_JUNCTION,51,1,1,0
54.75579500198364,0.0,0.0,0.0,0.0,0.0,0.0,0.0,301,nan,nan,0,T_JUNCTION,51,1,1,0
54.775871992111206,0.0,0.0,0.0,0.0,0.0,0.0,0.0,301,nan,nan,0,T_JUNCTION,51,1,1,0
54.79578351974487,0.0,0.0,0.0,0.0,0.0,0.0,0.0,301,nan,nan,0,T_JUNCTION,51,1,1,0
54.815773010253906,0.0,0.0,0.0,0.0,0.0,0.0,0.0,301,nan,nan,0,T_JUNCTION,51,1,1,0
54.83579444885254,0.0,0.0,0.0,0.0,0.0,0.0,0.0,301,nan,nan,0,T_JUNCTION,51,1,1,0
54.8558714389801,0.0,0.0,0.0,0.0,0.0,0.0,0.0,301,nan,nan,0,T_JUNCTION,51,1,1,0
54.8757758140564,0.0,0.0,0.0,0.0,0.0,0.0,0.0,301,nan,nan,0,T_JUNCTION,51,1,1,0
54.89577913284302,0.0,0.0,0.0,0.0,0.0,0.0,0.0,301,nan,nan,0,T_JUNCTION,51,1,1,0
54.91585421562195,0.0,0.0,0.0,0.0,0.0,0.0,0.0,301,nan,nan,0,T_JUNCTION,51,1,1,0
54.93583369255066,0.0,0.0,0.0,0.0,0.0,0.0,0.0,301,nan,nan,0,T_JUNCTION,51,1,1,0
54.95578694343567,0.0,0.0,0.0,0.0,0.0,0.0,0.0,301,nan,nan,0,T_JUNCTION,51,1,1,0
54.975780725479126,0.0,0.0,0.0,0.0,0.0,0.0,0.0,301,nan,nan,0,T_JUNCTION,51,1,1,0
54.99579215049744,0.0,0.0,0.0,0.0,0.0,0.0,0.0,301,nan,nan,0,T_JUNCTION,51,1,1,0
55.01577091217041,0.0,0.0,0.0,0.0,0.0,0.0,0.0,301,nan,nan,0,T_JUNCTION,51,1,1,0
55.03577256202698,0.0,0.0,0.0,0.0,0.0,0.0,0.0,301,nan,nan,0,T_JUNCTION,51,1,1,0
55.05577635765076,0.0,0.0,0.0,0.0,0.0,0.0,0.0,301,nan,nan,0,T_JUNCTION,51,1,1,0
55.07576632499695,0.0,0.0,0.0,0.0,0.0,0.0,0.0,301,nan,nan,0,T_JUNCTION,51,1,1,0
55.095781087875366,0.0,0.0,0.0,0.0,0.0,0.0,0.0,301,nan,nan,0,T_JUNCTION,51,1,1,0
55.11577653884888,0.0,0.0,0.0,0.0,0.0,0.0,0.0,301,nan,nan,0,T_JUNCTION,51,1,1,0
55.13577842712402,0.0,0.0,0.0,0.0,0.0,0.0,0.0,301,nan,nan,0,T_JUNCTION,51,1,1,0
55.155781269073486,0.0,0.0,0.0,0.0,0.0,0.0,0.0,301,nan,nan,0,T_JUNCTION,51,1,1,0
55.17594623565674,0.0,0.0,0.0,0.0,0.0,0.0,0.0,301,nan,nan,0,T_JUNCTION,51,1,1,0
55.19584512710571,0.0,0.0,0.0,0.0,0.0,0.0,0.0,301,nan,nan,0,T_JUNCTION,51,1,1,0
55.2157666683197,0.0,0.0,0.0,0.0,0.0,0.0,0.0,301,nan,nan,0,T_JUNCTION,51,1,1,0
55.23575448989868,0.0,0.0,0.0,0.0,0.0,0.0,0.0,301,nan,nan,0,T_JUNCTION,51,1,1,0
55.25575661659241,0.0,0.0,0.0,0.0,0.0,0.0,0.0,301,nan,nan,0,T_JUNCTION,51,1,1,0
55.27577352523804,0.0,0.0,0.0,0.0,0.0,0.0,0.0,301,nan,nan,0,T_JUNCTION,51,1,1,0
55.29581665992737,0.0,0.0,0.0,0.0,0.0,0.0,0.0,301,nan,nan,0,T_JUNCTION,51,1,1,0
55.31578612327576,0.0,0.0,0.0,0.0,0.0,0.0,0.0,301,nan,nan,0,T_JUNCTION,51,1,1,0
55.33576536178589,0.0,0.0,0.0,0.0,0.0,0.0,0.0,301,nan,nan,0,T_JUNCTION,51,1,1,0
55.355788707733154,0.0,0.0,0.0,0.0,0.0,0.0,0.0,301,nan,nan,0,T_JUNCTION,51,1,1,0
55.375805377960205,0.0,0.0,0.0,0.0,0.0,0.0,0.0,301,nan,nan,0,T_JUNCTION,51,1,1,0
55.39580416679382,0.0,0.0,0.0,0.0,0.0,0.0,0.0,301,nan,nan,0,T_JUNCTION,51,1,1,0
55.415791034698486,0.0,0.0,0.0,0.0,0.0,0.0,0.0,301,nan,nan,0,T_JUNCTION,51,1,1,0
55.435770750045776,0.0,0.0,0.0,0.0,0.0,0.0,0.0,301,nan,nan,0,T_JUNCTION,51,1,1,0
55.45578408241272,0.0,0.0,0.0,0.0,0.0,0.0,0.0,301,nan,nan,0,T_JUNCTION,51,1,1,0
55.47579646110535,0.0,0.0,0.0,0.0,0.0,0.0,0.0,301,nan,nan,0,T_JUNCTION,51,1,1,0
55.49578046798706,0.0,0.0,0.0,0.0,0.0,0.0,0.0,301,nan,nan,0,T_JUNCTION,51,1,1,0
55.51575970649719,0.0,0.0,0.0,0.0,0.0,0.0,0.0,301,nan,nan,0,T_JUNCTION,51,1,1,0
55.53582286834717,0.0,0.0,0.0,0.0,0.0,0.0,0.0,301,nan,nan,0,T_JUNCTION,51,1,1,0
55.5557816028595,0.0,0.0,0.0,0.0,0.0,0.0,0.0,301,nan,nan,0,T_JUNCTION,51,1,1,0
55.57582235336304,0.0,0.0,0.0,0.0,0.0,0.0,0.0,301,nan,nan,0,T_JUNCTION,51,1,1,0
55.59578847885132,0.0,0.0,0.0,0.0,0.0,0.0,0.0,301,nan,nan,0,T_JUNCTION,51,1,1,0
55.61576843261719,0.0,0.0,0.0,0.0,0.0,0.0,0.0,301,nan,nan,0,T_JUNCTION,51,1,1,0
55.63576292991638,0.0,0.0,0.0,0.0,0.0,0.0,0.0,301,nan,nan,0,T_JUNCTION,51,1,1,0
55.65579533576965,0.0,0.0,0.0,0.0,0.0,0.0,0.0,301,nan,nan,0,T_JUNCTION,51,1,1,0
55.675780057907104,0.0,0.0,0.0,0.0,0.0,0.0,0.0,301,nan,nan,0,T_JUNCTION,51,1,1,0
55.69579601287842,0.0,0.0,0.0,0.0,0.0,0.0,0.0,301,nan,nan,0,T_JUNCTION,51,1,1,0
55.71576118469238,0.0,0.0,0.0,0.0,0.0,0.0,0.0,301,nan,nan,0,T_JUNCTION,51,1,1,0
55.73581504821777,0.0,0.0,0.0,0.0,0.0,0.0,0.0,301,nan,nan,0,T_JUNCTION,51,1,1,0
55.75586724281311,0.0,0.0,0.0,0.0,0.0,0.0,0.0,301,nan,nan,0,T_JUNCTION,51,1,1,0
55.775843143463135,0.0,0.0,0.0,0.0,0.0,0.0,0.0,301,nan,nan,0,T_JUNCTION,51,1,1,0
55.7957980632782,0.0,0.0,0.0,0.0,0.0,0.0,0.0,301,nan,nan,0,T_JUNCTION,51,1,1,0
55.81578016281128,0.0,0.0,0.0,0.0,0.0,0.0,0.0,301,nan,nan,0,T_JUNCTION,51,1,1,0
55.83577370643616,0.0,0.0,0.0,0.0,0.0,0.0,0.0,301,nan,nan,0,T_JUNCTION,51,1,1,0
55.855756521224976,0.0,0.0,0.0,0.0,0.0,0.0,0.0,301,nan,nan,0,T_JUNCTION,51,1,1,0
55.87582182884216,0.0,0.0,0.0,0.0,0.0,0.0,0.0,301,nan,nan,0,T_JUNCTION,51,1,1,0
55.89576959609985,0.0,0.0,0.0,0.0,0.0,0.0,0.0,301,nan,nan,0,T_JUNCTION,51,1,1,0
55.9158148765564,0.0,0.0,0.0,0.0,0.0,0.0,0.0,301,nan,nan,0,T_JUNCTION,51,1,1,0
55.935916900634766,0.0,0.0,0.0,0.0,0.0,0.0,0.0,301,nan,nan,0,T_JUNCTION,51,1,1,0
55.95583534240723,0.0,0.0,0.0,0.0,0.0,0.0,0.0,301,nan,nan,0,T_JUNCTION,51,1,1,0
55.97577404975891,0.0,0.0,0.0,0.0,0.0,0.0,0.0,301,nan,nan,0,T_JUNCTION,51,1,1,0
55.99577021598816,0.0,0.0,0.0,0.0,0.0,0.0,0.0,301,nan,nan,0,T_JUNCTION,51,1,1,0
56.01578998565674,0.0,0.0,0.0,0.0,0.0,0.0,0.0,301,nan,nan,0,T_JUNCTION,51,1,1,0
56.03579616546631,0.0,0.0,0.0,0.0,0.0,0.0,0.0,301,nan,nan,0,T_JUNCTION,51,1,1,0
56.05576968193054,0.0,0.0,0.0,0.0,0.0,0.0,0.0,301,nan,nan,0,T_JUNCTION,51,1,1,0
56.07580304145813,0.0,0.0,0.0,0.0,0.0,0.0,0.0,301,nan,nan,0,T_JUNCTION,51,1,1,0
56.09576416015625,0.0,0.0,0.0,0.0,0.0,0.0,0.0,301,nan,nan,0,T_JUNCTION,51,1,1,0
56.11576223373413,0.0,0.0,0.0,0.0,0.0,0.0,0.0,301,nan,nan,0,T_JUNCTION,51,1,1,0
56.13576555252075,0.0,0.0,0.0,0.0,0.0,0.0,0.0,301,nan,nan,0,T_JUNCTION,51,1,1,0
56.155803203582764,0.0,0.0,0.0,0.0,0.0,0.0,0.0,301,nan,nan,0,T_JUNCTION,51,1,1,0
56.175827980041504,0.0,0.0,0.0,0.0,0.0,0.0,0.0,301,nan,nan,0,T_JUNCTION,51,1,1,0
56.19580554962158,0.0,0.0,0.0,0.0,0.0,0.0,0.0,301,nan,nan,0,T_JUNCTION,51,1,1,0
56.21575880050659,0.0,0.0,0.0,0.0,0.0,0.0,0.0,301,nan,nan,0,T_JUNCTION,51,1,1,0
56.23575758934021,0.0,0.0,0.0,0.0,0.0,0.0,0.0,301,nan,nan,0,T_JUNCTION,51,1,1,0
56.25577926635742,0.0,0.0,0.0,0.0,0.0,0.0,0.0,301,nan,nan,0,T_JUNCTION,51,1,1,0
56.2758092880249,0.0,0.0,0.0,0.0,0.0,0.0,0.0,301,nan,nan,0,T_JUNCTION,51,1,1,0
56.295809507369995,0.0,0.0,0.0,0.0,0.0,0.0,0.0,301,nan,nan,0,T_JUNCTION,51,1,1,0
56.31576609611511,0.0,0.0,0.0,0.0,0.0,0.0,0.0,301,nan,nan,0,T_JUNCTION,51,1,1,0
56.335771560668945,0.0,0.0,0.0,0.0,0.0,0.0,0.0,301,nan,nan,0,T_JUNCTION,51,1,1,0
56.355780601501465,0.0,0.0,0.0,0.0,0.0,0.0,0.0,301,nan,nan,0,T_JUNCTION,51,1,1,0
56.37590956687927,0.0,0.0,0.0,0.0,0.0,0.0,0.0,301,nan,nan,0,T_JUNCTION,51,1,1,0
56.39577913284302,0.0,0.0,0.0,0.0,0.0,0.0,0.0,301,nan,nan,0,T_JUNCTION,51,1,1,0
56.41575503349304,0.0,0.0,0.0,0.0,0.0,0.0,0.0,301,nan,nan,0,T_JUNCTION,51,1,1,0
56.43577289581299,0.0,0.0,0.0,0.0,0.0,0.0,0.0,301,nan,nan,0,T_JUNCTION,51,1,1,0
56.4557728767395,0.0,0.0,0.0,0.0,0.0,0.0,0.0,301,nan,nan,0,T_JUNCTION,51,1,1,0
56.475791692733765,0.0,0.0,0.0,0.0,0.0,0.0,0.0,301,nan,nan,0,T_JUNCTION,51,1,1,0
56.495765209198,0.0,0.0,0.0,0.0,0.0,0.0,0.0,301,nan,nan,0,T_JUNCTION,51,1,1,0
56.5157904624939,0.0,0.0,0.0,0.0,0.0,0.0,0.0,301,nan,nan,0,T_JUNCTION,51,1,1,0
56.53577947616577,0.0,0.0,0.0,0.0,0.0,0.0,0.0,301,nan,nan,0,T_JUNCTION,51,1,1,0
56.55577611923218,0.0,0.0,0.0,0.0,0.0,0.0,0.0,301,nan,nan,0,T_JUNCTION,51,1,1,0
56.57578158378601,0.0,0.0,0.0,0.0,0.0,0.0,0.0,301,nan,nan,0,T_JUNCTION,51,1,1,0
56.59576869010925,0.0,0.0,0.0,0.0,0.0,0.0,0.0,301,nan,nan,0,T_JUNCTION,51,1,1,0
56.615756034851074,0.0,0.0,0.0,0.0,0.0,0.0,0.0,301,nan,nan,0,T_JUNCTION,51,1,1,0
56.635782957077026,0.0,0.0,0.0,0.0,0.0,0.0,0.0,301,nan,nan,0,T_JUNCTION,51,1,1,0
56.65575432777405,0.0,0.0,0.0,0.0,0.0,0.0,0.0,301,nan,nan,0,T_JUNCTION,51,1,1,0
56.67584252357483,0.0,0.0,0.0,0.0,0.0,0.0,0.0,301,nan,nan,0,T_JUNCTION,51,1,1,0
56.695767641067505,0.0,0.0,0.0,0.0,0.0,0.0,0.0,301,nan,nan,0,T_JUNCTION,51,1,1,0
56.71576285362244,0.0,0.0,0.0,0.0,0.0,0.0,0.0,301,nan,nan,0,T_JUNCTION,51,1,1,0
56.73587965965271,0.0,0.0,0.0,0.0,0.0,0.0,0.0,301,nan,nan,0,T_JUNCTION,51,1,1,0
56.755775690078735,0.0,0.0,0.0,0.0,0.0,0.0,0.0,301,nan,nan,0,T_JUNCTION,51,1,1,0
56.77582550048828,0.0,0.0,0.0,0.0,0.0,0.0,0.0,301,nan,nan,0,T_JUNCTION,51,1,1,0
56.79577708244324,0.0,0.0,0.0,0.0,0.0,0.0,0.0,301,nan,nan,0,T_JUNCTION,51,1,1,0
56.81578063964844,0.0,0.0,0.0,0.0,0.0,0.0,0.0,301,nan,nan,0,T_JUNCTION,51,1,1,0
56.835779428482056,0.0,0.0,0.0,0.0,0.0,0.0,0.0,301,nan,nan,0,T_JUNCTION,51,1,1,0
56.85577630996704,0.0,0.0,0.0,0.0,0.0,0.0,0.0,301,nan,nan,0,T_JUNCTION,51,1,1,0
56.87576222419739,0.0,0.0,0.0,0.0,0.0,0.0,0.0,301,nan,nan,0,T_JUNCTION,51,1,1,0
56.89572095870972,0.0,0.0,0.0,0.0,0.0,0.0,0.0,301,nan,nan,0,T_JUNCTION,51,1,1,0
56.91578245162964,0.0,0.0,0.0,0.0,0.0,0.0,0.0,301,nan,nan,0,T_JUNCTION,51,1,1,0
56.935765981674194,0.0,0.0,0.0,0.0,0.0,0.0,0.0,301,nan,nan,0,T_JUNCTION,51,1,1,0
56.95577597618103,0.0,0.0,0.0,0.0,0.0,0.0,0.0,301,nan,nan,0,T_JUNCTION,51,1,1,0
56.9758038520813,0.0,0.0,0.0,0.0,0.0,0.0,0.0,301,nan,nan,0,T_JUNCTION,51,1,1,0
56.995766401290894,0.0,0.0,0.0,0.0,0.0,0.0,0.0,301,nan,nan,0,T_JUNCTION,51,1,1,0
57.015782594680786,0.0,0.0,0.0,0.0,0.0,0.0,0.0,301,nan,nan,0,T_JUNCTION,51,1,1,0
57.03577280044556,0.0,0.0,0.0,0.0,0.0,0.0,0.0,301,nan,nan,0,T_JUNCTION,51,1,1,0
57.05580163002014,0.0,0.0,0.0,0.0,0.0,0.0,0.0,301,nan,nan,0,T_JUNCTION,51,1,1,0
57.075798749923706,0.0,0.0,0.0,0.0,0.0,0.0,0.0,301,nan,nan,0,T_JUNCTION,51,1,1,0
57.09577417373657,0.0,0.0,0.0,0.0,0.0,0.0,0.0,301,nan,nan,0,T_JUNCTION,51,1,1,0
57.11577391624451,0.0,0.0,0.0,0.0,0.0,0.0,0.0,301,nan,nan,0,T_JUNCTION,51,1,1,0
57.135764598846436,0.0,0.0,0.0,0.0,0.0,0.0,0.0,301,nan,nan,0,T_JUNCTION,51,1,1,0
57.15576505661011,0.0,0.0,0.0,0.0,0.0,0.0,0.0,301,nan,nan,0,T_JUNCTION,51,1,1,0
57.17577934265137,0.0,0.0,0.0,0.0,0.0,0.0,0.0,301,nan,nan,0,T_JUNCTION,51,1,1,0
57.19577598571777,0.0,0.0,0.0,0.0,0.0,0.0,0.0,301,nan,nan,0,T_JUNCTION,51,1,1,0
57.21577262878418,0.0,0.0,0.0,0.0,0.0,0.0,0.0,301,nan,nan,0,T_JUNCTION,51,1,1,0
57.23577380180359,0.0,0.0,0.0,0.0,0.0,0.0,0.0,301,nan,nan,0,T_JUNCTION,51,1,1,0
57.25578451156616,0.0,0.0,0.0,0.0,0.0,0.0,0.0,301,nan,nan,0,T_JUNCTION,51,1,1,0
57.27580785751343,0.0,0.0,0.0,0.0,0.0,0.0,0.0,301,nan,nan,0,T_JUNCTION,51,1,1,0
57.29583501815796,0.0,0.0,0.0,0.0,0.0,0.0,0.0,301,nan,nan,0,T_JUNCTION,51,1,1,0
57.31575870513916,0.0,0.0,0.0,0.0,0.0,0.0,0.0,301,nan,nan,0,T_JUNCTION,51,1,1,0
57.335790395736694,0.0,0.0,0.0,0.0,0.0,0.0,0.0,301,nan,nan,0,T_JUNCTION,51,1,1,0
57.35577368736267,0.0,0.0,0.0,0.0,0.0,0.0,0.0,301,nan,nan,0,T_JUNCTION,51,1,1,0
57.37581968307495,0.0,0.0,0.0,0.0,0.0,0.0,0.0,301,nan,nan,0,T_JUNCTION,51,1,1,0
57.39576458930969,0.0,0.0,0.0,0.0,0.0,0.0,0.0,301,nan,nan,0,T_JUNCTION,51,1,1,0
57.415762186050415,0.0,0.0,0.0,0.0,0.0,0.0,0.0,301,nan,nan,0,T_JUNCTION,51,1,1,0
57.435762882232666,0.0,0.0,0.0,0.0,0.0,0.0,0.0,301,nan,nan,0,T_JUNCTION,51,1,1,0
57.455788135528564,0.0,0.0,0.0,0.0,0.0,0.0,0.0,301,nan,nan,0,T_JUNCTION,51,1,1,0
57.475847482681274,0.0,0.0,0.0,0.0,0.0,0.0,0.0,301,nan,nan,0,T_JUNCTION,51,1,1,0
57.49577808380127,0.0,0.0,0.0,0.0,0.0,0.0,0.0,301,nan,nan,0,T_JUNCTION,51,1,1,0
57.515774726867676,0.0,0.0,0.0,0.0,0.0,0.0,0.0,301,nan,nan,0,T_JUNCTION,51,1,1,0
57.53577470779419,0.0,0.0,0.0,0.0,0.0,0.0,0.0,301,nan,nan,0,T_JUNCTION,51,1,1,0
57.555763244628906,0.0,0.0,0.0,0.0,0.0,0.0,0.0,301,nan,nan,0,T_JUNCTION,51,1,1,0
57.57579517364502,0.0,0.0,0.0,0.0,0.0,0.0,0.0,301,nan,nan,0,T_JUNCTION,51,1,1,0
57.59576749801636,0.0,0.0,0.0,0.0,0.0,0.0,0.0,301,nan,nan,0,T_JUNCTION,51,1,1,0
57.6157660484314,0.0,0.0,0.0,0.0,0.0,0.0,0.0,301,nan,nan,0,T_JUNCTION,51,1,1,0
57.63577127456665,0.0,0.0,0.0,0.0,0.0,0.0,0.0,301,nan,nan,0,T_JUNCTION,51,1,1,0
57.655810832977295,0.0,0.0,0.0,0.0,0.0,0.0,0.0,301,nan,nan,0,T_JUNCTION,51,1,1,0
57.67580699920654,0.0,0.0,0.0,0.0,0.0,0.0,0.0,301,nan,nan,0,T_JUNCTION,51,1,1,0
57.695764780044556,0.0,0.0,0.0,0.0,0.0,0.0,0.0,301,nan,nan,0,T_JUNCTION,51,1,1,0
57.71577286720276,0.0,0.0,0.0,0.0,0.0,0.0,0.0,301,nan,nan,0,T_JUNCTION,51,1,1,0
57.73576354980469,0.0,0.0,0.0,0.0,0.0,0.0,0.0,301,nan,nan,0,T_JUNCTION,51,1,1,0
57.75576734542847,0.0,0.0,0.0,0.0,0.0,0.0,0.0,301,nan,nan,0,T_JUNCTION,51,1,1,0
57.77580499649048,0.0,0.0,0.0,0.0,0.0,0.0,0.0,301,nan,nan,0,T_JUNCTION,51,1,1,0
57.79576563835144,0.0,0.0,0.0,0.0,0.0,0.0,0.0,301,nan,nan,0,T_JUNCTION,51,1,1,0
57.81577467918396,0.0,0.0,0.0,0.0,0.0,0.0,0.0,301,nan,nan,0,T_JUNCTION,51,1,1,0
57.835773944854736,0.0,0.0,0.0,0.0,0.0,0.0,0.0,301,nan,nan,0,T_JUNCTION,51,1,1,0
57.85577869415283,0.0,0.0,0.0,0.0,0.0,0.0,0.0,301,nan,nan,0,T_JUNCTION,51,1,1,0
57.87584328651428,0.0,0.0,0.0,0.0,0.0,0.0,0.0,301,nan,nan,0,T_JUNCTION,51,1,1,0
57.89576053619385,0.0,0.0,0.0,0.0,0.0,0.0,0.0,301,nan,nan,0,T_JUNCTION,51,1,1,0
57.915783166885376,0.0,0.0,0.0,0.0,0.0,0.0,0.0,301,nan,nan,0,T_JUNCTION,51,1,1,0
57.935752868652344,0.0,0.0,0.0,0.0,0.0,0.0,0.0,301,nan,nan,0,T_JUNCTION,51,1,1,0
57.95576500892639,0.0,0.0,0.0,0.0,0.0,0.0,0.0,301,nan,nan,0,T_JUNCTION,51,1,1,0
57.97576880455017,0.0,0.0,0.0,0.0,0.0,0.0,0.0,301,nan,nan,0,T_JUNCTION,51,1,1,0
57.99576950073242,0.0,0.0,0.0,0.0,0.0,0.0,0.0,301,nan,nan,0,T_JUNCTION,51,1,1,0
58.01577162742615,0.0,0.0,0.0,0.0,0.0,0.0,0.0,301,nan,nan,0,T_JUNCTION,51,1,1,0
58.03577733039856,0.0,0.0,0.0,0.0,0.0,0.0,0.0,301,nan,nan,0,T_JUNCTION,51,1,1,0
58.05578398704529,0.0,0.0,0.0,0.0,0.0,0.0,0.0,301,nan,nan,0,T_JUNCTION,51,1,1,0
58.07578778266907,0.0,0.0,0.0,0.0,0.0,0.0,0.0,301,nan,nan,0,T_JUNCTION,51,1,1,0
58.095757246017456,0.0,0.0,0.0,0.0,0.0,0.0,0.0,301,nan,nan,0,T_JUNCTION,51,1,1,0
58.11575508117676,0.0,0.0,0.0,0.0,0.0,0.0,0.0,301,nan,nan,0,T_JUNCTION,51,1,1,0
58.1357786655426,0.0,0.0,0.0,0.0,0.0,0.0,0.0,301,nan,nan,0,T_JUNCTION,51,1,1,0
58.15576410293579,0.0,0.0,0.0,0.0,0.0,0.0,0.0,301,nan,nan,0,T_JUNCTION,51,1,1,0
58.17579364776611,0.0,0.0,0.0,0.0,0.0,0.0,0.0,301,nan,nan,0,T_JUNCTION,51,1,1,0
58.19577240943909,0.0,0.0,0.0,0.0,0.0,0.0,0.0,301,nan,nan,0,T_JUNCTION,51,1,1,0
58.215763568878174,0.0,0.0,0.0,0.0,0.0,0.0,0.0,301,nan,nan,0,T_JUNCTION,51,1,1,0
58.23577833175659,0.0,0.0,0.0,0.0,0.0,0.0,0.0,301,nan,nan,0,T_JUNCTION,51,1,1,0
58.25575852394104,0.0,0.0,0.0,0.0,0.0,0.0,0.0,301,nan,nan,0,T_JUNCTION,51,1,1,0
58.27580142021179,0.0,0.0,0.0,0.0,0.0,0.0,0.0,301,nan,nan,0,T_JUNCTION,51,1,1,0
58.29583811759949,0.0,0.0,0.0,0.0,0.0,0.0,0.0,301,nan,nan,0,T_JUNCTION,51,1,1,0
58.31578779220581,0.0,0.0,0.0,0.0,0.0,0.0,0.0,301,nan,nan,0,T_JUNCTION,51,1,1,0
58.335766553878784,0.0,0.0,0.0,0.0,0.0,0.0,0.0,301,nan,nan,0,T_JUNCTION,51,1,1,0
58.35577392578125,0.0,0.0,0.0,0.0,0.0,0.0,0.0,301,nan,nan,0,T_JUNCTION,51,1,1,0
58.37579965591431,0.0,0.0,0.0,0.0,0.0,0.0,0.0,301,nan,nan,0,T_JUNCTION,51,1,1,0
58.39576554298401,0.0,0.0,0.0,0.0,0.0,0.0,0.0,301,nan,nan,0,T_JUNCTION,51,1,1,0
58.41577625274658,0.0,0.0,0.0,0.0,0.0,0.0,0.0,301,nan,nan,0,T_JUNCTION,51,1,1,0
58.43577337265015,0.0,0.0,0.0,0.0,0.0,0.0,0.0,301,nan,nan,0,T_JUNCTION,51,1,1,0
58.45578956604004,0.0,0.0,0.0,0.0,0.0,0.0,0.0,301,nan,nan,0,T_JUNCTION,51,1,1,0
58.47580814361572,0.0,0.0,0.0,0.0,0.0,0.0,0.0,301,nan,nan,0,T_JUNCTION,51,1,1,0
58.495758295059204,0.0,0.0,0.0,0.0,0.0,0.0,0.0,301,nan,nan,0,T_JUNCTION,51,1,1,0
58.51575446128845,0.0,0.0,0.0,0.0,0.0,0.0,0.0,301,nan,nan,0,T_JUNCTION,51,1,1,0
58.53582143783569,0.0,0.0,0.0,0.0,0.0,0.0,0.0,301,nan,nan,0,T_JUNCTION,51,1,1,0
58.55577206611633,0.0,0.0,0.0,0.0,0.0,0.0,0.0,301,nan,nan,0,T_JUNCTION,51,1,1,0
58.57580590248108,0.0,0.0,0.0,0.0,0.0,0.0,0.0,301,nan,nan,0,T_JUNCTION,51,1,1,0
58.59578227996826,0.0,0.0,0.0,0.0,0.0,0.0,0.0,301,nan,nan,0,T_JUNCTION,51,1,1,0
58.615763902664185,0.0,0.0,0.0,0.0,0.0,0.0,0.0,301,nan,nan,0,T_JUNCTION,51,1,1,0
58.635767459869385,0.0,0.0,0.0,0.0,0.0,0.0,0.0,301,nan,nan,0,T_JUNCTION,51,1,1,0
58.655821084976196,0.0,0.0,0.0,0.0,0.0,0.0,0.0,301,nan,nan,0,T_JUNCTION,51,1,1,0
58.67580461502075,0.0,0.0,0.0,0.0,0.0,0.0,0.0,301,nan,nan,0,T_JUNCTION,51,1,1,0
58.695754289627075,0.0,0.0,0.0,0.0,0.0,0.0,0.0,301,nan,nan,0,T_JUNCTION,51,1,1,0
58.71575617790222,0.0,0.0,0.0,0.0,0.0,0.0,0.0,301,nan,nan,0,T_JUNCTION,51,1,1,0
58.73576092720032,0.0,0.0,0.0,0.0,0.0,0.0,0.0,301,nan,nan,0,T_JUNCTION,51,1,1,0
58.75581407546997,0.0,0.0,0.0,0.0,0.0,0.0,0.0,301,nan,nan,0,T_JUNCTION,51,1,1,0
58.775800466537476,0.0,0.0,0.0,0.0,0.0,0.0,0.0,301,nan,nan,0,T_JUNCTION,51,1,1,0
58.795774698257446,0.0,0.0,0.0,0.0,0.0,0.0,0.0,301,nan,nan,0,T_JUNCTION,51,1,1,0
58.815762996673584,0.0,0.0,0.0,0.0,0.0,0.0,0.0,301,nan,nan,0,T_JUNCTION,51,1,1,0
58.83576703071594,0.0,0.0,0.0,0.0,0.0,0.0,0.0,301,nan,nan,0,T_JUNCTION,51,1,1,0
58.8557665348053,0.0,0.0,0.0,0.0,0.0,0.0,0.0,301,nan,nan,0,T_JUNCTION,51,1,1,0
58.875783920288086,0.0,0.0,0.0,0.0,0.0,0.0,0.0,301,nan,nan,0,T_JUNCTION,51,1,1,0
58.89576077461243,0.0,0.0,0.0,0.0,0.0,0.0,0.0,301,nan,nan,0,T_JUNCTION,51,1,1,0
58.91576290130615,0.0,0.0,0.0,0.0,0.0,0.0,0.0,301,nan,nan,0,T_JUNCTION,51,1,1,0
58.935763359069824,0.0,0.0,0.0,0.0,0.0,0.0,0.0,301,nan,nan,0,T_JUNCTION,51,1,1,0
58.955785274505615,0.0,0.0,0.0,0.0,0.0,0.0,0.0,301,nan,nan,0,T_JUNCTION,51,1,1,0
58.975807905197144,0.0,0.0,0.0,0.0,0.0,0.0,0.0,301,nan,nan,0,T_JUNCTION,51,1,1,0
58.99577522277832,0.0,0.0,0.0,0.0,0.0,0.0,0.0,301,nan,nan,0,T_JUNCTION,51,1,1,0
59.015766620635986,0.0,0.0,0.0,0.0,0.0,0.0,0.0,301,nan,nan,0,T_JUNCTION,51,1,1,0
59.03577780723572,0.0,0.0,0.0,0.0,0.0,0.0,0.0,301,nan,nan,0,T_JUNCTION,51,1,1,0
59.05578899383545,0.0,0.0,0.0,0.0,0.0,0.0,0.0,301,nan,nan,0,T_JUNCTION,51,1,1,0
59.0758011341095,0.0,0.0,0.0,0.0,0.0,0.0,0.0,301,nan,nan,0,T_JUNCTION,51,1,1,0
59.09576725959778,0.0,0.0,0.0,0.0,0.0,0.0,0.0,301,nan,nan,0,T_JUNCTION,51,1,1,0
59.115755796432495,0.0,0.0,0.0,0.0,0.0,0.0,0.0,301,nan,nan,0,T_JUNCTION,51,1,1,0
59.13576793670654,0.0,0.0,0.0,0.0,0.0,0.0,0.0,301,nan,nan,0,T_JUNCTION,51,1,1,0
59.155763387680054,0.0,0.0,0.0,0.0,0.0,0.0,0.0,301,nan,nan,0,T_JUNCTION,51,1,1,0
59.175804138183594,0.0,0.0,0.0,0.0,0.0,0.0,0.0,301,nan,nan,0,T_JUNCTION,51,1,1,0
59.195775270462036,0.0,0.0,0.0,0.0,0.0,0.0,0.0,301,nan,nan,0,T_JUNCTION,51,1,1,0
59.215768575668335,0.0,0.0,0.0,0.0,0.0,0.0,0.0,301,nan,nan,0,T_JUNCTION,51,1,1,0
59.23576331138611,0.0,0.0,0.0,0.0,0.0,0.0,0.0,301,nan,nan,0,T_JUNCTION,51,1,1,0
59.255786180496216,0.0,0.0,0.0,0.0,0.0,0.0,0.0,301,nan,nan,0,T_JUNCTION,51,1,1,0
59.27580165863037,0.0,0.0,0.0,0.0,0.0,0.0,0.0,301,nan,nan,0,T_JUNCTION,51,1,1,0
59.29577326774597,0.0,0.0,0.0,0.0,0.0,0.0,0.0,301,nan,nan,0,T_JUNCTION,51,1,1,0
59.31574892997742,0.0,0.0,0.0,0.0,0.0,0.0,0.0,301,nan,nan,0,T_JUNCTION,51,1,1,0
59.335771560668945,0.0,0.0,0.0,0.0,0.0,0.0,0.0,301,nan,nan,0,T_JUNCTION,51,1,1,0
59.355772733688354,0.0,0.0,0.0,0.0,0.0,0.0,0.0,301,nan,nan,0,T_JUNCTION,51,1,1,0
59.375810384750366,0.0,0.0,0.0,0.0,0.0,0.0,0.0,301,nan,nan,0,T_JUNCTION,51,1,1,0
59.39577341079712,0.0,0.0,0.0,0.0,0.0,0.0,0.0,301,nan,nan,0,T_JUNCTION,51,1,1,0
59.41575741767883,0.0,0.0,0.0,0.0,0.0,0.0,0.0,301,nan,nan,0,T_JUNCTION,51,1,1,0
59.4357635974884,0.0,0.0,0.0,0.0,0.0,0.0,0.0,301,nan,nan,0,T_JUNCTION,51,1,1,0
59.45578145980835,0.0,0.0,0.0,0.0,0.0,0.0,0.0,301,nan,nan,0,T_JUNCTION,51,1,1,0
59.475807428359985,0.0,0.0,0.0,0.0,0.0,0.0,0.0,301,nan,nan,0,T_JUNCTION,51,1,1,0
59.495765924453735,0.0,0.0,0.0,0.0,0.0,0.0,0.0,301,nan,nan,0,T_JUNCTION,51,1,1,0
59.515772581100464,0.0,0.0,0.0,0.0,0.0,0.0,0.0,301,nan,nan,0,T_JUNCTION,51,1,1,0
59.53576111793518,0.0,0.0,0.0,0.0,0.0,0.0,0.0,301,nan,nan,0,T_JUNCTION,51,1,1,0
59.55576157569885,0.0,0.0,0.0,0.0,0.0,0.0,0.0,301,nan,nan,0,T_JUNCTION,51,1,1,0
59.575783014297485,0.0,0.0,0.0,0.0,0.0,0.0,0.0,301,nan,nan,0,T_JUNCTION,51,1,1,0
59.59576749801636,0.0,0.0,0.0,0.0,0.0,0.0,0.0,301,nan,nan,0,T_JUNCTION,51,1,1,0
59.6157705783844,0.0,0.0,0.0,0.0,0.0,0.0,0.0,301,nan,nan,0,T_JUNCTION,51,1,1,0
59.63577127456665,0.0,0.0,0.0,0.0,0.0,0.0,0.0,301,nan,nan,0,T_JUNCTION,51,1,1,0
59.65577435493469,0.0,0.0,0.0,0.0,0.0,0.0,0.0,301,nan,nan,0,T_JUNCTION,51,1,1,0
59.67585062980652,0.0,0.0,0.0,0.0,0.0,0.0,0.0,301,nan,nan,0,T_JUNCTION,51,1,1,0
59.695796966552734,0.0,0.0,0.0,0.0,0.0,0.0,0.0,301,nan,nan,0,T_JUNCTION,51,1,1,0
59.715797662734985,0.0,0.0,0.0,0.0,0.0,0.0,0.0,301,nan,nan,0,T_JUNCTION,51,1,1,0
59.735774517059326,0.0,0.0,0.0,0.0,0.0,0.0,0.0,301,nan,nan,0,T_JUNCTION,51,1,1,0
59.755759954452515,0.0,0.0,0.0,0.0,0.0,0.0,0.0,301,nan,nan,0,T_JUNCTION,51,1,1,0
59.77582287788391,0.0,0.0,0.0,0.0,0.0,0.0,0.0,301,nan,nan,0,T_JUNCTION,51,1,1,0
59.79577589035034,0.0,0.0,0.0,0.0,0.0,0.0,0.0,301,nan,nan,0,T_JUNCTION,51,1,1,0
59.815762758255005,0.0,0.0,0.0,0.0,0.0,0.0,0.0,301,nan,nan,0,T_JUNCTION,51,1,1,0
59.83576464653015,0.0,0.0,0.0,0.0,0.0,0.0,0.0,301,nan,nan,0,T_JUNCTION,51,1,1,0
59.855764865875244,0.0,0.0,0.0,0.0,0.0,0.0,0.0,301,nan,nan,0,T_JUNCTION,51,1,1,0
59.875810623168945,0.0,0.0,0.0,0.0,0.0,0.0,0.0,301,nan,nan,0,T_JUNCTION,51,1,1,0
59.89577126502991,0.0,0.0,0.0,0.0,0.0,0.0,0.0,301,nan,nan,0,T_JUNCTION,51,1,1,0
59.915780544281006,0.0,0.0,0.0,0.0,0.0,0.0,0.0,301,nan,nan,0,T_JUNCTION,51,1,1,0
59.93576383590698,0.0,0.0,0.0,0.0,0.0,0.0,0.0,301,nan,nan,0,T_JUNCTION,51,1,1,0
59.9557671546936,0.0,0.0,0.0,0.0,0.0,0.0,0.0,301,nan,nan,0,T_JUNCTION,51,1,1,0
59.97578430175781,0.0,0.0,0.0,0.0,0.0,0.0,0.0,301,nan,nan,0,T_JUNCTION,51,1,1,0
59.99577355384827,0.0,0.0,0.0,0.0,0.0,0.0,0.0,301,nan,nan,0,T_JUNCTION,51,1,1,0
60.01577687263489,0.0,0.0,0.0,0.0,0.0,0.0,0.0,301,nan,nan,0,T_JUNCTION,51,1,1,0
60.03579616546631,0.0,0.0,0.0,0.0,0.0,0.0,0.0,301,nan,nan,0,T_JUNCTION,51,1,1,0
60.05580186843872,0.0,0.0,0.0,0.0,0.0,0.0,0.0,301,nan,nan,0,T_JUNCTION,51,1,1,0
60.07581162452698,0.0,0.0,0.0,0.0,0.0,0.0,0.0,301,nan,nan,0,T_JUNCTION,51,1,1,0
60.095765113830566,0.0,0.0,0.0,0.0,0.0,0.0,0.0,301,nan,nan,0,T_JUNCTION,51,1,1,0
60.115755558013916,0.0,0.0,0.0,0.0,0.0,0.0,0.0,301,nan,nan,0,T_JUNCTION,51,1,1,0
60.135775327682495,0.0,0.0,0.0,0.0,0.0,0.0,0.0,301,nan,nan,0,T_JUNCTION,51,1,1,0
60.15577483177185,0.0,0.0,0.0,0.0,0.0,0.0,0.0,301,nan,nan,0,T_JUNCTION,51,1,1,0
60.175795793533325,0.0,0.0,0.0,0.0,0.0,0.0,0.0,301,nan,nan,0,T_JUNCTION,51,1,1,0
60.19578242301941,0.0,0.0,0.0,0.0,0.0,0.0,0.0,301,nan,nan,0,T_JUNCTION,51,1,1,0
60.215765714645386,0.0,0.0,0.0,0.0,0.0,0.0,0.0,301,nan,nan,0,T_JUNCTION,51,1,1,0
60.23576307296753,0.0,0.0,0.0,0.0,0.0,0.0,0.0,301,nan,nan,0,T_JUNCTION,51,1,1,0
60.25576734542847,0.0,0.0,0.0,0.0,0.0,0.0,0.0,301,nan,nan,0,T_JUNCTION,51,1,1,0
60.27579641342163,0.0,0.0,0.0,0.0,0.0,0.0,0.0,301,nan,nan,0,T_JUNCTION,51,1,1,0
60.295836210250854,0.0,0.0,0.0,0.0,0.0,0.0,0.0,301,nan,nan,0,T_JUNCTION,51,1,1,0
60.31575655937195,0.0,0.0,0.0,0.0,0.0,0.0,0.0,301,nan,nan,0,T_JUNCTION,51,1,1,0
60.335787296295166,0.0,0.0,0.0,0.0,0.0,0.0,0.0,301,nan,nan,0,T_JUNCTION,51,1,1,0
60.355764865875244,0.0,0.0,0.0,0.0,0.0,0.0,0.0,301,nan,nan,0,T_JUNCTION,51,1,1,0
60.3758430480957,0.0,0.0,0.0,0.0,0.0,0.0,0.0,301,nan,nan,0,T_JUNCTION,51,1,1,0
60.39576745033264,0.0,0.0,0.0,0.0,0.0,0.0,0.0,301,nan,nan,0,T_JUNCTION,51,1,1,0
60.41577768325806,0.0,0.0,0.0,0.0,0.0,0.0,0.0,301,nan,nan,0,T_JUNCTION,51,1,1,0
60.43576788902283,0.0,0.0,0.0,0.0,0.0,0.0,0.0,301,nan,nan,0,T_JUNCTION,51,1,1,0
60.45578145980835,0.0,0.0,0.0,0.0,0.0,0.0,0.0,301,nan,nan,0,T_JUNCTION,51,1,1,0
60.4758505821228,0.0,0.0,0.0,0.0,0.0,0.0,0.0,301,nan,nan,0,T_JUNCTION,51,1,1,0
60.49576663970947,0.0,0.0,0.0,0.0,0.0,0.0,0.0,301,nan,nan,0,T_JUNCTION,51,1,1,0
60.51576375961304,0.0,0.0,0.0,0.0,0.0,0.0,0.0,301,nan,nan,0,T_JUNCTION,51,1,1,0
60.53576064109802,0.0,0.0,0.0,0.0,0.0,0.0,0.0,301,nan,nan,0,T_JUNCTION,51,1,1,0
60.55576229095459,0.0,0.0,0.0,0.0,0.0,0.0,0.0,301,nan,nan,0,T_JUNCTION,51,1,1,0
60.5758056640625,0.0,0.0,0.0,0.0,0.0,0.0,0.0,301,nan,nan,0,T_JUNCTION,51,1,1,0
60.595773220062256,0.0,0.0,0.0,0.0,0.0,0.0,0.0,301,nan,nan,0,T_JUNCTION,51,1,1,0
60.61576271057129,0.0,0.0,0.0,0.0,0.0,0.0,0.0,301,nan,nan,0,T_JUNCTION,51,1,1,0
60.6357626914978,0.0,0.0,0.0,0.0,0.0,0.0,0.0,301,nan,nan,0,T_JUNCTION,51,1,1,0
60.655805826187134,0.0,0.0,0.0,0.0,0.0,0.0,0.0,301,nan,nan,0,T_JUNCTION,51,1,1,0
60.6757869720459,0.0,0.0,0.0,0.0,0.0,0.0,0.0,301,nan,nan,0,T_JUNCTION,51,1,1,0
60.695772647857666,0.0,0.0,0.0,0.0,0.0,0.0,0.0,301,nan,nan,0,T_JUNCTION,51,1,1,0
60.715763568878174,0.0,0.0,0.0,0.0,0.0,0.0,0.0,301,nan,nan,0,T_JUNCTION,51,1,1,0
60.73576498031616,0.0,0.0,0.0,0.0,0.0,0.0,0.0,301,nan,nan,0,T_JUNCTION,51,1,1,0
60.755762815475464,0.0,0.0,0.0,0.0,0.0,0.0,0.0,301,nan,nan,0,T_JUNCTION,51,1,1,0
60.77580380439758,0.0,0.0,0.0,0.0,0.0,0.0,0.0,301,nan,nan,0,T_JUNCTION,51,1,1,0
60.795785665512085,0.0,0.0,0.0,0.0,0.0,0.0,0.0,301,nan,nan,0,T_JUNCTION,51,1,1,0
60.81579303741455,0.0,0.0,0.0,0.0,0.0,0.0,0.0,301,nan,nan,0,T_JUNCTION,51,1,1,0
60.83579444885254,0.0,0.0,0.0,0.0,0.0,0.0,0.0,301,nan,nan,0,T_JUNCTION,51,1,1,0
60.85578274726868,0.0,0.0,0.0,0.0,0.0,0.0,0.0,301,nan,nan,0,T_JUNCTION,51,1,1,0
60.87578535079956,0.0,0.0,0.0,0.0,0.0,0.0,0.0,301,nan,nan,0,T_JUNCTION,51,1,1,0
60.89578318595886,0.0,0.0,0.0,0.0,0.0,0.0,0.0,301,nan,nan,0,T_JUNCTION,51,1,1,0
60.91576528549194,0.0,0.0,0.0,0.0,0.0,0.0,0.0,301,nan,nan,0,T_JUNCTION,51,1,1,0
60.935762882232666,0.0,0.0,0.0,0.0,0.0,0.0,0.0,301,nan,nan,0,T_JUNCTION,51,1,1,0
60.95576500892639,0.0,0.0,0.0,0.0,0.0,0.0,0.0,301,nan,nan,0,T_JUNCTION,51,1,1,0
60.97579646110535,0.0,0.0,0.0,0.0,0.0,0.0,0.0,301,nan,nan,0,T_JUNCTION,51,1,1,0
60.99576425552368,0.0,0.0,0.0,0.0,0.0,0.0,0.0,301,nan,nan,0,T_JUNCTION,51,1,1,0
61.015777349472046,0.0,0.0,0.0,0.0,0.0,0.0,0.0,301,nan,nan,0,T_JUNCTION,51,1,1,0
61.03579783439636,0.0,0.0,0.0,0.0,0.0,0.0,0.0,301,nan,nan,0,T_JUNCTION,51,1,1,0
61.05578851699829,0.0,0.0,0.0,0.0,0.0,0.0,0.0,301,nan,nan,0,T_JUNCTION,51,1,1,0
61.07580780982971,0.0,0.0,0.0,0.0,0.0,0.0,0.0,301,nan,nan,0,T_JUNCTION,51,1,1,0
61.095760345458984,0.0,0.0,0.0,0.0,0.0,0.0,0.0,301,nan,nan,0,T_JUNCTION,51,1,1,0
61.11577653884888,0.0,0.0,0.0,0.0,0.0,0.0,0.0,301,nan,nan,0,T_JUNCTION,51,1,1,0
61.135782957077026,0.0,0.0,0.0,0.0,0.0,0.0,0.0,301,nan,nan,0,T_JUNCTION,51,1,1,0
61.155766248703,0.0,0.0,0.0,0.0,0.0,0.0,0.0,301,nan,nan,0,T_JUNCTION,51,1,1,0
61.175787925720215,0.0,0.0,0.0,0.0,0.0,0.0,0.0,301,nan,nan,0,T_JUNCTION,51,1,1,0
61.19577217102051,0.0,0.0,0.0,0.0,0.0,0.0,0.0,301,nan,nan,0,T_JUNCTION,51,1,1,0
61.215773582458496,0.0,0.0,0.0,0.0,0.0,0.0,0.0,301,nan,nan,0,T_JUNCTION,51,1,1,0
61.235772371292114,0.0,0.0,0.0,0.0,0.0,0.0,0.0,301,nan,nan,0,T_JUNCTION,51,1,1,0
61.255757093429565,0.0,0.0,0.0,0.0,0.0,0.0,0.0,301,nan,nan,0,T_JUNCTION,51,1,1,0
61.27580165863037,0.0,0.0,0.0,0.0,0.0,0.0,0.0,301,nan,nan,0,T_JUNCTION,51,1,1,0
61.29579186439514,0.0,0.0,0.0,0.0,0.0,0.0,0.0,301,nan,nan,0,T_JUNCTION,51,1,1,0
61.31576323509216,0.0,0.0,0.0,0.0,0.0,0.0,0.0,301,nan,nan,0,T_JUNCTION,51,1,1,0
61.335763454437256,0.0,0.0,0.0,0.0,0.0,0.0,0.0,301,nan,nan,0,T_JUNCTION,51,1,1,0
61.35577201843262,0.0,0.0,0.0,0.0,0.0,0.0,0.0,301,nan,nan,0,T_JUNCTION,51,1,1,0
61.37580180168152,0.0,0.0,0.0,0.0,0.0,0.0,0.0,301,nan,nan,0,T_JUNCTION,51,1,1,0
61.39577269554138,0.0,0.0,0.0,0.0,0.0,0.0,0.0,301,nan,nan,0,T_JUNCTION,51,1,1,0
61.41576147079468,0.0,0.0,0.0,0.0,0.0,0.0,0.0,301,nan,nan,0,T_JUNCTION,51,1,1,0
61.43576264381409,0.0,0.0,0.0,0.0,0.0,0.0,0.0,301,nan,nan,0,T_JUNCTION,51,1,1,0
61.45575976371765,0.0,0.0,0.0,0.0,0.0,0.0,0.0,301,nan,nan,0,T_JUNCTION,51,1,1,0
61.47581148147583,0.0,0.0,0.0,0.0,0.0,0.0,0.0,301,nan,nan,0,T_JUNCTION,51,1,1,0
61.49576544761658,0.0,0.0,0.0,0.0,0.0,0.0,0.0,301,nan,nan,0,T_JUNCTION,51,1,1,0
61.51577091217041,0.0,0.0,0.0,0.0,0.0,0.0,0.0,301,nan,nan,0,T_JUNCTION,51,1,1,0
61.53582048416138,0.0,0.0,0.0,0.0,0.0,0.0,0.0,301,nan,nan,0,T_JUNCTION,51,1,1,0
61.555777072906494,0.0,0.0,0.0,0.0,0.0,0.0,0.0,301,nan,nan,0,T_JUNCTION,51,1,1,0
61.57577991485596,0.0,0.0,0.0,0.0,0.0,0.0,0.0,301,nan,nan,0,T_JUNCTION,51,1,1,0
61.595765829086304,0.0,0.0,0.0,0.0,0.0,0.0,0.0,301,nan,nan,0,T_JUNCTION,51,1,1,0
61.61577653884888,0.0,0.0,0.0,0.0,0.0,0.0,0.0,301,nan,nan,0,T_JUNCTION,51,1,1,0
61.63576412200928,0.0,0.0,0.0,0.0,0.0,0.0,0.0,301,nan,nan,0,T_JUNCTION,51,1,1,0
61.65580987930298,0.0,0.0,0.0,0.0,0.0,0.0,0.0,301,nan,nan,0,T_JUNCTION,51,1,1,0
61.67579174041748,0.0,0.0,0.0,0.0,0.0,0.0,0.0,301,nan,nan,0,T_JUNCTION,51,1,1,0
61.6957631111145,0.0,0.0,0.0,0.0,0.0,0.0,0.0,301,nan,nan,0,T_JUNCTION,51,1,1,0
61.71576237678528,0.0,0.0,0.0,0.0,0.0,0.0,0.0,301,nan,nan,0,T_JUNCTION,51,1,1,0
61.73576283454895,0.0,0.0,0.0,0.0,0.0,0.0,0.0,301,nan,nan,0,T_JUNCTION,51,1,1,0
61.75581908226013,0.0,0.0,0.0,0.0,0.0,0.0,0.0,301,nan,nan,0,T_JUNCTION,51,1,1,0
61.77580165863037,0.0,0.0,0.0,0.0,0.0,0.0,0.0,301,nan,nan,0,T_JUNCTION,51,1,1,0
61.7957661151886,0.0,0.0,0.0,0.0,0.0,0.0,0.0,301,nan,nan,0,T_JUNCTION,51,1,1,0
61.81577134132385,0.0,0.0,0.0,0.0,0.0,0.0,0.0,301,nan,nan,0,T_JUNCTION,51,1,1,0
61.83576273918152,0.0,0.0,0.0,0.0,0.0,0.0,0.0,301,nan,nan,0,T_JUNCTION,51,1,1,0
61.85577392578125,0.0,0.0,0.0,0.0,0.0,0.0,0.0,301,nan,nan,0,T_JUNCTION,51,1,1,0
61.875807762145996,0.0,0.0,0.0,0.0,0.0,0.0,0.0,301,nan,nan,0,T_JUNCTION,51,1,1,0
61.89576768875122,0.0,0.0,0.0,0.0,0.0,0.0,0.0,301,nan,nan,0,T_JUNCTION,51,1,1,0
61.91577482223511,0.0,0.0,0.0,0.0,0.0,0.0,0.0,301,nan,nan,0,T_JUNCTION,51,1,1,0
61.93577218055725,0.0,0.0,0.0,0.0,0.0,0.0,0.0,301,nan,nan,0,T_JUNCTION,51,1,1,0
61.955772161483765,0.0,0.0,0.0,0.0,0.0,0.0,0.0,301,nan,nan,0,T_JUNCTION,51,1,1,0
61.97578763961792,0.0,0.0,0.0,0.0,0.0,0.0,0.0,301,nan,nan,0,T_JUNCTION,51,1,1,0
61.99576497077942,0.0,0.0,0.0,0.0,0.0,0.0,0.0,301,nan,nan,0,T_JUNCTION,51,1,1,0
62.01575422286987,0.0,0.0,0.0,0.0,0.0,0.0,0.0,301,nan,nan,0,T_JUNCTION,51,1,1,0
62.03576326370239,0.0,0.0,0.0,0.0,0.0,0.0,0.0,301,nan,nan,0,T_JUNCTION,51,1,1,0
62.0557656288147,0.0,0.0,0.0,0.0,0.0,0.0,0.0,301,nan,nan,0,T_JUNCTION,51,1,1,0
62.07578492164612,0.0,0.0,0.0,0.0,0.0,0.0,0.0,301,nan,nan,0,T_JUNCTION,51,1,1,0
62.09577465057373,0.0,0.0,0.0,0.0,0.0,0.0,0.0,301,nan,nan,0,T_JUNCTION,51,1,1,0
62.115772008895874,0.0,0.0,0.0,0.0,0.0,0.0,0.0,301,nan,nan,0,T_JUNCTION,51,1,1,0
62.13578391075134,0.0,0.0,0.0,0.0,0.0,0.0,0.0,301,nan,nan,0,T_JUNCTION,51,1,1,0
62.15577697753906,0.0,0.0,0.0,0.0,0.0,0.0,0.0,301,nan,nan,0,T_JUNCTION,51,1,1,0
62.175796031951904,0.0,0.0,0.0,0.0,0.0,0.0,0.0,301,nan,nan,0,T_JUNCTION,51,1,1,0
62.19578242301941,0.0,0.0,0.0,0.0,0.0,0.0,0.0,301,nan,nan,0,T_JUNCTION,51,1,1,0
62.215755224227905,0.0,0.0,0.0,0.0,0.0,0.0,0.0,301,nan,nan,0,T_JUNCTION,51,1,1,0
62.23576211929321,0.0,0.0,0.0,0.0,0.0,0.0,0.0,301,nan,nan,0,T_JUNCTION,51,1,1,0
62.25576734542847,0.0,0.0,0.0,0.0,0.0,0.0,0.0,301,nan,nan,0,T_JUNCTION,51,1,1,0
62.27580904960632,0.0,0.0,0.0,0.0,0.0,0.0,0.0,301,nan,nan,0,T_JUNCTION,51,1,1,0
62.29577708244324,0.0,0.0,0.0,0.0,0.0,0.0,0.0,301,nan,nan,0,T_JUNCTION,51,1,1,0
62.31576323509216,0.0,0.0,0.0,0.0,0.0,0.0,0.0,301,nan,nan,0,T_JUNCTION,51,1,1,0
62.33576059341431,0.0,0.0,0.0,0.0,0.0,0.0,0.0,301,nan,nan,0,T_JUNCTION,51,1,1,0
62.35576033592224,0.0,0.0,0.0,0.0,0.0,0.0,0.0,301,nan,nan,0,T_JUNCTION,51,1,1,0
62.37585639953613,0.0,0.0,0.0,0.0,0.0,0.0,0.0,301,nan,nan,0,T_JUNCTION,51,1,1,0
62.395880699157715,0.0,0.0,0.0,0.0,0.0,0.0,0.0,301,nan,nan,0,T_JUNCTION,51,1,1,0
62.41577458381653,0.0,0.0,0.0,0.0,0.0,0.0,0.0,301,nan,nan,0,T_JUNCTION,51,1,1,0
62.435757637023926,0.0,0.0,0.0,0.0,0.0,0.0,0.0,301,nan,nan,0,T_JUNCTION,51,1,1,0
62.455788373947144,0.0,0.0,0.0,0.0,0.0,0.0,0.0,301,nan,nan,0,T_JUNCTION,51,1,1,0
62.475791931152344,0.0,0.0,0.0,0.0,0.0,0.0,0.0,301,nan,nan,0,T_JUNCTION,51,1,1,0
62.495769739151,0.0,0.0,0.0,0.0,0.0,0.0,0.0,301,nan,nan,0,T_JUNCTION,51,1,1,0
62.515782594680786,0.0,0.0,0.0,0.0,0.0,0.0,0.0,301,nan,nan,0,T_JUNCTION,51,1,1,0
62.53576707839966,0.0,0.0,0.0,0.0,0.0,0.0,0.0,301,nan,nan,0,T_JUNCTION,51,1,1,0
62.55577039718628,0.0,0.0,0.0,0.0,0.0,0.0,0.0,301,nan,nan,0,T_JUNCTION,51,1,1,0
62.57579064369202,0.0,0.0,0.0,0.0,0.0,0.0,0.0,301,nan,nan,0,T_JUNCTION,51,1,1,0
62.59577417373657,0.0,0.0,0.0,0.0,0.0,0.0,0.0,301,nan,nan,0,T_JUNCTION,51,1,1,0
62.61575984954834,0.0,0.0,0.0,0.0,0.0,0.0,0.0,301,nan,nan,0,T_JUNCTION,51,1,1,0
62.635783195495605,0.0,0.0,0.0,0.0,0.0,0.0,0.0,301,nan,nan,0,T_JUNCTION,51,1,1,0
62.65576529502869,0.0,0.0,0.0,0.0,0.0,0.0,0.0,301,nan,nan,0,T_JUNCTION,51,1,1,0
62.67583227157593,0.0,0.0,0.0,0.0,0.0,0.0,0.0,301,nan,nan,0,T_JUNCTION,51,1,1,0
62.69578742980957,0.0,0.0,0.0,0.0,0.0,0.0,0.0,301,nan,nan,0,T_JUNCTION,51,1,1,0
62.71577429771423,0.0,0.0,0.0,0.0,0.0,0.0,0.0,301,nan,nan,0,T_JUNCTION,51,1,1,0
62.73577356338501,0.0,0.0,0.0,0.0,0.0,0.0,0.0,301,nan,nan,0,T_JUNCTION,51,1,1,0
62.755757093429565,0.0,0.0,0.0,0.0,0.0,0.0,0.0,301,nan,nan,0,T_JUNCTION,51,1,1,0
62.77578806877136,0.0,0.0,0.0,0.0,0.0,0.0,0.0,301,nan,nan,0,T_JUNCTION,51,1,1,0
62.79576134681702,0.0,0.0,0.0,0.0,0.0,0.0,0.0,301,nan,nan,0,T_JUNCTION,51,1,1,0
62.81576442718506,0.0,0.0,0.0,0.0,0.0,0.0,0.0,301,nan,nan,0,T_JUNCTION,51,1,1,0
62.83578586578369,0.0,0.0,0.0,0.0,0.0,0.0,0.0,301,nan,nan,0,T_JUNCTION,51,1,1,0
62.855780839920044,0.0,0.0,0.0,0.0,0.0,0.0,0.0,301,nan,nan,0,T_JUNCTION,51,1,1,0
62.87580180168152,0.0,0.0,0.0,0.0,0.0,0.0,0.0,301,nan,nan,0,T_JUNCTION,51,1,1,0
62.89577555656433,0.0,0.0,0.0,0.0,0.0,0.0,0.0,301,nan,nan,0,T_JUNCTION,51,1,1,0
62.91576910018921,0.0,0.0,0.0,0.0,0.0,0.0,0.0,301,nan,nan,0,T_JUNCTION,51,1,1,0
62.93577575683594,0.0,0.0,0.0,0.0,0.0,0.0,0.0,301,nan,nan,0,T_JUNCTION,51,1,1,0
62.95576047897339,0.0,0.0,0.0,0.0,0.0,0.0,0.0,301,nan,nan,0,T_JUNCTION,51,1,1,0
62.97578406333923,0.0,0.0,0.0,0.0,0.0,0.0,0.0,301,nan,nan,0,T_JUNCTION,51,1,1,0
62.99575901031494,0.0,0.0,0.0,0.0,0.0,0.0,0.0,301,nan,nan,0,T_JUNCTION,51,1,1,0
63.01575779914856,0.0,0.0,0.0,0.0,0.0,0.0,0.0,301,nan,nan,0,T_JUNCTION,51,1,1,0
63.03576326370239,0.0,0.0,0.0,0.0,0.0,0.0,0.0,301,nan,nan,0,T_JUNCTION,51,1,1,0
63.055789947509766,0.0,0.0,0.0,0.0,0.0,0.0,0.0,301,nan,nan,0,T_JUNCTION,51,1,1,0
63.075793981552124,0.0,0.0,0.0,0.0,0.0,0.0,0.0,301,nan,nan,0,T_JUNCTION,51,1,1,0
63.0957772731781,0.0,0.0,0.0,0.0,0.0,0.0,0.0,301,nan,nan,0,T_JUNCTION,51,1,1,0
63.11577296257019,0.0,0.0,0.0,0.0,0.0,0.0,0.0,301,nan,nan,0,T_JUNCTION,51,1,1,0
63.13576674461365,0.0,0.0,0.0,0.0,0.0,0.0,0.0,301,nan,nan,0,T_JUNCTION,51,1,1,0
63.15577268600464,0.0,0.0,0.0,0.0,0.0,0.0,0.0,301,nan,nan,0,T_JUNCTION,51,1,1,0
63.175798654556274,0.0,0.0,0.0,0.0,0.0,0.0,0.0,301,nan,nan,0,T_JUNCTION,51,1,1,0
63.19578313827515,0.0,0.0,0.0,0.0,0.0,0.0,0.0,301,nan,nan,0,T_JUNCTION,51,1,1,0
63.21576237678528,0.0,0.0,0.0,0.0,0.0,0.0,0.0,301,nan,nan,0,T_JUNCTION,51,1,1,0
63.235761404037476,0.0,0.0,0.0,0.0,0.0,0.0,0.0,301,nan,nan,0,T_JUNCTION,51,1,1,0
63.255764961242676,0.0,0.0,0.0,0.0,0.0,0.0,0.0,301,nan,nan,0,T_JUNCTION,51,1,1,0
63.27578949928284,0.0,0.0,0.0,0.0,0.0,0.0,0.0,301,nan,nan,0,T_JUNCTION,51,1,1,0
63.29580283164978,0.0,0.0,0.0,0.0,0.0,0.0,0.0,301,nan,nan,0,T_JUNCTION,51,1,1,0
63.315765619277954,0.0,0.0,0.0,0.0,0.0,0.0,0.0,301,nan,nan,0,T_JUNCTION,51,1,1,0
63.33577370643616,0.0,0.0,0.0,0.0,0.0,0.0,0.0,301,nan,nan,0,T_JUNCTION,51,1,1,0
63.35578012466431,0.0,0.0,0.0,0.0,0.0,0.0,0.0,301,nan,nan,0,T_JUNCTION,51,1,1,0
63.37582015991211,0.0,0.0,0.0,0.0,0.0,0.0,0.0,301,nan,nan,0,T_JUNCTION,51,1,1,0
63.395785331726074,0.0,0.0,0.0,0.0,0.0,0.0,0.0,301,nan,nan,0,T_JUNCTION,51,1,1,0
63.415762424468994,0.0,0.0,0.0,0.0,0.0,0.0,0.0,301,nan,nan,0,T_JUNCTION,51,1,1,0
63.43576383590698,0.0,0.0,0.0,0.0,0.0,0.0,0.0,301,nan,nan,0,T_JUNCTION,51,1,1,0
63.455771684646606,0.0,0.0,0.0,0.0,0.0,0.0,0.0,301,nan,nan,0,T_JUNCTION,51,1,1,0
63.475817918777466,0.0,0.0,0.0,0.0,0.0,0.0,0.0,301,nan,nan,0,T_JUNCTION,51,1,1,0
63.495771408081055,0.0,0.0,0.0,0.0,0.0,0.0,0.0,301,nan,nan,0,T_JUNCTION,51,1,1,0
63.51577043533325,0.0,0.0,0.0,0.0,0.0,0.0,0.0,301,nan,nan,0,T_JUNCTION,51,1,1,0
63.53577446937561,0.0,0.0,0.0,0.0,0.0,0.0,0.0,301,nan,nan,0,T_JUNCTION,51,1,1,0
63.55578374862671,0.0,0.0,0.0,0.0,0.0,0.0,0.0,301,nan,nan,0,T_JUNCTION,51,1,1,0
63.57578635215759,0.0,0.0,0.0,0.0,0.0,0.0,0.0,301,nan,nan,0,T_JUNCTION,51,1,1,0
63.5957727432251,0.0,0.0,0.0,0.0,0.0,0.0,0.0,301,nan,nan,0,T_JUNCTION,51,1,1,0
63.61576461791992,0.0,0.0,0.0,0.0,0.0,0.0,0.0,301,nan,nan,0,T_JUNCTION,51,1,1,0
63.63576126098633,0.0,0.0,0.0,0.0,0.0,0.0,0.0,301,nan,nan,0,T_JUNCTION,51,1,1,0
63.65582895278931,0.0,0.0,0.0,0.0,0.0,0.0,0.0,301,nan,nan,0,T_JUNCTION,51,1,1,0
63.67580723762512,0.0,0.0,0.0,0.0,0.0,0.0,0.0,301,nan,nan,0,T_JUNCTION,51,1,1,0
63.69576072692871,0.0,0.0,0.0,0.0,0.0,0.0,0.0,301,nan,nan,0,T_JUNCTION,51,1,1,0
63.71578502655029,0.0,0.0,0.0,0.0,0.0,0.0,0.0,301,nan,nan,0,T_JUNCTION,51,1,1,0
63.73576068878174,0.0,0.0,0.0,0.0,0.0,0.0,0.0,301,nan,nan,0,T_JUNCTION,51,1,1,0
63.755762577056885,0.0,0.0,0.0,0.0,0.0,0.0,0.0,301,nan,nan,0,T_JUNCTION,51,1,1,0
63.775798082351685,0.0,0.0,0.0,0.0,0.0,0.0,0.0,301,nan,nan,0,T_JUNCTION,51,1,1,0
63.79576396942139,0.0,0.0,0.0,0.0,0.0,0.0,0.0,301,nan,nan,0,T_JUNCTION,51,1,1,0
63.81578612327576,0.0,0.0,0.0,0.0,0.0,0.0,0.0,301,nan,nan,0,T_JUNCTION,51,1,1,0
63.8357789516449,0.0,0.0,0.0,0.0,0.0,0.0,0.0,301,nan,nan,0,T_JUNCTION,51,1,1,0
63.855783224105835,0.0,0.0,0.0,0.0,0.0,0.0,0.0,301,nan,nan,0,T_JUNCTION,51,1,1,0
63.87580132484436,0.0,0.0,0.0,0.0,0.0,0.0,0.0,301,nan,nan,0,T_JUNCTION,51,1,1,0
63.89576506614685,0.0,0.0,0.0,0.0,0.0,0.0,0.0,301,nan,nan,0,T_JUNCTION,51,1,1,0
63.91578555107117,0.0,0.0,0.0,0.0,0.0,0.0,0.0,301,nan,nan,0,T_JUNCTION,51,1,1,0
63.93575429916382,0.0,0.0,0.0,0.0,0.0,0.0,0.0,301,nan,nan,0,T_JUNCTION,51,1,1,0
63.95576190948486,0.0,0.0,0.0,0.0,0.0,0.0,0.0,301,nan,nan,0,T_JUNCTION,51,1,1,0
63.97578573226929,0.0,0.0,0.0,0.0,0.0,0.0,0.0,301,nan,nan,0,T_JUNCTION,51,1,1,0
63.99576258659363,0.0,0.0,0.0,0.0,0.0,0.0,0.0,301,nan,nan,0,T_JUNCTION,51,1,1,0
64.01577615737915,0.0,0.0,0.0,0.0,0.0,0.0,0.0,301,nan,nan,0,T_JUNCTION,51,1,1,0
64.0357813835144,0.0,0.0,0.0,0.0,0.0,0.0,0.0,301,nan,nan,0,T_JUNCTION,51,1,1,0
64.05578422546387,0.0,0.0,0.0,0.0,0.0,0.0,0.0,301,nan,nan,0,T_JUNCTION,51,1,1,0
64.07580065727234,0.0,0.0,0.0,0.0,0.0,0.0,0.0,301,nan,nan,0,T_JUNCTION,51,1,1,0
64.09577512741089,0.0,0.0,0.0,0.0,0.0,0.0,0.0,301,nan,nan,0,T_JUNCTION,51,1,1,0
64.11576342582703,0.0,0.0,0.0,0.0,0.0,0.0,0.0,301,nan,nan,0,T_JUNCTION,51,1,1,0
64.13575720787048,0.0,0.0,0.0,0.0,0.0,0.0,0.0,301,nan,nan,0,T_JUNCTION,51,1,1,0
64.15576839447021,0.0,0.0,0.0,0.0,0.0,0.0,0.0,301,nan,nan,0,T_JUNCTION,51,1,1,0
64.175790309906,0.0,0.0,0.0,0.0,0.0,0.0,0.0,301,nan,nan,0,T_JUNCTION,51,1,1,0
64.19577097892761,0.0,0.0,0.0,0.0,0.0,0.0,0.0,301,nan,nan,0,T_JUNCTION,51,1,1,0
64.21576642990112,0.0,0.0,0.0,0.0,0.0,0.0,0.0,301,nan,nan,0,T_JUNCTION,51,1,1,0
64.23577308654785,0.0,0.0,0.0,0.0,0.0,0.0,0.0,301,nan,nan,0,T_JUNCTION,51,1,1,0
64.2557909488678,0.0,0.0,0.0,0.0,0.0,0.0,0.0,301,nan,nan,0,T_JUNCTION,51,1,1,0
64.27579092979431,0.0,0.0,0.0,0.0,0.0,0.0,0.0,301,nan,nan,0,T_JUNCTION,51,1,1,0
64.29581141471863,0.0,0.0,0.0,0.0,0.0,0.0,0.0,301,nan,nan,0,T_JUNCTION,51,1,1,0
64.31575679779053,0.0,0.0,0.0,0.0,0.0,0.0,0.0,301,nan,nan,0,T_JUNCTION,51,1,1,0
64.335764169693,0.0,0.0,0.0,0.0,0.0,0.0,0.0,301,nan,nan,0,T_JUNCTION,51,1,1,0
64.35577154159546,0.0,0.0,0.0,0.0,0.0,0.0,0.0,301,nan,nan,0,T_JUNCTION,51,1,1,0
64.37578177452087,0.0,0.0,0.0,0.0,0.0,0.0,0.0,301,nan,nan,0,T_JUNCTION,51,1,1,0
64.39577651023865,0.0,0.0,0.0,0.0,0.0,0.0,0.0,301,nan,nan,0,T_JUNCTION,51,1,1,0
64.41577529907227,0.0,0.0,0.0,0.0,0.0,0.0,0.0,301,nan,nan,0,T_JUNCTION,51,1,1,0
64.43577527999878,0.0,0.0,0.0,0.0,0.0,0.0,0.0,301,nan,nan,0,T_JUNCTION,51,1,1,0
64.45578098297119,0.0,0.0,0.0,0.0,0.0,0.0,0.0,301,nan,nan,0,T_JUNCTION,51,1,1,0
64.47578477859497,0.0,0.0,0.0,0.0,0.0,0.0,0.0,301,nan,nan,0,T_JUNCTION,51,1,1,0
64.49576687812805,0.0,0.0,0.0,0.0,0.0,0.0,0.0,301,nan,nan,0,T_JUNCTION,51,1,1,0
64.51575374603271,0.0,0.0,0.0,0.0,0.0,0.0,0.0,301,nan,nan,0,T_JUNCTION,51,1,1,0
64.53580665588379,0.0,0.0,0.0,0.0,0.0,0.0,0.0,301,nan,nan,0,T_JUNCTION,51,1,1,0
64.55577564239502,0.0,0.0,0.0,0.0,0.0,0.0,0.0,301,nan,nan,0,T_JUNCTION,51,1,1,0
64.57576751708984,0.0,0.0,0.0,0.0,0.0,0.0,0.0,301,nan,nan,0,T_JUNCTION,51,1,1,0
64.59577703475952,0.0,0.0,0.0,0.0,0.0,0.0,0.0,301,nan,nan,0,T_JUNCTION,51,1,1,0
64.6157557964325,0.0,0.0,0.0,0.0,0.0,0.0,0.0,301,nan,nan,0,T_JUNCTION,51,1,1,0
64.63576483726501,0.0,0.0,0.0,0.0,0.0,0.0,0.0,301,nan,nan,0,T_JUNCTION,51,1,1,0
64.6558165550232,0.0,0.0,0.0,0.0,0.0,0.0,0.0,301,nan,nan,0,T_JUNCTION,51,1,1,0
64.67582249641418,0.0,0.0,0.0,0.0,0.0,0.0,0.0,301,nan,nan,0,T_JUNCTION,51,1,1,0
64.6957778930664,0.0,0.0,0.0,0.0,0.0,0.0,0.0,301,nan,nan,0,T_JUNCTION,51,1,1,0
64.71577382087708,0.0,0.0,0.0,0.0,0.0,0.0,0.0,301,nan,nan,0,T_JUNCTION,51,1,1,0
64.73577451705933,0.0,0.0,0.0,0.0,0.0,0.0,0.0,301,nan,nan,0,T_JUNCTION,51,1,1,0
64.75580859184265,0.0,0.0,0.0,0.0,0.0,0.0,0.0,301,nan,nan,0,T_JUNCTION,51,1,1,0
64.77579736709595,0.0,0.0,0.0,0.0,0.0,0.0,0.0,301,nan,nan,0,T_JUNCTION,51,1,1,0
64.79579305648804,0.0,0.0,0.0,0.0,0.0,0.0,0.0,301,nan,nan,0,T_JUNCTION,51,1,1,0
64.81575965881348,0.0,0.0,0.0,0.0,0.0,0.0,0.0,301,nan,nan,0,T_JUNCTION,51,1,1,0
64.83578729629517,0.0,0.0,0.0,0.0,0.0,0.0,0.0,301,nan,nan,0,T_JUNCTION,51,1,1,0
64.85576915740967,0.0,0.0,0.0,0.0,0.0,0.0,0.0,301,nan,nan,0,T_JUNCTION,51,1,1,0
64.87577390670776,0.0,0.0,0.0,0.0,0.0,0.0,0.0,301,nan,nan,0,T_JUNCTION,51,1,1,0
64.89576935768127,0.0,0.0,0.0,0.0,0.0,0.0,0.0,301,nan,nan,0,T_JUNCTION,51,1,1,0
64.91576409339905,0.0,0.0,0.0,0.0,0.0,0.0,0.0,301,nan,nan,0,T_JUNCTION,51,1,1,0
64.93576383590698,0.0,0.0,0.0,0.0,0.0,0.0,0.0,301,nan,nan,0,T_JUNCTION,51,1,1,0
64.9557785987854,0.0,0.0,0.0,0.0,0.0,0.0,0.0,301,nan,nan,0,T_JUNCTION,51,1,1,0
64.9757936000824,0.0,0.0,0.0,0.0,0.0,0.0,0.0,301,nan,nan,0,T_JUNCTION,51,1,1,0
64.99575614929199,0.0,0.0,0.0,0.0,0.0,0.0,0.0,301,nan,nan,0,T_JUNCTION,51,1,1,0
65.0157859325409,0.0,0.0,0.0,0.0,0.0,0.0,0.0,301,nan,nan,0,T_JUNCTION,51,1,1,0
65.03576588630676,0.0,0.0,0.0,0.0,0.0,0.0,0.0,301,nan,nan,0,T_JUNCTION,51,1,1,0
65.05579018592834,0.0,0.0,0.0,0.0,0.0,0.0,0.0,301,nan,nan,0,T_JUNCTION,51,1,1,0
65.0757806301117,0.0,0.0,0.0,0.0,0.0,0.0,0.0,301,nan,nan,0,T_JUNCTION,51,1,1,0
65.09579300880432,0.0,0.0,0.0,0.0,0.0,0.0,0.0,301,nan,nan,0,T_JUNCTION,51,1,1,0
65.11577320098877,0.0,0.0,0.0,0.0,0.0,0.0,0.0,301,nan,nan,0,T_JUNCTION,51,1,1,0
65.13576650619507,0.0,0.0,0.0,0.0,0.0,0.0,0.0,301,nan,nan,0,T_JUNCTION,51,1,1,0
65.1557765007019,0.0,0.0,0.0,0.0,0.0,0.0,0.0,301,nan,nan,0,T_JUNCTION,51,1,1,0
65.17578601837158,0.0,0.0,0.0,0.0,0.0,0.0,0.0,301,nan,nan,0,T_JUNCTION,51,1,1,0
65.19578337669373,0.0,0.0,0.0,0.0,0.0,0.0,0.0,301,nan,nan,0,T_JUNCTION,51,1,1,0
65.21575713157654,0.0,0.0,0.0,0.0,0.0,0.0,0.0,301,nan,nan,0,T_JUNCTION,51,1,1,0
65.23576378822327,0.0,0.0,0.0,0.0,0.0,0.0,0.0,301,nan,nan,0,T_JUNCTION,51,1,1,0
65.25577330589294,0.0,0.0,0.0,0.0,0.0,0.0,0.0,301,nan,nan,0,T_JUNCTION,51,1,1,0
65.27578091621399,0.0,0.0,0.0,0.0,0.0,0.0,0.0,301,nan,nan,0,T_JUNCTION,51,1,1,0
65.29576778411865,0.0,0.0,0.0,0.0,0.0,0.0,0.0,301,nan,nan,0,T_JUNCTION,51,1,1,0
65.3157639503479,0.0,0.0,0.0,0.0,0.0,0.0,0.0,301,nan,nan,0,T_JUNCTION,51,1,1,0
65.33577418327332,0.0,0.0,0.0,0.0,0.0,0.0,0.0,301,nan,nan,0,T_JUNCTION,51,1,1,0
65.35578274726868,0.0,0.0,0.0,0.0,0.0,0.0,0.0,301,nan,nan,0,T_JUNCTION,51,1,1,0
65.375807762146,0.0,0.0,0.0,0.0,0.0,0.0,0.0,301,nan,nan,0,T_JUNCTION,51,1,1,0
65.39575815200806,0.0,0.0,0.0,0.0,0.0,0.0,0.0,301,nan,nan,0,T_JUNCTION,51,1,1,0
65.41576290130615,0.0,0.0,0.0,0.0,0.0,0.0,0.0,301,nan,nan,0,T_JUNCTION,51,1,1,0
65.43576097488403,0.0,0.0,0.0,0.0,0.0,0.0,0.0,301,nan,nan,0,T_JUNCTION,51,1,1,0
65.45577478408813,0.0,0.0,0.0,0.0,0.0,0.0,0.0,301,nan,nan,0,T_JUNCTION,51,1,1,0
65.4757752418518,0.0,0.0,0.0,0.0,0.0,0.0,0.0,301,nan,nan,0,T_JUNCTION,51,1,1,0
65.49577450752258,0.0,0.0,0.0,0.0,0.0,0.0,0.0,301,nan,nan,0,T_JUNCTION,51,1,1,0
65.5157732963562,0.0,0.0,0.0,0.0,0.0,0.0,0.0,301,nan,nan,0,T_JUNCTION,51,1,1,0
65.5357575416565,0.0,0.0,0.0,0.0,0.0,0.0,0.0,301,nan,nan,0,T_JUNCTION,51,1,1,0
65.5557656288147,0.0,0.0,0.0,0.0,0.0,0.0,0.0,301,nan,nan,0,T_JUNCTION,51,1,1,0
65.57577061653137,0.0,0.0,0.0,0.0,0.0,0.0,0.0,301,nan,nan,0,T_JUNCTION,51,1,1,0
65.59576392173767,0.0,0.0,0.0,0.0,0.0,0.0,0.0,301,nan,nan,0,T_JUNCTION,51,1,1,0
65.61578392982483,0.0,0.0,0.0,0.0,0.0,0.0,0.0,301,nan,nan,0,T_JUNCTION,51,1,1,0
65.63576889038086,0.0,0.0,0.0,0.0,0.0,0.0,0.0,301,nan,nan,0,T_JUNCTION,51,1,1,0
65.6557846069336,0.0,0.0,0.0,0.0,0.0,0.0,0.0,301,nan,nan,0,T_JUNCTION,51,1,1,0
65.6758246421814,0.0,0.0,0.0,0.0,0.0,0.0,0.0,301,nan,nan,0,T_JUNCTION,51,1,1,0
65.69577836990356,0.0,0.0,0.0,0.0,0.0,0.0,0.0,301,nan,nan,0,T_JUNCTION,51,1,1,0
65.71578645706177,0.0,0.0,0.0,0.0,0.0,0.0,0.0,301,nan,nan,0,T_JUNCTION,51,1,1,0
65.73575639724731,0.0,0.0,0.0,0.0,0.0,0.0,0.0,301,nan,nan,0,T_JUNCTION,51,1,1,0
65.7557544708252,0.0,0.0,0.0,0.0,0.0,0.0,0.0,301,nan,nan,0,T_JUNCTION,51,1,1,0
65.77581071853638,0.0,0.0,0.0,0.0,0.0,0.0,0.0,301,nan,nan,0,T_JUNCTION,51,1,1,0
65.79576683044434,0.0,0.0,0.0,0.0,0.0,0.0,0.0,301,nan,nan,0,T_JUNCTION,51,1,1,0
65.81578040122986,0.0,0.0,0.0,0.0,0.0,0.0,0.0,301,nan,nan,0,T_JUNCTION,51,1,1,0
65.83579087257385,0.0,0.0,0.0,0.0,0.0,0.0,0.0,301,nan,nan,0,T_JUNCTION,51,1,1,0
65.85577511787415,0.0,0.0,0.0,0.0,0.0,0.0,0.0,301,nan,nan,0,T_JUNCTION,51,1,1,0
65.87578964233398,0.0,0.0,0.0,0.0,0.0,0.0,0.0,301,nan,nan,0,T_JUNCTION,51,1,1,0
65.89577198028564,0.0,0.0,0.0,0.0,0.0,0.0,0.0,301,nan,nan,0,T_JUNCTION,51,1,1,0
65.91576194763184,0.0,0.0,0.0,0.0,0.0,0.0,0.0,301,nan,nan,0,T_JUNCTION,51,1,1,0
65.93575358390808,0.0,0.0,0.0,0.0,0.0,0.0,0.0,301,nan,nan,0,T_JUNCTION,51,1,1,0
65.95577931404114,0.0,0.0,0.0,0.0,0.0,0.0,0.0,301,nan,nan,0,T_JUNCTION,51,1,1,0
65.9757673740387,0.0,0.0,0.0,0.0,0.0,0.0,0.0,301,nan,nan,0,T_JUNCTION,51,1,1,0
65.99576544761658,0.0,0.0,0.0,0.0,0.0,0.0,0.0,301,nan,nan,0,T_JUNCTION,51,1,1,0
66.01576852798462,0.0,0.0,0.0,0.0,0.0,0.0,0.0,301,nan,nan,0,T_JUNCTION,51,1,1,0
66.03576803207397,0.0,0.0,0.0,0.0,0.0,0.0,0.0,301,nan,nan,0,T_JUNCTION,51,1,1,0
66.05579209327698,0.0,0.0,0.0,0.0,0.0,0.0,0.0,301,nan,nan,0,T_JUNCTION,51,1,1,0
66.07578182220459,0.0,0.0,0.0,0.0,0.0,0.0,0.0,301,nan,nan,0,T_JUNCTION,51,1,1,0
66.09578537940979,0.0,0.0,0.0,0.0,0.0,0.0,0.0,301,nan,nan,0,T_JUNCTION,51,1,1,0
66.11576342582703,0.0,0.0,0.0,0.0,0.0,0.0,0.0,301,nan,nan,0,T_JUNCTION,51,1,1,0
66.13578391075134,0.0,0.0,0.0,0.0,0.0,0.0,0.0,301,nan,nan,0,T_JUNCTION,51,1,1,0
66.15576100349426,0.0,0.0,0.0,0.0,0.0,0.0,0.0,301,nan,nan,0,T_JUNCTION,51,1,1,0
66.17576265335083,0.0,0.0,0.0,0.0,0.0,0.0,0.0,301,nan,nan,0,T_JUNCTION,51,1,1,0
66.19576406478882,0.0,0.0,0.0,0.0,0.0,0.0,0.0,301,nan,nan,0,T_JUNCTION,51,1,1,0
66.2157793045044,0.0,0.0,0.0,0.0,0.0,0.0,0.0,301,nan,nan,0,T_JUNCTION,51,1,1,0
66.23577857017517,0.0,0.0,0.0,0.0,0.0,0.0,0.0,301,nan,nan,0,T_JUNCTION,51,1,1,0
66.25577664375305,0.0,0.0,0.0,0.0,0.0,0.0,0.0,301,nan,nan,0,T_JUNCTION,51,1,1,0
66.27578449249268,0.0,0.0,0.0,0.0,0.0,0.0,0.0,301,nan,nan,0,T_JUNCTION,51,1,1,0
66.29580307006836,0.0,0.0,0.0,0.0,0.0,0.0,0.0,301,nan,nan,0,T_JUNCTION,51,1,1,0
66.31575846672058,0.0,0.0,0.0,0.0,0.0,0.0,0.0,301,nan,nan,0,T_JUNCTION,51,1,1,0
66.33575510978699,0.0,0.0,0.0,0.0,0.0,0.0,0.0,301,nan,nan,0,T_JUNCTION,51,1,1,0
66.3557767868042,0.0,0.0,0.0,0.0,0.0,0.0,0.0,301,nan,nan,0,T_JUNCTION,51,1,1,0
66.37578058242798,0.0,0.0,0.0,0.0,0.0,0.0,0.0,301,nan,nan,0,T_JUNCTION,51,1,1,0
66.39576959609985,0.0,0.0,0.0,0.0,0.0,0.0,0.0,301,nan,nan,0,T_JUNCTION,51,1,1,0
66.41576552391052,0.0,0.0,0.0,0.0,0.0,0.0,0.0,301,nan,nan,0,T_JUNCTION,51,1,1,0
66.4357635974884,0.0,0.0,0.0,0.0,0.0,0.0,0.0,301,nan,nan,0,T_JUNCTION,51,1,1,0
66.45578145980835,0.0,0.0,0.0,0.0,0.0,0.0,0.0,301,nan,nan,0,T_JUNCTION,51,1,1,0
66.47580742835999,0.0,0.0,0.0,0.0,0.0,0.0,0.0,301,nan,nan,0,T_JUNCTION,51,1,1,0
66.49578022956848,0.0,0.0,0.0,0.0,0.0,0.0,0.0,301,nan,nan,0,T_JUNCTION,51,1,1,0
66.51577377319336,0.0,0.0,0.0,0.0,0.0,0.0,0.0,301,nan,nan,0,T_JUNCTION,51,1,1,0
66.53578162193298,0.0,0.0,0.0,0.0,0.0,0.0,0.0,301,nan,nan,0,T_JUNCTION,51,1,1,0
66.55575752258301,0.0,0.0,0.0,0.0,0.0,0.0,0.0,301,nan,nan,0,T_JUNCTION,51,1,1,0
66.57579207420349,0.0,0.0,0.0,0.0,0.0,0.0,0.0,301,nan,nan,0,T_JUNCTION,51,1,1,0
66.59576964378357,0.0,0.0,0.0,0.0,0.0,0.0,0.0,301,nan,nan,0,T_JUNCTION,51,1,1,0
66.61577558517456,0.0,0.0,0.0,0.0,0.0,0.0,0.0,301,nan,nan,0,T_JUNCTION,51,1,1,0
66.63578176498413,0.0,0.0,0.0,0.0,0.0,0.0,0.0,301,nan,nan,0,T_JUNCTION,51,1,1,0
66.65579867362976,0.0,0.0,0.0,0.0,0.0,0.0,0.0,301,nan,nan,0,T_JUNCTION,51,1,1,0
66.6757755279541,0.0,0.0,0.0,0.0,0.0,0.0,0.0,301,nan,nan,0,T_JUNCTION,51,1,1,0
66.69576716423035,0.0,0.0,0.0,0.0,0.0,0.0,0.0,301,nan,nan,0,T_JUNCTION,51,1,1,0
66.71577763557434,0.0,0.0,0.0,0.0,0.0,0.0,0.0,301,nan,nan,0,T_JUNCTION,51,1,1,0
66.73577666282654,0.0,0.0,0.0,0.0,0.0,0.0,0.0,301,nan,nan,0,T_JUNCTION,51,1,1,0
66.75577187538147,0.0,0.0,0.0,0.0,0.0,0.0,0.0,301,nan,nan,0,T_JUNCTION,51,1,1,0
66.77577066421509,0.0,0.0,0.0,0.0,0.0,0.0,0.0,301,nan,nan,0,T_JUNCTION,51,1,1,0
66.7957751750946,0.0,0.0,0.0,0.0,0.0,0.0,0.0,301,nan,nan,0,T_JUNCTION,51,1,1,0
66.8157742023468,0.0,0.0,0.0,0.0,0.0,0.0,0.0,301,nan,nan,0,T_JUNCTION,51,1,1,0
66.83576083183289,0.0,0.0,0.0,0.0,0.0,0.0,0.0,301,nan,nan,0,T_JUNCTION,51,1,1,0
66.85577583312988,0.0,0.0,0.0,0.0,0.0,0.0,0.0,301,nan,nan,0,T_JUNCTION,51,1,1,0
66.87577509880066,0.0,0.0,0.0,0.0,0.0,0.0,0.0,301,nan,nan,0,T_JUNCTION,51,1,1,0
66.89576411247253,0.0,0.0,0.0,0.0,0.0,0.0,0.0,301,nan,nan,0,T_JUNCTION,51,1,1,0
66.91578435897827,0.0,0.0,0.0,0.0,0.0,0.0,0.0,301,nan,nan,0,T_JUNCTION,51,1,1,0
66.93577551841736,0.0,0.0,0.0,0.0,0.0,0.0,0.0,301,nan,nan,0,T_JUNCTION,51,1,1,0
66.9557740688324,0.0,0.0,0.0,0.0,0.0,0.0,0.0,301,nan,nan,0,T_JUNCTION,51,1,1,0
66.9757821559906,0.0,0.0,0.0,0.0,0.0,0.0,0.0,301,nan,nan,0,T_JUNCTION,51,1,1,0
66.99576354026794,0.0,0.0,0.0,0.0,0.0,0.0,0.0,301,nan,nan,0,T_JUNCTION,51,1,1,0
67.01575589179993,0.0,0.0,0.0,0.0,0.0,0.0,0.0,301,nan,nan,0,T_JUNCTION,51,1,1,0
67.0357711315155,0.0,0.0,0.0,0.0,0.0,0.0,0.0,301,nan,nan,0,T_JUNCTION,51,1,1,0
67.0557644367218,0.0,0.0,0.0,0.0,0.0,0.0,0.0,301,nan,nan,0,T_JUNCTION,51,1,1,0
67.07576560974121,0.0,0.0,0.0,0.0,0.0,0.0,0.0,301,nan,nan,0,T_JUNCTION,51,1,1,0
67.09579396247864,0.0,0.0,0.0,0.0,0.0,0.0,0.0,301,nan,nan,0,T_JUNCTION,51,1,1,0
67.11576461791992,0.0,0.0,0.0,0.0,0.0,0.0,0.0,301,nan,nan,0,T_JUNCTION,51,1,1,0
67.13576602935791,0.0,0.0,0.0,0.0,0.0,0.0,0.0,301,nan,nan,0,T_JUNCTION,51,1,1,0
67.15578389167786,0.0,0.0,0.0,0.0,0.0,0.0,0.0,301,nan,nan,0,T_JUNCTION,51,1,1,0
67.17576742172241,0.0,0.0,0.0,0.0,0.0,0.0,0.0,301,nan,nan,0,T_JUNCTION,51,1,1,0
67.19578218460083,0.0,0.0,0.0,0.0,0.0,0.0,0.0,301,nan,nan,0,T_JUNCTION,51,1,1,0
67.21575832366943,0.0,0.0,0.0,0.0,0.0,0.0,0.0,301,nan,nan,0,T_JUNCTION,51,1,1,0
67.23576641082764,0.0,0.0,0.0,0.0,0.0,0.0,0.0,301,nan,nan,0,T_JUNCTION,51,1,1,0
67.25577521324158,0.0,0.0,0.0,0.0,0.0,0.0,0.0,301,nan,nan,0,T_JUNCTION,51,1,1,0
67.27578926086426,0.0,0.0,0.0,0.0,0.0,0.0,0.0,301,nan,nan,0,T_JUNCTION,51,1,1,0
67.29580783843994,0.0,0.0,0.0,0.0,0.0,0.0,0.0,301,nan,nan,0,T_JUNCTION,51,1,1,0
67.3157708644867,0.0,0.0,0.0,0.0,0.0,0.0,0.0,301,nan,nan,0,T_JUNCTION,51,1,1,0
67.33576154708862,0.0,0.0,0.0,0.0,0.0,0.0,0.0,301,nan,nan,0,T_JUNCTION,51,1,1,0
67.35575771331787,0.0,0.0,0.0,0.0,0.0,0.0,0.0,301,nan,nan,0,T_JUNCTION,51,1,1,0
67.37576651573181,0.0,0.0,0.0,0.0,0.0,0.0,0.0,301,nan,nan,0,T_JUNCTION,51,1,1,0
67.39579367637634,0.0,0.0,0.0,0.0,0.0,0.0,0.0,301,nan,nan,0,T_JUNCTION,51,1,1,0
67.41575765609741,0.0,0.0,0.0,0.0,0.0,0.0,0.0,301,nan,nan,0,T_JUNCTION,51,1,1,0
67.43576526641846,0.0,0.0,0.0,0.0,0.0,0.0,0.0,301,nan,nan,0,T_JUNCTION,51,1,1,0
67.45576858520508,0.0,0.0,0.0,0.0,0.0,0.0,0.0,301,nan,nan,0,T_JUNCTION,51,1,1,0
67.47575545310974,0.0,0.0,0.0,0.0,0.0,0.0,0.0,301,nan,nan,0,T_JUNCTION,51,1,1,0
67.49576354026794,0.0,0.0,0.0,0.0,0.0,0.0,0.0,301,nan,nan,0,T_JUNCTION,51,1,1,0
67.51577186584473,0.0,0.0,0.0,0.0,0.0,0.0,0.0,301,nan,nan,0,T_JUNCTION,51,1,1,0
67.53581762313843,0.0,0.0,0.0,0.0,0.0,0.0,0.0,301,nan,nan,0,T_JUNCTION,51,1,1,0
67.55577826499939,0.0,0.0,0.0,0.0,0.0,0.0,0.0,301,nan,nan,0,T_JUNCTION,51,1,1,0
67.5757520198822,0.0,0.0,0.0,0.0,0.0,0.0,0.0,301,nan,nan,0,T_JUNCTION,51,1,1,0
67.59576034545898,0.0,0.0,0.0,0.0,0.0,0.0,0.0,301,nan,nan,0,T_JUNCTION,51,1,1,0
67.61575627326965,0.0,0.0,0.0,0.0,0.0,0.0,0.0,301,nan,nan,0,T_JUNCTION,51,1,1,0
67.63576483726501,0.0,0.0,0.0,0.0,0.0,0.0,0.0,301,nan,nan,0,T_JUNCTION,51,1,1,0
67.65581321716309,0.0,0.0,0.0,0.0,0.0,0.0,0.0,301,nan,nan,0,T_JUNCTION,51,1,1,0
67.67577242851257,0.0,0.0,0.0,0.0,0.0,0.0,0.0,301,nan,nan,0,T_JUNCTION,51,1,1,0
67.69577383995056,0.0,0.0,0.0,0.0,0.0,0.0,0.0,301,nan,nan,0,T_JUNCTION,51,1,1,0
67.71577334403992,0.0,0.0,0.0,0.0,0.0,0.0,0.0,301,nan,nan,0,T_JUNCTION,51,1,1,0
67.7357714176178,0.0,0.0,0.0,0.0,0.0,0.0,0.0,301,nan,nan,0,T_JUNCTION,51,1,1,0
67.75580954551697,0.0,0.0,0.0,0.0,0.0,0.0,0.0,301,nan,nan,0,T_JUNCTION,51,1,1,0
67.77577543258667,0.0,0.0,0.0,0.0,0.0,0.0,0.0,301,nan,nan,0,T_JUNCTION,51,1,1,0
67.79577112197876,0.0,0.0,0.0,0.0,0.0,0.0,0.0,301,nan,nan,0,T_JUNCTION,51,1,1,0
67.81575655937195,0.0,0.0,0.0,0.0,0.0,0.0,0.0,301,nan,nan,0,T_JUNCTION,51,1,1,0
67.8357675075531,0.0,0.0,0.0,0.0,0.0,0.0,0.0,301,nan,nan,0,T_JUNCTION,51,1,1,0
67.8557653427124,0.0,0.0,0.0,0.0,0.0,0.0,0.0,301,nan,nan,0,T_JUNCTION,51,1,1,0
67.87577819824219,0.0,0.0,0.0,0.0,0.0,0.0,0.0,301,nan,nan,0,T_JUNCTION,51,1,1,0
67.8957724571228,0.0,0.0,0.0,0.0,0.0,0.0,0.0,301,nan,nan,0,T_JUNCTION,51,1,1,0
67.91577172279358,0.0,0.0,0.0,0.0,0.0,0.0,0.0,301,nan,nan,0,T_JUNCTION,51,1,1,0
67.93577527999878,0.0,0.0,0.0,0.0,0.0,0.0,0.0,301,nan,nan,0,T_JUNCTION,51,1,1,0
67.95577716827393,0.0,0.0,0.0,0.0,0.0,0.0,0.0,301,nan,nan,0,T_JUNCTION,51,1,1,0
67.9757809638977,0.0,0.0,0.0,0.0,0.0,0.0,0.0,301,nan,nan,0,T_JUNCTION,51,1,1,0
67.99575972557068,0.0,0.0,0.0,0.0,0.0,0.0,0.0,301,nan,nan,0,T_JUNCTION,51,1,1,0
68.01575756072998,0.0,0.0,0.0,0.0,0.0,0.0,0.0,301,nan,nan,0,T_JUNCTION,51,1,1,0
68.0357551574707,0.0,0.0,0.0,0.0,0.0,0.0,0.0,301,nan,nan,0,T_JUNCTION,51,1,1,0
68.05577826499939,0.0,0.0,0.0,0.0,0.0,0.0,0.0,301,nan,nan,0,T_JUNCTION,51,1,1,0
68.0757782459259,0.0,0.0,0.0,0.0,0.0,0.0,0.0,301,nan,nan,0,T_JUNCTION,51,1,1,0
68.09577059745789,0.0,0.0,0.0,0.0,0.0,0.0,0.0,301,nan,nan,0,T_JUNCTION,51,1,1,0
68.11577272415161,0.0,0.0,0.0,0.0,0.0,0.0,0.0,301,nan,nan,0,T_JUNCTION,51,1,1,0
68.13577651977539,0.0,0.0,0.0,0.0,0.0,0.0,0.0,301,nan,nan,0,T_JUNCTION,51,1,1,0
68.1557731628418,0.0,0.0,0.0,0.0,0.0,0.0,0.0,301,nan,nan,0,T_JUNCTION,51,1,1,0
68.1757583618164,0.0,0.0,0.0,0.0,0.0,0.0,0.0,301,nan,nan,0,T_JUNCTION,51,1,1,0
68.19578242301941,0.0,0.0,0.0,0.0,0.0,0.0,0.0,301,nan,nan,0,T_JUNCTION,51,1,1,0
68.2157530784607,0.0,0.0,0.0,0.0,0.0,0.0,0.0,301,nan,nan,0,T_JUNCTION,51,1,1,0
68.23576331138611,0.0,0.0,0.0,0.0,0.0,0.0,0.0,301,nan,nan,0,T_JUNCTION,51,1,1,0
68.25577402114868,0.0,0.0,0.0,0.0,0.0,0.0,0.0,301,nan,nan,0,T_JUNCTION,51,1,1,0
68.27577495574951,0.0,0.0,0.0,0.0,0.0,0.0,0.0,301,nan,nan,0,T_JUNCTION,51,1,1,0
68.29577136039734,0.0,0.0,0.0,0.0,0.0,0.0,0.0,301,nan,nan,0,T_JUNCTION,51,1,1,0
68.31579422950745,0.0,0.0,0.0,0.0,0.0,0.0,0.0,301,nan,nan,0,T_JUNCTION,51,1,1,0
68.33577251434326,0.0,0.0,0.0,0.0,0.0,0.0,0.0,301,nan,nan,0,T_JUNCTION,51,1,1,0
68.35577201843262,0.0,0.0,0.0,0.0,0.0,0.0,0.0,301,nan,nan,0,T_JUNCTION,51,1,1,0
68.37587261199951,0.0,0.0,0.0,0.0,0.0,0.0,0.0,301,nan,nan,0,T_JUNCTION,51,1,1,0
68.39577269554138,0.0,0.0,0.0,0.0,0.0,0.0,0.0,301,nan,nan,0,T_JUNCTION,51,1,1,0
68.41575908660889,0.0,0.0,0.0,0.0,0.0,0.0,0.0,301,nan,nan,0,T_JUNCTION,51,1,1,0
68.43575525283813,0.0,0.0,0.0,0.0,0.0,0.0,0.0,301,nan,nan,0,T_JUNCTION,51,1,1,0
68.45578408241272,0.0,0.0,0.0,0.0,0.0,0.0,0.0,301,nan,nan,0,T_JUNCTION,51,1,1,0
68.47575664520264,0.0,0.0,0.0,0.0,0.0,0.0,0.0,301,nan,nan,0,T_JUNCTION,51,1,1,0
68.49576210975647,0.0,0.0,0.0,0.0,0.0,0.0,0.0,301,nan,nan,0,T_JUNCTION,51,1,1,0
68.5157732963562,0.0,0.0,0.0,0.0,0.0,0.0,0.0,301,nan,nan,0,T_JUNCTION,51,1,1,0
68.53576564788818,0.0,0.0,0.0,0.0,0.0,0.0,0.0,301,nan,nan,0,T_JUNCTION,51,1,1,0
68.55576920509338,0.0,0.0,0.0,0.0,0.0,0.0,0.0,301,nan,nan,0,T_JUNCTION,51,1,1,0
68.57579159736633,0.0,0.0,0.0,0.0,0.0,0.0,0.0,301,nan,nan,0,T_JUNCTION,51,1,1,0
68.59575724601746,0.0,0.0,0.0,0.0,0.0,0.0,0.0,301,nan,nan,0,T_JUNCTION,51,1,1,0
68.61577868461609,0.0,0.0,0.0,0.0,0.0,0.0,0.0,301,nan,nan,0,T_JUNCTION,51,1,1,0
68.63575983047485,0.0,0.0,0.0,0.0,0.0,0.0,0.0,301,nan,nan,0,T_JUNCTION,51,1,1,0
68.65581846237183,0.0,0.0,0.0,0.0,0.0,0.0,0.0,301,nan,nan,0,T_JUNCTION,51,1,1,0
68.67579483985901,0.0,0.0,0.0,0.0,0.0,0.0,0.0,301,nan,nan,0,T_JUNCTION,51,1,1,0
68.69577121734619,0.0,0.0,0.0,0.0,0.0,0.0,0.0,301,nan,nan,0,T_JUNCTION,51,1,1,0
68.71577429771423,0.0,0.0,0.0,0.0,0.0,0.0,0.0,301,nan,nan,0,T_JUNCTION,51,1,1,0
68.73577237129211,0.0,0.0,0.0,0.0,0.0,0.0,0.0,301,nan,nan,0,T_JUNCTION,51,1,1,0
68.75577068328857,0.0,0.0,0.0,0.0,0.0,0.0,0.0,301,nan,nan,0,T_JUNCTION,51,1,1,0
68.77578139305115,0.0,0.0,0.0,0.0,0.0,0.0,0.0,301,nan,nan,0,T_JUNCTION,51,1,1,0
68.79577469825745,0.0,0.0,0.0,0.0,0.0,0.0,0.0,301,nan,nan,0,T_JUNCTION,51,1,1,0
68.8157651424408,0.0,0.0,0.0,0.0,0.0,0.0,0.0,301,nan,nan,0,T_JUNCTION,51,1,1,0
68.83576607704163,0.0,0.0,0.0,0.0,0.0,0.0,0.0,301,nan,nan,0,T_JUNCTION,51,1,1,0
68.85582280158997,0.0,0.0,0.0,0.0,0.0,0.0,0.0,301,nan,nan,0,T_JUNCTION,51,1,1,0
68.8757734298706,0.0,0.0,0.0,0.0,0.0,0.0,0.0,301,nan,nan,0,T_JUNCTION,51,1,1,0
68.89576077461243,0.0,0.0,0.0,0.0,0.0,0.0,0.0,301,nan,nan,0,T_JUNCTION,51,1,1,0
68.9157657623291,0.0,0.0,0.0,0.0,0.0,0.0,0.0,301,nan,nan,0,T_JUNCTION,51,1,1,0
68.93577098846436,0.0,0.0,0.0,0.0,0.0,0.0,0.0,301,nan,nan,0,T_JUNCTION,51,1,1,0
68.95580863952637,0.0,0.0,0.0,0.0,0.0,0.0,0.0,301,nan,nan,0,T_JUNCTION,51,1,1,0
68.97576832771301,0.0,0.0,0.0,0.0,0.0,0.0,0.0,301,nan,nan,0,T_JUNCTION,51,1,1,0
68.995769739151,0.0,0.0,0.0,0.0,0.0,0.0,0.0,301,nan,nan,0,T_JUNCTION,51,1,1,0
69.01576161384583,0.0,0.0,0.0,0.0,0.0,0.0,0.0,301,nan,nan,0,T_JUNCTION,51,1,1,0
69.03579616546631,0.0,0.0,0.0,0.0,0.0,0.0,0.0,301,nan,nan,0,T_JUNCTION,51,1,1,0
69.05579352378845,0.0,0.0,0.0,0.0,0.0,0.0,0.0,301,nan,nan,0,T_JUNCTION,51,1,1,0
69.07578158378601,0.0,0.0,0.0,0.0,0.0,0.0,0.0,301,nan,nan,0,T_JUNCTION,51,1,1,0
69.0957612991333,0.0,0.0,0.0,0.0,0.0,0.0,0.0,301,nan,nan,0,T_JUNCTION,51,1,1,0
69.11577606201172,0.0,0.0,0.0,0.0,0.0,0.0,0.0,301,nan,nan,0,T_JUNCTION,51,1,1,0
69.13577342033386,0.0,0.0,0.0,0.0,0.0,0.0,0.0,301,nan,nan,0,T_JUNCTION,51,1,1,0
69.15580630302429,0.0,0.0,0.0,0.0,0.0,0.0,0.0,301,nan,nan,0,T_JUNCTION,51,1,1,0
69.17577934265137,0.0,0.0,0.0,0.0,0.0,0.0,0.0,301,nan,nan,0,T_JUNCTION,51,1,1,0
69.19575929641724,0.0,0.0,0.0,0.0,0.0,0.0,0.0,301,nan,nan,0,T_JUNCTION,51,1,1,0
69.21575593948364,0.0,0.0,0.0,0.0,0.0,0.0,0.0,301,nan,nan,0,T_JUNCTION,51,1,1,0
69.23576331138611,0.0,0.0,0.0,0.0,0.0,0.0,0.0,301,nan,nan,0,T_JUNCTION,51,1,1,0
69.25576615333557,0.0,0.0,0.0,0.0,0.0,0.0,0.0,301,nan,nan,0,T_JUNCTION,51,1,1,0
69.27575540542603,0.0,0.0,0.0,0.0,0.0,0.0,0.0,301,nan,nan,0,T_JUNCTION,51,1,1,0
69.2958025932312,0.0,0.0,0.0,0.0,0.0,0.0,0.0,301,nan,nan,0,T_JUNCTION,51,1,1,0
69.31577801704407,0.0,0.0,0.0,0.0,0.0,0.0,0.0,301,nan,nan,0,T_JUNCTION,51,1,1,0
69.33577275276184,0.0,0.0,0.0,0.0,0.0,0.0,0.0,301,nan,nan,0,T_JUNCTION,51,1,1,0
69.35577344894409,0.0,0.0,0.0,0.0,0.0,0.0,0.0,301,nan,nan,0,T_JUNCTION,51,1,1,0
69.37578272819519,0.0,0.0,0.0,0.0,0.0,0.0,0.0,301,nan,nan,0,T_JUNCTION,51,1,1,0
69.39576411247253,0.0,0.0,0.0,0.0,0.0,0.0,0.0,301,nan,nan,0,T_JUNCTION,51,1,1,0
69.4157555103302,0.0,0.0,0.0,0.0,0.0,0.0,0.0,301,nan,nan,0,T_JUNCTION,51,1,1,0
69.43576335906982,0.0,0.0,0.0,0.0,0.0,0.0,0.0,301,nan,nan,0,T_JUNCTION,51,1,1,0
69.45579123497009,0.0,0.0,0.0,0.0,0.0,0.0,0.0,301,nan,nan,0,T_JUNCTION,51,1,1,0
69.47578978538513,0.0,0.0,0.0,0.0,0.0,0.0,0.0,301,nan,nan,0,T_JUNCTION,51,1,1,0
69.49577403068542,0.0,0.0,0.0,0.0,0.0,0.0,0.0,301,nan,nan,0,T_JUNCTION,51,1,1,0
69.5157961845398,0.0,0.0,0.0,0.0,0.0,0.0,0.0,301,nan,nan,0,T_JUNCTION,51,1,1,0
69.53577399253845,0.0,0.0,0.0,0.0,0.0,0.0,0.0,301,nan,nan,0,T_JUNCTION,51,1,1,0
69.55580759048462,0.0,0.0,0.0,0.0,0.0,0.0,0.0,301,nan,nan,0,T_JUNCTION,51,1,1,0
69.57577133178711,0.0,0.0,0.0,0.0,0.0,0.0,0.0,301,nan,nan,0,T_JUNCTION,51,1,1,0
69.59576153755188,0.0,0.0,0.0,0.0,0.0,0.0,0.0,301,nan,nan,0,T_JUNCTION,51,1,1,0
69.61576342582703,0.0,0.0,0.0,0.0,0.0,0.0,0.0,301,nan,nan,0,T_JUNCTION,51,1,1,0
69.63578963279724,0.0,0.0,0.0,0.0,0.0,0.0,0.0,301,nan,nan,0,T_JUNCTION,51,1,1,0
69.65587449073792,0.0,0.0,0.0,0.0,0.0,0.0,0.0,301,nan,nan,0,T_JUNCTION,51,1,1,0
69.67577743530273,0.0,0.0,0.0,0.0,0.0,0.0,0.0,301,nan,nan,0,T_JUNCTION,51,1,1,0
69.69577407836914,0.0,0.0,0.0,0.0,0.0,0.0,0.0,301,nan,nan,0,T_JUNCTION,51,1,1,0
69.71577072143555,0.0,0.0,0.0,0.0,0.0,0.0,0.0,301,nan,nan,0,T_JUNCTION,51,1,1,0
69.7357726097107,0.0,0.0,0.0,0.0,0.0,0.0,0.0,301,nan,nan,0,T_JUNCTION,51,1,1,0
69.75581955909729,0.0,0.0,0.0,0.0,0.0,0.0,0.0,301,nan,nan,0,T_JUNCTION,51,1,1,0
69.7757499217987,0.0,0.0,0.0,0.0,0.0,0.0,0.0,301,nan,nan,0,T_JUNCTION,51,1,1,0
69.79577875137329,0.0,0.0,0.0,0.0,0.0,0.0,0.0,301,nan,nan,0,T_JUNCTION,51,1,1,0
69.81575274467468,0.0,0.0,0.0,0.0,0.0,0.0,0.0,301,nan,nan,0,T_JUNCTION,51,1,1,0
69.83578109741211,0.0,0.0,0.0,0.0,0.0,0.0,0.0,301,nan,nan,0,T_JUNCTION,51,1,1,0
69.85579824447632,0.0,0.0,0.0,0.0,0.0,0.0,0.0,301,nan,nan,0,T_JUNCTION,51,1,1,0
69.87577891349792,0.0,0.0,0.0,0.0,0.0,0.0,0.0,301,nan,nan,0,T_JUNCTION,51,1,1,0
69.89577555656433,0.0,0.0,0.0,0.0,0.0,0.0,0.0,301,nan,nan,0,T_JUNCTION,51,1,1,0
69.91576218605042,0.0,0.0,0.0,0.0,0.0,0.0,0.0,301,nan,nan,0,T_JUNCTION,51,1,1,0
69.93577170372009,0.0,0.0,0.0,0.0,0.0,0.0,0.0,301,nan,nan,0,T_JUNCTION,51,1,1,0
69.95579648017883,0.0,0.0,0.0,0.0,0.0,0.0,0.0,301,nan,nan,0,T_JUNCTION,51,1,1,0
69.97576761245728,0.0,0.0,0.0,0.0,0.0,0.0,0.0,301,nan,nan,0,T_JUNCTION,51,1,1,0
69.99575448036194,0.0,0.0,0.0,0.0,0.0,0.0,0.0,301,nan,nan,0,T_JUNCTION,51,1,1,0
70.01576161384583,0.0,0.0,0.0,0.0,0.0,0.0,0.0,301,nan,nan,0,T_JUNCTION,51,1,1,0
70.03578662872314,0.0,0.0,0.0,0.0,0.0,0.0,0.0,301,nan,nan,0,T_JUNCTION,51,1,1,0
70.05578851699829,0.0,0.0,0.0,0.0,0.0,0.0,0.0,301,nan,nan,0,T_JUNCTION,51,1,1,0
70.07576632499695,0.0,0.0,0.0,0.0,0.0,0.0,0.0,301,nan,nan,0,T_JUNCTION,51,1,1,0
70.09576344490051,0.0,0.0,0.0,0.0,0.0,0.0,0.0,301,nan,nan,0,T_JUNCTION,51,1,1,0
70.11578273773193,0.0,0.0,0.0,0.0,0.0,0.0,0.0,301,nan,nan,0,T_JUNCTION,51,1,1,0
70.13577628135681,0.0,0.0,0.0,0.0,0.0,0.0,0.0,301,nan,nan,0,T_JUNCTION,51,1,1,0
70.15578985214233,0.0,0.0,0.0,0.0,0.0,0.0,0.0,301,nan,nan,0,T_JUNCTION,51,1,1,0
70.17577195167542,0.0,0.0,0.0,0.0,0.0,0.0,0.0,301,nan,nan,0,T_JUNCTION,51,1,1,0
70.19577288627625,0.0,0.0,0.0,0.0,0.0,0.0,0.0,301,nan,nan,0,T_JUNCTION,51,1,1,0
70.21576404571533,0.0,0.0,0.0,0.0,0.0,0.0,0.0,301,nan,nan,0,T_JUNCTION,51,1,1,0
70.23575568199158,0.0,0.0,0.0,0.0,0.0,0.0,0.0,301,nan,nan,0,T_JUNCTION,51,1,1,0
70.25580072402954,0.0,0.0,0.0,0.0,0.0,0.0,0.0,301,nan,nan,0,T_JUNCTION,51,1,1,0
70.27576088905334,0.0,0.0,0.0,0.0,0.0,0.0,0.0,301,nan,nan,0,T_JUNCTION,51,1,1,0
70.29580426216125,0.0,0.0,0.0,0.0,0.0,0.0,0.0,301,nan,nan,0,T_JUNCTION,51,1,1,0
70.31577825546265,0.0,0.0,0.0,0.0,0.0,0.0,0.0,301,nan,nan,0,T_JUNCTION,51,1,1,0
70.3357663154602,0.0,0.0,0.0,0.0,0.0,0.0,0.0,301,nan,nan,0,T_JUNCTION,51,1,1,0
70.35577988624573,0.0,0.0,0.0,0.0,0.0,0.0,0.0,301,nan,nan,0,T_JUNCTION,51,1,1,0
70.37577557563782,0.0,0.0,0.0,0.0,0.0,0.0,0.0,301,nan,nan,0,T_JUNCTION,51,1,1,0
70.39576506614685,0.0,0.0,0.0,0.0,0.0,0.0,0.0,300,nan,nan,0,T_JUNCTION,51,1,1,0
70.41577363014221,0.0,0.0,0.0,0.0,0.0,0.0,0.0,300,nan,nan,0,T_JUNCTION,51,1,1,0
70.43577146530151,0.0,0.0,0.0,0.0,0.0,0.0,0.0,300,nan,nan,0,T_JUNCTION,51,1,1,0
70.45582747459412,0.0,0.0,0.0,0.0,0.0,0.0,0.0,300,nan,nan,0,T_JUNCTION,51,1,1,0
70.47576379776001,0.0,0.0,0.0,0.0,0.0,0.0,0.0,300,nan,nan,0,T_JUNCTION,51,1,1,0
70.49576377868652,0.0,0.0,0.0,0.0,0.0,0.0,0.0,299,nan,nan,0,T_JUNCTION,51,1,1,0
70.51577830314636,0.0,0.0,0.0,0.0,0.0,0.0,0.0,299,nan,nan,0,T_JUNCTION,51,1,1,0
70.53581094741821,0.0,0.0,0.0,0.0,0.0,0.0,0.0,299,nan,nan,0,T_JUNCTION,51,1,1,0
70.555819272995,0.0,0.0,0.0,0.0,0.0,0.0,0.0,299,nan,nan,0,T_JUNCTION,51,1,1,0
70.57579064369202,0.0,0.0,0.0,0.0,0.0,0.0,0.0,299,nan,nan,0,T_JUNCTION,51,1,1,0
70.59576416015625,0.0,0.0,0.0,0.0,0.0,0.0,0.0,299,nan,nan,0,T_JUNCTION,51,1,1,0
70.61577129364014,0.0,0.0,0.0,0.0,0.0,0.0,0.0,299,nan,nan,0,T_JUNCTION,51,1,1,0
70.63578391075134,0.0,0.0,0.0,0.0,0.0,0.0,0.0,299,nan,nan,0,T_JUNCTION,51,1,1,0
70.65584707260132,0.0,0.0,0.0,0.0,0.0,0.0,0.0,299,nan,nan,0,T_JUNCTION,51,1,1,0
70.67578458786011,0.0,0.0,0.0,0.0,0.0,0.0,0.0,299,nan,nan,0,T_JUNCTION,51,1,1,0
70.6957631111145,0.0,0.0,0.0,0.0,0.0,0.0,0.0,298,nan,nan,0,T_JUNCTION,51,1,1,0
70.71578407287598,0.0,0.0,0.0,0.0,0.0,0.0,0.0,298,nan,nan,0,T_JUNCTION,51,1,1,0
70.73576164245605,0.0,0.0,0.0,0.0,0.0,0.0,0.0,298,nan,nan,0,T_JUNCTION,51,1,1,0
70.7558605670929,0.0,0.0,0.0,0.0,0.0,0.0,0.0,298,nan,nan,0,T_JUNCTION,51,1,1,0
70.77576947212219,0.0,0.0,0.0,0.0,0.0,0.0,0.0,298,nan,nan,0,T_JUNCTION,51,1,1,0
70.79577565193176,0.0,0.0,0.0,0.0,0.0,0.0,0.0,297,nan,nan,0,T_JUNCTION,51,1,1,0
70.81576347351074,0.0,0.0,0.0,0.0,0.0,0.0,0.0,297,nan,nan,0,T_JUNCTION,51,1,1,0
70.8357584476471,0.0,0.0,0.0,0.0,0.0,0.0,0.0,297,nan,nan,0,T_JUNCTION,51,1,1,0
70.8557870388031,0.0,0.0,0.0,0.0,0.0,0.0,0.0,297,nan,nan,0,T_JUNCTION,51,1,1,0
70.87579703330994,0.0,0.0,0.0,0.0,0.0,0.0,0.0,297,nan,nan,0,T_JUNCTION,51,1,1,0
70.89575815200806,0.0,0.0,0.0,0.0,0.0,0.0,0.0,296,nan,nan,0,T_JUNCTION,51,1,1,0
70.91576385498047,0.0,0.0,0.0,0.0,0.0,0.0,0.0,296,nan,nan,0,T_JUNCTION,51,1,1,0
70.93576502799988,0.0,0.0,0.0,0.0,0.0,0.0,0.0,296,nan,nan,0,T_JUNCTION,51,1,1,0
70.955810546875,0.0,0.0,0.0,0.0,0.0,0.0,0.0,296,nan,nan,0,T_JUNCTION,51,1,1,0
70.97577714920044,0.0,0.0,0.0,0.0,0.0,0.0,0.0,296,nan,nan,0,T_JUNCTION,51,1,1,0
70.99577069282532,0.0,0.0,0.0,0.0,0.0,0.0,0.0,296,nan,nan,0,T_JUNCTION,51,1,1,0
71.01578903198242,0.0,0.0,0.0,0.0,0.0,0.0,0.0,296,nan,nan,0,T_JUNCTION,51,1,1,0
71.03578114509583,0.0,0.0,0.0,0.0,0.0,0.0,0.0,296,nan,nan,0,T_JUNCTION,51,1,1,0
71.05582118034363,0.0,0.0,0.0,0.0,0.0,0.0,0.0,296,nan,nan,0,T_JUNCTION,51,1,1,0
71.07577872276306,0.0,0.0,0.0,0.0,0.0,0.0,0.0,296,nan,nan,0,T_JUNCTION,51,1,1,0
71.0957772731781,0.0,0.0,0.0,0.0,0.0,0.0,0.0,297,nan,nan,0,T_JUNCTION,51,1,1,0
71.11575531959534,0.0,0.0,0.0,0.0,0.0,0.0,0.0,297,nan,nan,0,T_JUNCTION,51,1,1,0
71.13577032089233,0.0,0.0,0.0,0.0,0.0,0.0,0.0,297,nan,nan,0,T_JUNCTION,51,1,1,0
71.15579771995544,0.0,0.0,0.0,0.0,0.0,0.0,0.0,297,nan,nan,0,T_JUNCTION,51,1,1,0
71.17576575279236,0.0,0.0,0.0,0.0,0.0,0.0,0.0,297,nan,nan,0,T_JUNCTION,51,1,1,0
71.1957654953003,0.0,0.0,0.0,0.0,0.0,0.0,0.0,297,nan,nan,0,T_JUNCTION,51,1,1,0
71.2157826423645,0.0,0.0,0.0,0.0,0.0,0.0,0.0,297,nan,nan,0,T_JUNCTION,51,1,1,0
71.23577332496643,0.0,0.0,0.0,0.0,0.0,0.0,0.0,297,nan,nan,0,T_JUNCTION,51,1,1,0
71.25578260421753,0.0,0.0,0.0,0.0,0.0,0.0,0.0,297,nan,nan,0,T_JUNCTION,51,1,1,0
71.27576565742493,0.0,0.0,0.0,0.0,0.0,0.0,0.0,297,nan,nan,0,T_JUNCTION,51,1,1,0
71.29577469825745,0.0,0.0,0.0,0.0,0.0,0.0,0.0,298,nan,nan,0,T_JUNCTION,51,1,1,0
71.315762758255,0.0,0.0,0.0,0.0,0.0,0.0,0.0,298,nan,nan,0,T_JUNCTION,51,1,1,0
71.33576202392578,0.0,0.0,0.0,0.0,0.0,0.0,0.0,298,nan,nan,0,T_JUNCTION,51,1,1,0
71.35579991340637,0.0,0.0,0.0,0.0,0.0,0.0,0.0,298,nan,nan,0,T_JUNCTION,51,1,1,0
71.37575960159302,0.0,0.0,0.0,0.0,0.0,0.0,0.0,298,nan,nan,0,T_JUNCTION,51,1,1,0
71.39576554298401,0.0,0.0,0.0,0.0,0.0,0.0,0.0,298,nan,nan,0,T_JUNCTION,51,1,1,0
71.41576290130615,0.0,0.0,0.0,0.0,0.0,0.0,0.0,298,nan,nan,0,T_JUNCTION,51,1,1,0
71.43576288223267,0.0,0.0,0.0,0.0,0.0,0.0,0.0,298,nan,nan,0,T_JUNCTION,51,1,1,0
71.45579218864441,0.0,0.0,0.0,0.0,0.0,0.0,0.0,298,nan,nan,0,T_JUNCTION,51,1,1,0
71.47575950622559,0.0,0.0,0.0,0.0,0.0,0.0,0.0,298,nan,nan,0,T_JUNCTION,51,1,1,0
71.49577331542969,0.0,0.0,0.0,0.0,0.0,0.0,0.0,298,nan,nan,0,T_JUNCTION,51,1,1,0
71.51577472686768,0.0,0.0,0.0,0.0,0.0,0.0,0.0,298,nan,nan,0,T_JUNCTION,51,1,1,0
71.5357735157013,0.0,0.0,0.0,0.0,0.0,0.0,0.0,298,nan,nan,0,T_JUNCTION,51,1,1,0
71.55578255653381,0.0,0.0,0.0,0.0,0.0,0.0,0.0,298,nan,nan,0,T_JUNCTION,51,1,1,0
71.57575297355652,0.0,0.0,0.0,0.0,0.0,0.0,0.0,298,nan,nan,0,T_JUNCTION,51,1,1,0
71.59575891494751,0.0,0.0,0.0,0.0,0.0,0.0,0.0,298,nan,nan,0,T_JUNCTION,51,1,1,0
71.61576628684998,0.0,0.0,0.0,0.0,0.0,0.0,0.0,298,nan,nan,0,T_JUNCTION,51,1,1,0
71.63576889038086,0.0,0.0,0.0,0.0,0.0,0.0,0.0,298,nan,nan,0,T_JUNCTION,51,1,1,0
71.6558084487915,0.0,0.0,0.0,0.0,0.0,0.0,0.0,298,nan,nan,0,T_JUNCTION,51,1,1,0
71.67581343650818,0.0,0.0,0.0,0.0,0.0,0.0,0.0,298,nan,nan,0,T_JUNCTION,51,1,1,0
71.69577980041504,0.0,0.0,0.0,0.0,0.0,0.0,0.0,298,nan,nan,0,T_JUNCTION,51,1,1,0
71.7157609462738,0.0,0.0,0.0,0.0,0.0,0.0,0.0,298,nan,nan,0,T_JUNCTION,51,1,1,0
71.73575282096863,0.0,0.0,0.0,0.0,0.0,0.0,0.0,298,nan,nan,0,T_JUNCTION,51,1,1,0
71.75578451156616,0.0,0.0,0.0,0.0,0.0,0.0,0.0,298,nan,nan,0,T_JUNCTION,51,1,1,0
71.77576231956482,0.0,0.0,0.0,0.0,0.0,0.0,0.0,298,nan,nan,0,T_JUNCTION,51,1,1,0
71.7957661151886,0.0,0.0,0.0,0.0,0.0,0.0,0.0,298,nan,nan,0,T_JUNCTION,51,1,1,0
71.81576204299927,0.0,0.0,0.0,0.0,0.0,0.0,0.0,298,nan,nan,0,T_JUNCTION,51,1,1,0
71.83576536178589,0.0,0.0,0.0,0.0,0.0,0.0,0.0,298,nan,nan,0,T_JUNCTION,51,1,1,0
71.8558144569397,0.0,0.0,0.0,0.0,0.0,0.0,0.0,298,nan,nan,0,T_JUNCTION,51,1,1,0
71.87578105926514,0.0,0.0,0.0,0.0,0.0,0.0,0.0,298,nan,nan,0,T_JUNCTION,51,1,1,0
71.89577126502991,0.0,0.0,0.0,0.0,0.0,0.0,0.0,298,nan,nan,0,T_JUNCTION,51,1,1,0
71.91577291488647,0.0,0.0,0.0,0.0,0.0,0.0,0.0,298,nan,nan,0,T_JUNCTION,51,1,1,0
71.93577861785889,0.0,0.0,0.0,0.0,0.0,0.0,0.0,298,nan,nan,0,T_JUNCTION,51,1,1,0
71.9557957649231,0.0,0.0,0.0,0.0,0.0,0.0,0.0,298,nan,nan,0,T_JUNCTION,51,1,1,0
71.97575497627258,0.0,0.0,0.0,0.0,0.0,0.0,0.0,298,nan,nan,0,T_JUNCTION,51,1,1,0
71.99577403068542,0.0,0.0,0.0,0.0,0.0,0.0,0.0,298,nan,nan,0,T_JUNCTION,51,1,1,0
72.01575565338135,0.0,0.0,0.0,0.0,0.0,0.0,0.0,298,nan,nan,0,T_JUNCTION,51,1,1,0
72.0357608795166,0.0,0.0,0.0,0.0,0.0,0.0,0.0,298,nan,nan,0,T_JUNCTION,51,1,1,0
72.05581712722778,0.0,0.0,0.0,0.0,0.0,0.0,0.0,298,nan,nan,0,T_JUNCTION,51,1,1,0
72.0757691860199,0.0,0.0,0.0,0.0,0.0,0.0,0.0,298,nan,nan,0,T_JUNCTION,51,1,1,0
72.09576320648193,0.0,0.0,0.0,0.0,0.0,0.0,0.0,298,nan,nan,0,T_JUNCTION,51,1,1,0
72.1157763004303,0.0,0.0,0.0,0.0,0.0,0.0,0.0,298,nan,nan,0,T_JUNCTION,51,1,1,0
72.13577270507812,0.0,0.0,0.0,0.0,0.0,0.0,0.0,298,nan,nan,0,T_JUNCTION,51,1,1,0
72.15580105781555,0.0,0.0,0.0,0.0,0.0,0.0,0.0,298,nan,nan,0,T_JUNCTION,51,1,1,0
72.17577528953552,0.0,0.0,0.0,0.0,0.0,0.0,0.0,298,nan,nan,0,T_JUNCTION,51,1,1,0
72.19578647613525,0.0,0.0,0.0,0.0,0.0,0.0,0.0,298,nan,nan,0,T_JUNCTION,51,1,1,0
72.21577286720276,0.0,0.0,0.0,0.0,0.0,0.0,0.0,298,nan,nan,0,T_JUNCTION,51,1,1,0
72.23576664924622,0.0,0.0,0.0,0.0,0.0,0.0,0.0,298,nan,nan,0,T_JUNCTION,51,1,1,0
72.2558057308197,0.0,0.0,0.0,0.0,0.0,0.0,0.0,298,nan,nan,0,T_JUNCTION,51,1,1,0
72.27575278282166,0.0,0.0,0.0,0.0,0.0,0.0,0.0,298,nan,nan,0,T_JUNCTION,51,1,1,0
72.29582357406616,0.0,0.0,0.0,0.0,0.0,0.0,0.0,298,nan,nan,0,T_JUNCTION,51,1,1,0
72.31578230857849,0.0,0.0,0.0,0.0,0.0,0.0,0.0,298,nan,nan,0,T_JUNCTION,51,1,1,0
72.33576941490173,0.0,0.0,0.0,0.0,0.0,0.0,0.0,298,nan,nan,0,T_JUNCTION,51,1,1,0
72.355792760849,0.0,0.0,0.0,0.0,0.0,0.0,0.0,298,nan,nan,0,T_JUNCTION,51,1,1,0
72.37577414512634,0.0,0.0,0.0,0.0,0.0,0.0,0.0,298,nan,nan,0,T_JUNCTION,51,1,1,0
72.39577269554138,0.0,0.0,0.0,0.0,0.0,0.0,0.0,298,nan,nan,0,T_JUNCTION,51,1,1,0
72.41577363014221,0.0,0.0,0.0,0.0,0.0,0.0,0.0,298,nan,nan,0,T_JUNCTION,51,1,1,0
72.43577909469604,0.0,0.0,0.0,0.0,0.0,0.0,0.0,298,nan,nan,0,T_JUNCTION,51,1,1,0
72.45581364631653,0.0,0.0,0.0,0.0,0.0,0.0,0.0,298,nan,nan,0,T_JUNCTION,51,1,1,0
72.47581720352173,0.0,0.0,0.0,0.0,0.0,0.0,0.0,298,nan,nan,0,T_JUNCTION,51,1,1,0
72.49577903747559,0.0,0.0,0.0,0.0,0.0,0.0,0.0,298,nan,nan,0,T_JUNCTION,51,1,1,0
72.51576638221741,0.0,0.0,0.0,0.0,0.0,0.0,0.0,298,nan,nan,0,T_JUNCTION,51,1,1,0
72.53577542304993,0.0,0.0,0.0,0.0,0.0,0.0,0.0,298,nan,nan,0,T_JUNCTION,51,1,1,0
72.55578708648682,0.0,0.0,0.0,0.0,0.0,0.0,0.0,298,nan,nan,0,T_JUNCTION,51,1,1,0
72.57577276229858,0.0,0.0,0.0,0.0,0.0,0.0,0.0,298,nan,nan,0,T_JUNCTION,51,1,1,0
72.59577178955078,0.0,0.0,0.0,0.0,0.0,0.0,0.0,298,nan,nan,0,T_JUNCTION,51,1,1,0
72.61577320098877,0.0,0.0,0.0,0.0,0.0,0.0,0.0,298,nan,nan,0,T_JUNCTION,51,1,1,0
72.63578844070435,0.0,0.0,0.0,0.0,0.0,0.0,0.0,298,nan,nan,0,T_JUNCTION,51,1,1,0
72.65583372116089,0.0,0.0,0.0,0.0,0.0,0.0,0.0,298,nan,nan,0,T_JUNCTION,51,1,1,0
72.67576241493225,0.0,0.0,0.0,0.0,0.0,0.0,0.0,298,nan,nan,0,T_JUNCTION,51,1,1,0
72.69576001167297,0.0,0.0,0.0,0.0,0.0,0.0,0.0,298,nan,nan,0,T_JUNCTION,51,1,1,0
72.71576380729675,0.0,0.0,0.0,0.0,0.0,0.0,0.0,298,nan,nan,0,T_JUNCTION,51,1,1,0
72.7357668876648,0.0,0.0,0.0,0.0,0.0,0.0,0.0,298,nan,nan,0,T_JUNCTION,51,1,1,0
72.75578427314758,0.0,0.0,0.0,0.0,0.0,0.0,0.0,298,nan,nan,0,T_JUNCTION,51,1,1,0
72.77576208114624,0.0,0.0,0.0,0.0,0.0,0.0,0.0,298,nan,nan,0,T_JUNCTION,51,1,1,0
72.79576396942139,0.0,0.0,0.0,0.0,0.0,0.0,0.0,298,nan,nan,0,T_JUNCTION,51,1,1,0
72.8157639503479,0.0,0.0,0.0,0.0,0.0,0.0,0.0,298,nan,nan,0,T_JUNCTION,51,1,1,0
72.83578395843506,0.0,0.0,0.0,0.0,0.0,0.0,0.0,298,nan,nan,0,T_JUNCTION,51,1,1,0
72.85581755638123,0.0,0.0,0.0,0.0,0.0,0.0,0.0,298,nan,nan,0,T_JUNCTION,51,1,1,0
72.87579083442688,0.0,0.0,0.0,0.0,0.0,0.0,0.0,298,nan,nan,0,T_JUNCTION,51,1,1,0
72.89575457572937,0.0,0.0,0.0,0.0,0.0,0.0,0.0,298,nan,nan,0,T_JUNCTION,51,1,1,0
72.91578578948975,0.0,0.0,0.0,0.0,0.0,0.0,0.0,298,nan,nan,0,T_JUNCTION,51,1,1,0
72.93576979637146,0.0,0.0,0.0,0.0,0.0,0.0,0.0,298,nan,nan,0,T_JUNCTION,51,1,1,0
72.95578694343567,0.0,0.0,0.0,0.0,0.0,0.0,0.0,298,nan,nan,0,T_JUNCTION,51,1,1,0
72.97578358650208,0.0,0.0,0.0,0.0,0.0,0.0,0.0,298,nan,nan,0,T_JUNCTION,51,1,1,0
72.99576616287231,0.0,0.0,0.0,0.0,0.0,0.0,0.0,298,nan,nan,0,T_JUNCTION,51,1,1,0
73.01576590538025,0.0,0.0,0.0,0.0,0.0,0.0,0.0,298,nan,nan,0,T_JUNCTION,51,1,1,0
73.03577828407288,0.0,0.0,0.0,0.0,0.0,0.0,0.0,298,nan,nan,0,T_JUNCTION,51,1,1,0
73.05583834648132,0.0,0.0,0.0,0.0,0.0,0.0,0.0,298,nan,nan,0,T_JUNCTION,51,1,1,0
73.07577276229858,0.0,0.0,0.0,0.0,0.0,0.0,0.0,298,nan,nan,0,T_JUNCTION,51,1,1,0
73.09577202796936,0.0,0.0,0.0,0.0,0.0,0.0,0.0,298,nan,nan,0,T_JUNCTION,51,1,1,0
73.11576080322266,0.0,0.0,0.0,0.0,0.0,0.0,0.0,298,nan,nan,0,T_JUNCTION,51,1,1,0
73.13576531410217,0.0,0.0,0.0,0.0,0.0,0.0,0.0,298,nan,nan,0,T_JUNCTION,51,1,1,0
73.15581798553467,0.0,0.0,0.0,0.0,0.0,0.0,0.0,298,nan,nan,0,T_JUNCTION,51,1,1,0
73.17575693130493,0.0,0.0,0.0,0.0,0.0,0.0,0.0,298,nan,nan,0,T_JUNCTION,51,1,1,0
73.19576382637024,0.0,0.0,0.0,0.0,0.0,0.0,0.0,298,nan,nan,0,T_JUNCTION,51,1,1,0
73.2157826423645,0.0,0.0,0.0,0.0,0.0,0.0,0.0,298,nan,nan,0,T_JUNCTION,51,1,1,0
73.23577213287354,0.0,0.0,0.0,0.0,0.0,0.0,0.0,298,nan,nan,0,T_JUNCTION,51,1,1,0
73.25582504272461,0.0,0.0,0.0,0.0,0.0,0.0,0.0,298,nan,nan,0,T_JUNCTION,51,1,1,0
73.2757637500763,0.0,0.0,0.0,0.0,0.0,0.0,0.0,298,nan,nan,0,T_JUNCTION,51,1,1,0
73.2958071231842,0.0,0.0,0.0,0.0,0.0,0.0,0.0,298,nan,nan,0,T_JUNCTION,51,1,1,0
73.31578850746155,0.0,0.0,0.0,0.0,0.0,0.0,0.0,298,nan,nan,0,T_JUNCTION,51,1,1,0
73.33576130867004,0.0,0.0,0.0,0.0,0.0,0.0,0.0,298,nan,nan,0,T_JUNCTION,51,1,1,0
73.35578298568726,0.0,0.0,0.0,0.0,0.0,0.0,0.0,298,nan,nan,0,T_JUNCTION,51,1,1,0
73.3758065700531,0.0,0.0,0.0,0.0,0.0,0.0,0.0,298,nan,nan,0,T_JUNCTION,51,1,1,0
73.3957691192627,0.0,0.0,0.0,0.0,0.0,0.0,0.0,298,nan,nan,0,T_JUNCTION,51,1,1,0
73.41577124595642,0.0,0.0,0.0,0.0,0.0,0.0,0.0,298,nan,nan,0,T_JUNCTION,51,1,1,0
73.43577527999878,0.0,0.0,0.0,0.0,0.0,0.0,0.0,298,nan,nan,0,T_JUNCTION,51,1,1,0
73.45580410957336,0.0,0.0,0.0,0.0,0.0,0.0,0.0,298,nan,nan,0,T_JUNCTION,51,1,1,0
73.47578597068787,0.0,0.0,0.0,0.0,0.0,0.0,0.0,298,nan,nan,0,T_JUNCTION,51,1,1,0
73.4957664012909,0.0,0.0,0.0,0.0,0.0,0.0,0.0,298,nan,nan,0,T_JUNCTION,51,1,1,0
73.51577138900757,0.0,0.0,0.0,0.0,0.0,0.0,0.0,298,nan,nan,0,T_JUNCTION,51,1,1,0
73.53582048416138,0.0,0.0,0.0,0.0,0.0,0.0,0.0,298,nan,nan,0,T_JUNCTION,51,1,1,0
73.55577898025513,0.0,0.0,0.0,0.0,0.0,0.0,0.0,298,nan,nan,0,T_JUNCTION,51,1,1,0
73.57572102546692,0.0,0.0,0.0,0.0,0.0,0.0,0.0,298,nan,nan,0,T_JUNCTION,51,1,1,0
73.5957190990448,0.0,0.0,0.0,0.0,0.0,0.0,0.0,298,nan,nan,0,T_JUNCTION,51,1,1,0
73.61576437950134,0.0,0.0,0.0,0.0,0.0,0.0,0.0,298,nan,nan,0,T_JUNCTION,51,1,1,0
73.63577365875244,0.0,0.0,0.0,0.0,0.0,0.0,0.0,298,nan,nan,0,T_JUNCTION,51,1,1,0
73.65583562850952,0.0,0.0,0.0,0.0,0.0,0.0,0.0,298,nan,nan,0,T_JUNCTION,51,1,1,0
73.67579650878906,0.0,0.0,0.0,0.0,0.0,0.0,0.0,298,nan,nan,0,T_JUNCTION,51,1,1,0
73.69576668739319,0.0,0.0,0.0,0.0,0.0,0.0,0.0,298,nan,nan,0,T_JUNCTION,51,1,1,0
73.71577453613281,0.0,0.0,0.0,0.0,0.0,0.0,0.0,298,nan,nan,0,T_JUNCTION,51,1,1,0
73.73577761650085,0.0,0.0,0.0,0.0,0.0,0.0,0.0,298,nan,nan,0,T_JUNCTION,51,1,1,0
73.75582671165466,0.0,0.0,0.0,0.0,0.0,0.0,0.0,298,nan,nan,0,T_JUNCTION,51,1,1,0
73.77576756477356,0.0,0.0,0.0,0.0,0.0,0.0,0.0,298,nan,nan,0,T_JUNCTION,51,1,1,0
73.7957694530487,0.0,0.0,0.0,0.0,0.0,0.0,0.0,298,nan,nan,0,T_JUNCTION,51,1,1,0
73.81577444076538,0.0,0.0,0.0,0.0,0.0,0.0,0.0,298,nan,nan,0,T_JUNCTION,51,1,1,0
73.83577036857605,0.0,0.0,0.0,0.0,0.0,0.0,0.0,298,nan,nan,0,T_JUNCTION,51,1,1,0
73.85582041740417,0.0,0.0,0.0,0.0,0.0,0.0,0.0,298,nan,nan,0,T_JUNCTION,51,1,1,0
73.8757803440094,0.0,0.0,0.0,0.0,0.0,0.0,0.0,298,nan,nan,0,T_JUNCTION,51,1,1,0
73.89577078819275,0.0,0.0,0.0,0.0,0.0,0.0,0.0,298,nan,nan,0,T_JUNCTION,51,1,1,0
73.91576528549194,0.0,0.0,0.0,0.0,0.0,0.0,0.0,298,nan,nan,0,T_JUNCTION,51,1,1,0
73.93577027320862,0.0,0.0,0.0,0.0,0.0,0.0,0.0,298,nan,nan,0,T_JUNCTION,51,1,1,0
73.95581579208374,0.0,0.0,0.0,0.0,0.0,0.0,0.0,298,nan,nan,0,T_JUNCTION,51,1,1,0
73.97577834129333,0.0,0.0,0.0,0.0,0.0,0.0,0.0,298,nan,nan,0,T_JUNCTION,51,1,1,0
73.99576544761658,0.0,0.0,0.0,0.0,0.0,0.0,0.0,298,nan,nan,0,T_JUNCTION,51,1,1,0
74.0157721042633,0.0,0.0,0.0,0.0,0.0,0.0,0.0,298,nan,nan,0,T_JUNCTION,51,1,1,0
74.03576993942261,0.0,0.0,0.0,0.0,0.0,0.0,0.0,298,nan,nan,0,T_JUNCTION,51,1,1,0
74.05581736564636,0.0,0.0,0.0,0.0,0.0,0.0,0.0,298,nan,nan,0,T_JUNCTION,51,1,1,0
74.07575678825378,0.0,0.0,0.0,0.0,0.0,0.0,0.0,298,nan,nan,0,T_JUNCTION,51,1,1,0
74.09576892852783,0.0,0.0,0.0,0.0,0.0,0.0,0.0,298,nan,nan,0,T_JUNCTION,51,1,1,0
74.11576461791992,0.0,0.0,0.0,0.0,0.0,0.0,0.0,298,nan,nan,0,T_JUNCTION,51,1,1,0
74.1357650756836,0.0,0.0,0.0,0.0,0.0,0.0,0.0,298,nan,nan,0,T_JUNCTION,51,1,1,0
74.15577459335327,0.0,0.0,0.0,0.0,0.0,0.0,0.0,298,nan,nan,0,T_JUNCTION,51,1,1,0
74.17576384544373,0.0,0.0,0.0,0.0,0.0,0.0,0.0,298,nan,nan,0,T_JUNCTION,51,1,1,0
74.19576239585876,0.0,0.0,0.0,0.0,0.0,0.0,0.0,298,nan,nan,0,T_JUNCTION,51,1,1,0
74.21576046943665,0.0,0.0,0.0,0.0,0.0,0.0,0.0,298,nan,nan,0,T_JUNCTION,51,1,1,0
74.23579263687134,0.0,0.0,0.0,0.0,0.0,0.0,0.0,298,nan,nan,0,T_JUNCTION,51,1,1,0
74.25579404830933,0.0,0.0,0.0,0.0,0.0,0.0,0.0,298,nan,nan,0,T_JUNCTION,51,1,1,0
74.27577757835388,0.0,0.0,0.0,0.0,0.0,0.0,0.0,298,nan,nan,0,T_JUNCTION,51,1,1,0
74.29576325416565,0.0,0.0,0.0,0.0,0.0,0.0,0.0,298,nan,nan,0,T_JUNCTION,51,1,1,0
74.31576037406921,0.0,0.0,0.0,0.0,0.0,0.0,0.0,298,nan,nan,0,T_JUNCTION,51,1,1,0
74.33577871322632,0.0,0.0,0.0,0.0,0.0,0.0,0.0,298,nan,nan,0,T_JUNCTION,51,1,1,0
74.35578918457031,0.0,0.0,0.0,0.0,0.0,0.0,0.0,298,nan,nan,0,T_JUNCTION,51,1,1,0
74.37578344345093,0.0,0.0,0.0,0.0,0.0,0.0,0.0,298,nan,nan,0,T_JUNCTION,51,1,1,0
74.3957884311676,0.0,0.0,0.0,0.0,0.0,0.0,0.0,298,nan,nan,0,T_JUNCTION,51,1,1,0
74.41576719284058,0.0,0.0,0.0,0.0,0.0,0.0,0.0,298,nan,nan,0,T_JUNCTION,51,1,1,0
74.43577527999878,0.0,0.0,0.0,0.0,0.0,0.0,0.0,298,nan,nan,0,T_JUNCTION,51,1,1,0
74.45578932762146,0.0,0.0,0.0,0.0,0.0,0.0,0.0,298,nan,nan,0,T_JUNCTION,51,1,1,0
74.47576427459717,0.0,0.0,0.0,0.0,0.0,0.0,0.0,298,nan,nan,0,T_JUNCTION,51,1,1,0
74.49576687812805,0.0,0.0,0.0,0.0,0.0,0.0,0.0,298,nan,nan,0,T_JUNCTION,51,1,1,0
74.51578164100647,0.0,0.0,0.0,0.0,0.0,0.0,0.0,298,nan,nan,0,T_JUNCTION,51,1,1,0
74.53577494621277,0.0,0.0,0.0,0.0,0.0,0.0,0.0,298,nan,nan,0,T_JUNCTION,51,1,1,0
74.55579161643982,0.0,0.0,0.0,0.0,0.0,0.0,0.0,298,nan,nan,0,T_JUNCTION,51,1,1,0
74.57577443122864,0.0,0.0,0.0,0.0,0.0,0.0,0.0,298,nan,nan,0,T_JUNCTION,51,1,1,0
74.59575986862183,0.0,0.0,0.0,0.0,0.0,0.0,0.0,298,nan,nan,0,T_JUNCTION,51,1,1,0
74.61577367782593,0.0,0.0,0.0,0.0,0.0,0.0,0.0,298,nan,nan,0,T_JUNCTION,51,1,1,0
74.63577938079834,0.0,0.0,0.0,0.0,0.0,0.0,0.0,298,nan,nan,0,T_JUNCTION,51,1,1,0
74.6557867527008,0.0,0.0,0.0,0.0,0.0,0.0,0.0,298,nan,nan,0,T_JUNCTION,51,1,1,0
74.67579817771912,0.0,0.0,0.0,0.0,0.0,0.0,0.0,298,nan,nan,0,T_JUNCTION,51,1,1,0
74.69576597213745,0.0,0.0,0.0,0.0,0.0,0.0,0.0,298,nan,nan,0,T_JUNCTION,51,1,1,0
74.71577715873718,0.0,0.0,0.0,0.0,0.0,0.0,0.0,298,nan,nan,0,T_JUNCTION,51,1,1,0
74.7357714176178,0.0,0.0,0.0,0.0,0.0,0.0,0.0,298,nan,nan,0,T_JUNCTION,51,1,1,0
74.75576114654541,0.0,0.0,0.0,0.0,0.0,0.0,0.0,298,nan,nan,0,T_JUNCTION,51,1,1,0
74.77575349807739,0.0,0.0,0.0,0.0,0.0,0.0,0.0,298,nan,nan,0,T_JUNCTION,51,1,1,0
74.79576396942139,0.0,0.0,0.0,0.0,0.0,0.0,0.0,298,nan,nan,0,T_JUNCTION,51,1,1,0
74.81575584411621,0.0,0.0,0.0,0.0,0.0,0.0,0.0,298,nan,nan,0,T_JUNCTION,51,1,1,0
74.83579277992249,0.0,0.0,0.0,0.0,0.0,0.0,0.0,298,nan,nan,0,T_JUNCTION,51,1,1,0
74.85579824447632,0.0,0.0,0.0,0.0,0.0,0.0,0.0,298,nan,nan,0,T_JUNCTION,51,1,1,0
74.87580275535583,0.0,0.0,0.0,0.0,0.0,0.0,0.0,298,nan,nan,0,T_JUNCTION,51,1,1,0
74.8957691192627,0.0,0.0,0.0,0.0,0.0,0.0,0.0,298,nan,nan,0,T_JUNCTION,51,1,1,0
74.91576385498047,0.0,0.0,0.0,0.0,0.0,0.0,0.0,298,nan,nan,0,T_JUNCTION,51,1,1,0
74.93577647209167,0.0,0.0,0.0,0.0,0.0,0.0,0.0,298,nan,nan,0,T_JUNCTION,51,1,1,0
74.95576667785645,0.0,0.0,0.0,0.0,0.0,0.0,0.0,298,nan,nan,0,T_JUNCTION,51,1,1,0
74.97576546669006,0.0,0.0,0.0,0.0,0.0,0.0,0.0,298,nan,nan,0,T_JUNCTION,51,1,1,0
74.99576830863953,0.0,0.0,0.0,0.0,0.0,0.0,0.0,298,nan,nan,0,T_JUNCTION,51,1,1,0
75.01580119132996,0.0,0.0,0.0,0.0,0.0,0.0,0.0,298,nan,nan,0,T_JUNCTION,51,1,1,0
75.03577256202698,0.0,0.0,0.0,0.0,0.0,0.0,0.0,298,nan,nan,0,T_JUNCTION,51,1,1,0
75.0557758808136,0.0,0.0,0.0,0.0,0.0,0.0,0.0,298,nan,nan,0,T_JUNCTION,51,1,1,0
75.0757668018341,0.0,0.0,0.0,0.0,0.0,0.0,0.0,298,nan,nan,0,T_JUNCTION,51,1,1,0
75.09576678276062,0.0,0.0,0.0,0.0,0.0,0.0,0.0,298,nan,nan,0,T_JUNCTION,51,1,1,0
75.1157660484314,0.0,0.0,0.0,0.0,0.0,0.0,0.0,298,nan,nan,0,T_JUNCTION,51,1,1,0
75.13575434684753,0.0,0.0,0.0,0.0,0.0,0.0,0.0,298,nan,nan,0,T_JUNCTION,51,1,1,0
75.15577983856201,0.0,0.0,0.0,0.0,0.0,0.0,0.0,298,nan,nan,0,T_JUNCTION,51,1,1,0
75.17577743530273,0.0,0.0,0.0,0.0,0.0,0.0,0.0,298,nan,nan,0,T_JUNCTION,51,1,1,0
75.19576954841614,0.0,0.0,0.0,0.0,0.0,0.0,0.0,298,nan,nan,0,T_JUNCTION,51,1,1,0
75.2157666683197,0.0,0.0,0.0,0.0,0.0,0.0,0.0,298,nan,nan,0,T_JUNCTION,51,1,1,0
75.23577451705933,0.0,0.0,0.0,0.0,0.0,0.0,0.0,298,nan,nan,0,T_JUNCTION,51,1,1,0
75.2558023929596,0.0,0.0,0.0,0.0,0.0,0.0,0.0,298,nan,nan,0,T_JUNCTION,51,1,1,0
75.27578806877136,0.0,0.0,0.0,0.0,0.0,0.0,0.0,298,nan,nan,0,T_JUNCTION,51,1,1,0
75.29581141471863,0.0,0.0,0.0,0.0,0.0,0.0,0.0,298,nan,nan,0,T_JUNCTION,51,1,1,0
75.31575536727905,0.0,0.0,0.0,0.0,0.0,0.0,0.0,298,nan,nan,0,T_JUNCTION,51,1,1,0
75.33576965332031,0.0,0.0,0.0,0.0,0.0,0.0,0.0,298,nan,nan,0,T_JUNCTION,51,1,1,0
75.35578346252441,0.0,0.0,0.0,0.0,0.0,0.0,0.0,298,nan,nan,0,T_JUNCTION,51,1,1,0
75.37578463554382,0.0,0.0,0.0,0.0,0.0,0.0,0.0,298,nan,nan,0,T_JUNCTION,51,1,1,0
75.39576745033264,0.0,0.0,0.0,0.0,0.0,0.0,0.0,298,nan,nan,0,T_JUNCTION,51,1,1,0
75.4157645702362,0.0,0.0,0.0,0.0,0.0,0.0,0.0,298,nan,nan,0,T_JUNCTION,51,1,1,0
75.43577408790588,0.0,0.0,0.0,0.0,0.0,0.0,0.0,298,nan,nan,0,T_JUNCTION,51,1,1,0
75.45582675933838,0.0,0.0,0.0,0.0,0.0,0.0,0.0,298,nan,nan,0,T_JUNCTION,51,1,1,0
75.47580909729004,0.0,0.0,0.0,0.0,0.0,0.0,0.0,298,nan,nan,0,T_JUNCTION,51,1,1,0
75.49577736854553,0.0,0.0,0.0,0.0,0.0,0.0,0.0,298,nan,nan,0,T_JUNCTION,51,1,1,0
75.51579117774963,0.0,0.0,0.0,0.0,0.0,0.0,0.0,298,nan,nan,0,T_JUNCTION,51,1,1,0
75.53577327728271,0.0,0.0,0.0,0.0,0.0,0.0,0.0,298,nan,nan,0,T_JUNCTION,51,1,1,0
75.55579900741577,0.0,0.0,0.0,0.0,0.0,0.0,0.0,298,nan,nan,0,T_JUNCTION,51,1,1,0
75.57575964927673,0.0,0.0,0.0,0.0,0.0,0.0,0.0,298,nan,nan,0,T_JUNCTION,51,1,1,0
75.59575629234314,0.0,0.0,0.0,0.0,0.0,0.0,0.0,298,nan,nan,0,T_JUNCTION,51,1,1,0
75.61576342582703,0.0,0.0,0.0,0.0,0.0,0.0,0.0,298,nan,nan,0,T_JUNCTION,51,1,1,0
75.63578224182129,0.0,0.0,0.0,0.0,0.0,0.0,0.0,298,nan,nan,0,T_JUNCTION,51,1,1,0
75.65585398674011,0.0,0.0,0.0,0.0,0.0,0.0,0.0,298,nan,nan,0,T_JUNCTION,51,1,1,0
75.67578029632568,0.0,0.0,0.0,0.0,0.0,0.0,0.0,298,nan,nan,0,T_JUNCTION,51,1,1,0
75.69577121734619,0.0,0.0,0.0,0.0,0.0,0.0,0.0,298,nan,nan,0,T_JUNCTION,51,1,1,0
75.71577048301697,0.0,0.0,0.0,0.0,0.0,0.0,0.0,298,nan,nan,0,T_JUNCTION,51,1,1,0
75.73579120635986,0.0,0.0,0.0,0.0,0.0,0.0,0.0,298,nan,nan,0,T_JUNCTION,51,1,1,0
75.7558045387268,0.0,0.0,0.0,0.0,0.0,0.0,0.0,298,nan,nan,0,T_JUNCTION,51,1,1,0
75.77577996253967,0.0,0.0,0.0,0.0,0.0,0.0,0.0,298,nan,nan,0,T_JUNCTION,51,1,1,0
75.79575681686401,0.0,0.0,0.0,0.0,0.0,0.0,0.0,298,nan,nan,0,T_JUNCTION,51,1,1,0
75.81576418876648,0.0,0.0,0.0,0.0,0.0,0.0,0.0,298,nan,nan,0,T_JUNCTION,51,1,1,0
75.83576679229736,0.0,0.0,0.0,0.0,0.0,0.0,0.0,298,nan,nan,0,T_JUNCTION,51,1,1,0
75.855792760849,0.0,0.0,0.0,0.0,0.0,0.0,0.0,298,nan,nan,0,T_JUNCTION,51,1,1,0
75.87575554847717,0.0,0.0,0.0,0.0,0.0,0.0,0.0,298,nan,nan,0,T_JUNCTION,51,1,1,0
75.89576554298401,0.0,0.0,0.0,0.0,0.0,0.0,0.0,298,nan,nan,0,T_JUNCTION,51,1,1,0
75.9157943725586,0.0,0.0,0.0,0.0,0.0,0.0,0.0,298,nan,nan,0,T_JUNCTION,51,1,1,0
75.93577218055725,0.0,0.0,0.0,0.0,0.0,0.0,0.0,298,nan,nan,0,T_JUNCTION,51,1,1,0
75.95580983161926,0.0,0.0,0.0,0.0,0.0,0.0,0.0,298,nan,nan,0,T_JUNCTION,51,1,1,0
75.97576475143433,0.0,0.0,0.0,0.0,0.0,0.0,0.0,298,nan,nan,0,T_JUNCTION,51,1,1,0
75.99576807022095,0.0,0.0,0.0,0.0,0.0,0.0,0.0,298,nan,nan,0,T_JUNCTION,51,1,1,0
76.01576161384583,0.0,0.0,0.0,0.0,0.0,0.0,0.0,298,nan,nan,0,T_JUNCTION,51,1,1,0
76.03578114509583,0.0,0.0,0.0,0.0,0.0,0.0,0.0,298,nan,nan,0,T_JUNCTION,51,1,1,0
76.05581283569336,0.0,0.0,0.0,0.0,0.0,0.0,0.0,298,nan,nan,0,T_JUNCTION,51,1,1,0
76.07576441764832,0.0,0.0,0.0,0.0,0.0,0.0,0.0,298,nan,nan,0,T_JUNCTION,51,1,1,0
76.09577178955078,0.0,0.0,0.0,0.0,0.0,0.0,0.0,298,nan,nan,0,T_JUNCTION,51,1,1,0
76.11576318740845,0.0,0.0,0.0,0.0,0.0,0.0,0.0,298,nan,nan,0,T_JUNCTION,51,1,1,0
76.13576436042786,0.0,0.0,0.0,0.0,0.0,0.0,0.0,298,nan,nan,0,T_JUNCTION,51,1,1,0
76.15578985214233,0.0,0.0,0.0,0.0,0.0,0.0,0.0,298,nan,nan,0,T_JUNCTION,51,1,1,0
76.17576861381531,0.0,0.0,0.0,0.0,0.0,0.0,0.0,298,nan,nan,0,T_JUNCTION,51,1,1,0
76.1957631111145,0.0,0.0,0.0,0.0,0.0,0.0,0.0,298,nan,nan,0,T_JUNCTION,51,1,1,0
76.2157723903656,0.0,0.0,0.0,0.0,0.0,0.0,0.0,298,nan,nan,0,T_JUNCTION,51,1,1,0
76.23578262329102,0.0,0.0,0.0,0.0,0.0,0.0,0.0,298,nan,nan,0,T_JUNCTION,51,1,1,0
76.25578665733337,0.0,0.0,0.0,0.0,0.0,0.0,0.0,298,nan,nan,0,T_JUNCTION,51,1,1,0
76.27576923370361,0.0,0.0,0.0,0.0,0.0,0.0,0.0,298,nan,nan,0,T_JUNCTION,51,1,1,0
76.29579472541809,0.0,0.0,0.0,0.0,0.0,0.0,0.0,298,nan,nan,0,T_JUNCTION,51,1,1,0
76.31578493118286,0.0,0.0,0.0,0.0,0.0,0.0,0.0,298,nan,nan,0,T_JUNCTION,51,1,1,0
76.3357663154602,0.0,0.0,0.0,0.0,0.0,0.0,0.0,298,nan,nan,0,T_JUNCTION,51,1,1,0
76.355783700943,0.0,0.0,0.0,0.0,0.0,0.0,0.0,298,nan,nan,0,T_JUNCTION,51,1,1,0
76.37576699256897,0.0,0.0,0.0,0.0,0.0,0.0,0.0,298,nan,nan,0,T_JUNCTION,51,1,1,0
76.39576506614685,0.0,0.0,0.0,0.0,0.0,0.0,0.0,298,nan,nan,0,T_JUNCTION,51,1,1,0
76.41576528549194,0.0,0.0,0.0,0.0,0.0,0.0,0.0,298,nan,nan,0,T_JUNCTION,51,1,1,0
76.43576407432556,0.0,0.0,0.0,0.0,0.0,0.0,0.0,298,nan,nan,0,T_JUNCTION,51,1,1,0
76.45577239990234,0.0,0.0,0.0,0.0,0.0,0.0,0.0,298,nan,nan,0,T_JUNCTION,51,1,1,0
76.4757649898529,0.0,0.0,0.0,0.0,0.0,0.0,0.0,298,nan,nan,0,T_JUNCTION,51,1,1,0
76.495765209198,0.0,0.0,0.0,0.0,0.0,0.0,0.0,298,nan,nan,0,T_JUNCTION,51,1,1,0
76.5157618522644,0.0,0.0,0.0,0.0,0.0,0.0,0.0,298,nan,nan,0,T_JUNCTION,51,1,1,0
76.53580808639526,0.0,0.0,0.0,0.0,0.0,0.0,0.0,298,nan,nan,0,T_JUNCTION,51,1,1,0
76.55576610565186,0.0,0.0,0.0,0.0,0.0,0.0,0.0,298,nan,nan,0,T_JUNCTION,51,1,1,0
76.5757908821106,0.0,0.0,0.0,0.0,0.0,0.0,0.0,298,nan,nan,0,T_JUNCTION,51,1,1,0
76.59577250480652,0.0,0.0,0.0,0.0,0.0,0.0,0.0,298,nan,nan,0,T_JUNCTION,51,1,1,0
76.6157820224762,0.0,0.0,0.0,0.0,0.0,0.0,0.0,298,nan,nan,0,T_JUNCTION,51,1,1,0
76.63577198982239,0.0,0.0,0.0,0.0,0.0,0.0,0.0,298,nan,nan,0,T_JUNCTION,51,1,1,0
76.65581750869751,0.0,0.0,0.0,0.0,0.0,0.0,0.0,298,nan,nan,0,T_JUNCTION,51,1,1,0
76.67578291893005,0.0,0.0,0.0,0.0,0.0,0.0,0.0,298,nan,nan,0,T_JUNCTION,51,1,1,0
76.6957643032074,0.0,0.0,0.0,0.0,0.0,0.0,0.0,298,nan,nan,0,T_JUNCTION,51,1,1,0
76.71577048301697,0.0,0.0,0.0,0.0,0.0,0.0,0.0,298,nan,nan,0,T_JUNCTION,51,1,1,0
76.73577165603638,0.0,0.0,0.0,0.0,0.0,0.0,0.0,298,nan,nan,0,T_JUNCTION,51,1,1,0
76.75583100318909,0.0,0.0,0.0,0.0,0.0,0.0,0.0,298,nan,nan,0,T_JUNCTION,51,1,1,0
76.7757773399353,0.0,0.0,0.0,0.0,0.0,0.0,0.0,298,nan,nan,0,T_JUNCTION,51,1,1,0
76.79577255249023,0.0,0.0,0.0,0.0,0.0,0.0,0.0,298,nan,nan,0,T_JUNCTION,51,1,1,0
76.81577253341675,0.0,0.0,0.0,0.0,0.0,0.0,0.0,298,nan,nan,0,T_JUNCTION,51,1,1,0
76.83578038215637,0.0,0.0,0.0,0.0,0.0,0.0,0.0,298,nan,nan,0,T_JUNCTION,51,1,1,0
76.85578775405884,0.0,0.0,0.0,0.0,0.0,0.0,0.0,298,nan,nan,0,T_JUNCTION,51,1,1,0
76.87576794624329,0.0,0.0,0.0,0.0,0.0,0.0,0.0,298,nan,nan,0,T_JUNCTION,51,1,1,0
76.8957691192627,0.0,0.0,0.0,0.0,0.0,0.0,0.0,298,nan,nan,0,T_JUNCTION,51,1,1,0
76.91576671600342,0.0,0.0,0.0,0.0,0.0,0.0,0.0,298,nan,nan,0,T_JUNCTION,51,1,1,0
76.93576264381409,0.0,0.0,0.0,0.0,0.0,0.0,0.0,298,nan,nan,0,T_JUNCTION,51,1,1,0
76.95579218864441,0.0,0.0,0.0,0.0,0.0,0.0,0.0,298,nan,nan,0,T_JUNCTION,51,1,1,0
76.97575783729553,0.0,0.0,0.0,0.0,0.0,0.0,0.0,298,nan,nan,0,T_JUNCTION,51,1,1,0
76.99576663970947,0.0,0.0,0.0,0.0,0.0,0.0,0.0,298,nan,nan,0,T_JUNCTION,51,1,1,0
77.01577568054199,0.0,0.0,0.0,0.0,0.0,0.0,0.0,297,nan,nan,0,T_JUNCTION,51,1,1,0
77.03577089309692,0.0,0.0,0.0,0.0,0.0,0.0,0.0,297,nan,nan,0,T_JUNCTION,51,1,1,0
77.05581593513489,0.0,0.0,0.0,0.0,0.0,0.0,0.0,297,nan,nan,0,T_JUNCTION,51,1,1,0
77.07579684257507,0.0,0.0,0.0,0.0,0.0,0.0,0.0,297,nan,nan,0,T_JUNCTION,51,1,1,0
77.09576511383057,0.0,0.0,0.0,0.0,0.0,0.0,0.0,297,nan,nan,0,T_JUNCTION,51,1,1,0
77.1157717704773,0.0,0.0,0.0,0.0,0.0,0.0,0.0,297,nan,nan,0,T_JUNCTION,51,1,1,0
77.13577818870544,0.0,0.0,0.0,0.0,0.0,0.0,0.0,297,nan,nan,0,T_JUNCTION,51,1,1,0
77.15580201148987,0.0,0.0,0.0,0.0,0.0,0.0,0.0,297,nan,nan,0,T_JUNCTION,51,1,1,0
77.17577052116394,0.0,0.0,0.0,0.0,0.0,0.0,0.0,297,nan,nan,0,T_JUNCTION,51,1,1,0
77.19576382637024,0.0,0.0,0.0,0.0,0.0,0.0,0.0,297,nan,nan,0,T_JUNCTION,51,1,1,0
77.21577286720276,0.0,0.0,0.0,0.0,0.0,0.0,0.0,296,nan,nan,0,T_JUNCTION,51,1,1,0
77.23577117919922,0.0,0.0,0.0,0.0,0.0,0.0,0.0,296,nan,nan,0,T_JUNCTION,51,1,1,0
77.2558171749115,0.0,0.0,0.0,0.0,0.0,0.0,0.0,296,nan,nan,0,T_JUNCTION,51,1,1,0
77.27577757835388,0.0,0.0,0.0,0.0,0.0,0.0,0.0,296,nan,nan,0,T_JUNCTION,51,1,1,0
77.29577350616455,0.0,0.0,0.0,0.0,0.0,0.0,0.0,296,nan,nan,0,T_JUNCTION,51,1,1,0
77.31577467918396,0.0,0.0,0.0,0.0,0.0,0.0,0.0,294,nan,nan,0,T_JUNCTION,51,1,1,0
77.33577561378479,0.0,0.0,0.0,0.0,0.0,0.0,0.0,294,nan,nan,0,T_JUNCTION,51,1,1,0
77.35580348968506,0.0,0.0,0.0,0.0,0.0,0.0,0.0,294,nan,nan,0,T_JUNCTION,51,1,1,0
77.37578463554382,0.0,0.0,0.0,0.0,0.0,0.0,0.0,294,nan,nan,0,T_JUNCTION,51,1,1,0
77.39577388763428,0.0,0.0,0.0,0.0,0.0,0.0,0.0,294,nan,nan,0,T_JUNCTION,51,1,1,0
77.41576480865479,0.0,0.0,0.0,0.0,0.0,0.0,0.0,287,nan,nan,0,T_JUNCTION,51,1,1,0
77.43576335906982,0.0,0.0,0.0,0.0,0.0,0.0,0.0,287,nan,nan,0,T_JUNCTION,51,1,1,0
77.45584082603455,0.0,0.0,0.0,0.0,0.0,0.0,0.0,287,nan,nan,0,T_JUNCTION,51,1,1,0
77.47576785087585,0.0,0.0,0.0,0.0,0.0,0.0,0.0,287,nan,nan,0,T_JUNCTION,51,1,1,0
77.49576759338379,0.0,0.0,0.0,0.0,0.0,0.0,0.0,287,nan,nan,0,T_JUNCTION,51,1,1,0
77.51578187942505,0.0,0.0,0.0,0.0,0.0,0.0,0.0,274,nan,nan,0,T_JUNCTION,51,1,1,0
77.53575992584229,0.0,0.0,0.0,0.0,0.0,0.0,0.0,274,nan,nan,0,T_JUNCTION,51,1,1,0
77.55579018592834,0.0,0.0,0.0,0.0,0.0,0.0,0.0,274,nan,nan,0,T_JUNCTION,51,1,1,0
77.57576823234558,0.0,0.0,0.0,0.0,0.0,0.0,0.0,274,nan,nan,0,T_JUNCTION,51,1,1,0
77.5957670211792,0.0,0.0,0.0,0.0,0.0,0.0,0.0,274,nan,nan,0,T_JUNCTION,51,1,1,0
77.61576104164124,0.0,0.0,0.0,0.0,0.0,0.0,0.0,259,nan,nan,0,T_JUNCTION,51,1,1,0
77.63578176498413,0.0,0.0,0.0,0.0,0.0,0.0,0.0,259,nan,nan,0,T_JUNCTION,51,1,1,0
77.65581274032593,0.0,0.0,0.0,0.0,0.0,0.0,0.0,259,nan,nan,0,T_JUNCTION,51,1,1,0
77.67580389976501,0.0,0.0,0.0,0.0,0.0,0.0,0.0,259,nan,nan,0,T_JUNCTION,51,1,1,0
77.69577312469482,0.0,0.0,0.0,0.0,0.0,0.0,0.0,259,nan,nan,0,T_JUNCTION,51,1,1,0
77.71575713157654,0.0,0.0,0.0,0.0,0.0,0.0,0.0,243,nan,nan,0,T_JUNCTION,51,1,1,0
77.73575711250305,0.0,0.0,0.0,0.0,0.0,0.0,0.0,243,nan,nan,0,T_JUNCTION,51,1,1,0
77.75579118728638,0.0,0.0,0.0,0.0,0.0,0.0,0.0,243,nan,nan,0,T_JUNCTION,51,1,1,0
77.77577042579651,0.0,0.0,0.0,0.0,0.0,0.0,0.0,243,nan,nan,0,T_JUNCTION,51,1,1,0
77.79577088356018,0.0,0.0,0.0,0.0,0.0,0.0,0.0,243,nan,nan,0,T_JUNCTION,51,1,1,0
77.815762758255,0.0,0.0,0.0,0.0,0.0,0.0,0.0,226,nan,nan,0,T_JUNCTION,51,1,1,0
77.83576726913452,0.0,0.0,0.0,0.0,0.0,0.0,0.0,226,nan,nan,0,T_JUNCTION,51,1,1,0
77.8558132648468,0.0,0.0,0.0,0.0,0.0,0.0,0.0,226,nan,nan,0,T_JUNCTION,51,1,1,0
77.8757803440094,0.0,0.0,0.0,0.0,0.0,0.0,0.0,226,nan,nan,0,T_JUNCTION,51,1,1,0
77.89577341079712,0.0,0.0,0.0,0.0,0.0,0.0,0.0,226,nan,nan,0,T_JUNCTION,51,1,1,0
77.91576194763184,0.0,0.0,0.0,0.0,0.0,0.0,0.0,207,nan,nan,0,T_JUNCTION,51,1,1,0
77.9357750415802,0.0,0.0,0.0,0.0,0.0,0.0,0.0,207,nan,nan,0,T_JUNCTION,51,1,1,0
77.95578980445862,0.0,0.0,0.0,0.0,0.0,0.0,0.0,207,nan,nan,0,T_JUNCTION,51,1,1,0
77.97576069831848,0.0,0.0,0.0,0.0,0.0,0.0,0.0,207,nan,nan,0,T_JUNCTION,51,1,1,0
77.99576759338379,0.0,0.0,0.0,0.0,0.0,0.0,0.0,207,nan,nan,0,T_JUNCTION,51,1,1,0
78.01578164100647,0.0,0.0,0.0,0.0,0.0,0.0,0.0,190,nan,nan,0,T_JUNCTION,51,1,1,0
78.03576946258545,0.0,0.0,0.0,0.0,0.0,0.0,0.0,190,nan,nan,0,T_JUNCTION,51,1,1,0
78.05582427978516,0.0,0.0,0.0,0.0,0.0,0.0,0.0,190,nan,nan,0,T_JUNCTION,51,1,1,0
78.07577085494995,0.0,0.0,0.0,0.0,0.0,0.0,0.0,190,nan,nan,0,T_JUNCTION,51,1,1,0
78.0957703590393,0.0,0.0,0.0,0.0,0.0,0.0,0.0,190,nan,nan,0,T_JUNCTION,51,1,1,0
78.11578249931335,0.0,0.0,0.0,0.0,0.0,0.0,0.0,176,nan,nan,0,T_JUNCTION,51,1,1,0
78.13577437400818,0.0,0.0,0.0,0.0,0.0,0.0,0.0,176,nan,nan,0,T_JUNCTION,51,1,1,0
78.1557891368866,0.0,0.0,0.0,0.0,0.0,0.0,0.0,176,nan,nan,0,T_JUNCTION,51,1,1,0
78.17576479911804,0.0,0.0,0.0,0.0,0.0,0.0,0.0,176,nan,nan,0,T_JUNCTION,51,1,1,0
78.19577074050903,0.0,0.0,0.0,0.0,0.0,0.0,0.0,176,nan,nan,0,T_JUNCTION,51,1,1,0
78.2157826423645,0.0,0.0,0.0,0.0,0.0,0.0,0.0,165,nan,nan,0,T_JUNCTION,51,1,1,0
78.23577070236206,0.0,0.0,0.0,0.0,0.0,0.0,0.0,165,nan,nan,0,T_JUNCTION,51,1,1,0
78.25580930709839,0.0,0.0,0.0,0.0,0.0,0.0,0.0,165,nan,nan,0,T_JUNCTION,51,1,1,0
78.27579164505005,0.0,0.0,0.0,0.0,0.0,0.0,0.0,165,nan,nan,0,T_JUNCTION,51,1,1,0
78.29580545425415,0.0,0.0,0.0,0.0,0.0,0.0,0.0,165,nan,nan,0,T_JUNCTION,51,1,1,0
78.31576871871948,0.0,0.0,0.0,0.0,0.0,0.0,0.0,154,nan,nan,0,T_JUNCTION,51,1,1,0
78.33578038215637,0.0,0.0,0.0,0.0,0.0,0.0,0.0,154,nan,nan,0,T_JUNCTION,51,1,1,0
78.35577845573425,0.0,0.0,0.0,0.0,0.0,0.0,0.0,154,nan,nan,0,T_JUNCTION,51,1,1,0
78.37577986717224,0.0,0.0,0.0,0.0,0.0,0.0,0.0,154,nan,nan,0,T_JUNCTION,51,1,1,0
78.39576959609985,0.0,0.0,0.0,0.0,0.0,0.0,0.0,154,nan,nan,0,T_JUNCTION,51,1,1,0
78.41576647758484,0.0,0.0,0.0,0.0,0.0,0.0,0.0,143,nan,nan,0,T_JUNCTION,51,1,1,0
78.43576169013977,0.0,0.0,0.0,0.0,0.0,0.0,0.0,143,nan,nan,0,T_JUNCTION,51,1,1,0
78.45582032203674,0.0,0.0,0.0,0.0,0.0,0.0,0.0,143,nan,nan,0,T_JUNCTION,51,1,1,0
78.47583842277527,0.0,0.0,0.0,0.0,0.0,0.0,0.0,143,nan,nan,0,T_JUNCTION,51,1,1,0
78.49577069282532,0.0,0.0,0.0,0.0,0.0,0.0,0.0,143,nan,nan,0,T_JUNCTION,51,1,1,0
78.51576375961304,0.0,0.0,0.0,0.0,0.0,0.0,0.0,133,nan,nan,0,T_JUNCTION,51,1,1,0
78.53576564788818,0.0,0.0,0.0,0.0,0.0,0.0,0.0,133,nan,nan,0,T_JUNCTION,51,1,1,0
78.55577945709229,0.0,0.0,0.0,0.0,0.0,0.0,0.0,133,nan,nan,0,T_JUNCTION,51,1,1,0
78.57579398155212,0.0,0.0,0.0,0.0,0.0,0.0,0.0,133,nan,nan,0,T_JUNCTION,51,1,1,0
78.59576749801636,0.0,0.0,0.0,0.0,0.0,0.0,0.0,133,nan,nan,0,T_JUNCTION,51,1,1,0
78.61578369140625,0.0,0.0,0.0,0.0,0.0,0.0,0.0,130,nan,nan,0,T_JUNCTION,51,1,1,0
78.63578152656555,0.0,0.0,0.0,0.0,0.0,0.0,0.0,130,nan,nan,0,T_JUNCTION,51,1,1,0
78.65595531463623,0.0,0.0,0.0,0.0,0.0,0.0,0.0,130,nan,nan,0,T_JUNCTION,51,1,1,0
78.67578983306885,0.0,0.0,0.0,0.0,0.0,0.0,0.0,130,nan,nan,0,T_JUNCTION,51,1,1,0
78.69577431678772,0.0,0.0,0.0,0.0,0.0,0.0,0.0,130,nan,nan,0,T_JUNCTION,51,1,1,0
78.7157940864563,0.0,0.0,0.0,0.0,0.0,0.0,0.0,131,nan,nan,0,T_JUNCTION,51,1,1,0
78.73577427864075,0.0,0.0,0.0,0.0,0.0,0.0,0.0,131,nan,nan,0,T_JUNCTION,51,1,1,0
78.75578141212463,0.0,0.0,0.0,0.0,0.0,0.0,0.0,131,nan,nan,0,T_JUNCTION,51,1,1,0
78.77576637268066,0.0,0.0,0.0,0.0,0.0,0.0,0.0,131,nan,nan,0,T_JUNCTION,51,1,1,0
78.79576706886292,0.0,0.0,0.0,0.0,0.0,0.0,0.0,131,nan,nan,0,T_JUNCTION,51,1,1,0
78.81578516960144,0.0,0.0,0.0,0.0,0.0,0.0,0.0,131,nan,nan,0,T_JUNCTION,51,1,1,0
78.83576488494873,0.0,0.0,0.0,0.0,0.0,0.0,0.0,131,nan,nan,0,T_JUNCTION,51,1,1,0
78.85577869415283,0.0,0.0,0.0,0.0,0.0,0.0,0.0,131,nan,nan,0,T_JUNCTION,51,1,1,0
78.87579321861267,0.0,0.0,0.0,0.0,0.0,0.0,0.0,131,nan,nan,0,T_JUNCTION,51,1,1,0
78.89575791358948,0.0,0.0,0.0,0.0,0.0,0.0,0.0,131,nan,nan,0,T_JUNCTION,51,1,1,0
78.91576719284058,0.0,0.0,0.0,0.0,0.0,0.0,0.0,131,nan,nan,0,T_JUNCTION,51,1,1,0
78.93576192855835,0.0,0.0,0.0,0.0,0.0,0.0,0.0,131,nan,nan,0,T_JUNCTION,51,1,1,0
78.95577144622803,0.0,0.0,0.0,0.0,0.0,0.0,0.0,131,nan,nan,0,T_JUNCTION,51,1,1,0
78.97576689720154,0.0,0.0,0.0,0.0,0.0,0.0,0.0,131,nan,nan,0,T_JUNCTION,51,1,1,0
78.9957628250122,0.0,0.0,0.0,0.0,0.0,0.0,0.0,131,nan,nan,0,T_JUNCTION,51,1,1,0
79.01576399803162,0.0,0.0,0.0,0.0,0.0,0.0,0.0,131,nan,nan,0,T_JUNCTION,51,1,1,0
79.03578615188599,0.0,0.0,0.0,0.0,0.0,0.0,0.0,131,nan,nan,0,T_JUNCTION,51,1,1,0
79.05579590797424,0.0,0.0,0.0,0.0,0.0,0.0,0.0,131,nan,nan,0,T_JUNCTION,51,1,1,0
79.07577657699585,0.0,0.0,0.0,0.0,0.0,0.0,0.0,131,nan,nan,0,T_JUNCTION,51,1,1,0
79.09575629234314,0.0,0.0,0.0,0.0,0.0,0.0,0.0,131,nan,nan,0,T_JUNCTION,51,1,1,0
79.11575484275818,0.0,0.0,0.0,0.0,0.0,0.0,0.0,131,nan,nan,0,T_JUNCTION,51,1,1,0
79.13577914237976,0.0,0.0,0.0,0.0,0.0,0.0,0.0,131,nan,nan,0,T_JUNCTION,51,1,1,0
79.15576648712158,0.0,0.0,0.0,0.0,0.0,0.0,0.0,131,nan,nan,0,T_JUNCTION,51,1,1,0
79.17577743530273,0.0,0.0,0.0,0.0,0.0,0.0,0.0,131,nan,nan,0,T_JUNCTION,51,1,1,0
79.19576478004456,0.0,0.0,0.0,0.0,0.0,0.0,0.0,131,nan,nan,0,T_JUNCTION,51,1,1,0
79.2157781124115,0.0,0.0,0.0,0.0,0.0,0.0,0.0,131,nan,nan,0,T_JUNCTION,51,1,1,0
79.23577189445496,0.0,0.0,0.0,0.0,0.0,0.0,0.0,131,nan,nan,0,T_JUNCTION,51,1,1,0
79.25578594207764,0.0,0.0,0.0,0.0,0.0,0.0,0.0,131,nan,nan,0,T_JUNCTION,51,1,1,0
79.27576732635498,0.0,0.0,0.0,0.0,0.0,0.0,0.0,131,nan,nan,0,T_JUNCTION,51,1,1,0
79.2958083152771,0.0,0.0,0.0,0.0,0.0,0.0,0.0,131,nan,nan,0,T_JUNCTION,51,1,1,0
79.31578540802002,0.0,0.0,0.0,0.0,0.0,0.0,0.0,131,nan,nan,0,T_JUNCTION,51,1,1,0
79.33576250076294,0.0,0.0,0.0,0.0,0.0,0.0,0.0,131,nan,nan,0,T_JUNCTION,51,1,1,0
79.35576915740967,0.0,0.0,0.0,0.0,0.0,0.0,0.0,131,nan,nan,0,T_JUNCTION,51,1,1,0
79.37577629089355,0.0,0.0,0.0,0.0,0.0,0.0,0.0,131,nan,nan,0,T_JUNCTION,51,1,1,0
79.39576125144958,0.0,0.0,0.0,0.0,0.0,0.0,0.0,131,nan,nan,0,T_JUNCTION,51,1,1,0
79.41576361656189,0.0,0.0,0.0,0.0,0.0,0.0,0.0,131,nan,nan,0,T_JUNCTION,51,1,1,0
79.43576431274414,0.0,0.0,0.0,0.0,0.0,0.0,0.0,131,nan,nan,0,T_JUNCTION,51,1,1,0
79.4557888507843,0.0,0.0,0.0,0.0,0.0,0.0,0.0,131,nan,nan,0,T_JUNCTION,51,1,1,0
79.47576642036438,0.0,0.0,0.0,0.0,0.0,0.0,0.0,131,nan,nan,0,T_JUNCTION,51,1,1,0
79.49577307701111,0.0,0.0,0.0,0.0,0.0,0.0,0.0,131,nan,nan,0,T_JUNCTION,51,1,1,0
79.51577138900757,0.0,0.0,0.0,0.0,0.0,0.0,0.0,131,nan,nan,0,T_JUNCTION,51,1,1,0
79.53582262992859,0.0,0.0,0.0,0.0,0.0,0.0,0.0,131,nan,nan,0,T_JUNCTION,51,1,1,0
79.5557656288147,0.0,0.0,0.0,0.0,0.0,0.0,0.0,131,nan,nan,0,T_JUNCTION,51,1,1,0
79.5757827758789,0.0,0.0,0.0,0.0,0.0,0.0,0.0,131,nan,nan,0,T_JUNCTION,51,1,1,0
79.59576487541199,0.0,0.0,0.0,0.0,0.0,0.0,0.0,131,nan,nan,0,T_JUNCTION,51,1,1,0
79.61576509475708,0.0,0.0,0.0,0.0,0.0,0.0,0.0,131,nan,nan,0,T_JUNCTION,51,1,1,0
79.63578748703003,0.0,0.0,0.0,0.0,0.0,0.0,0.0,131,nan,nan,0,T_JUNCTION,51,1,1,0
79.65582799911499,0.0,0.0,0.0,0.0,0.0,0.0,0.0,131,nan,nan,0,T_JUNCTION,51,1,1,0
79.67578315734863,0.0,0.0,0.0,0.0,0.0,0.0,0.0,131,nan,nan,0,T_JUNCTION,51,1,1,0
79.69577121734619,0.0,0.0,0.0,0.0,0.0,0.0,0.0,131,nan,nan,0,T_JUNCTION,51,1,1,0
79.71577334403992,0.0,0.0,0.0,0.0,0.0,0.0,0.0,131,nan,nan,0,T_JUNCTION,51,1,1,0
79.73576426506042,0.0,0.0,0.0,0.0,0.0,0.0,0.0,131,nan,nan,0,T_JUNCTION,51,1,1,0
79.75579524040222,0.0,0.0,0.0,0.0,0.0,0.0,0.0,131,nan,nan,0,T_JUNCTION,51,1,1,0
79.77577376365662,0.0,0.0,0.0,0.0,0.0,0.0,0.0,131,nan,nan,0,T_JUNCTION,51,1,1,0
79.79578971862793,0.0,0.0,0.0,0.0,0.0,0.0,0.0,131,nan,nan,0,T_JUNCTION,51,1,1,0
79.81575608253479,0.0,0.0,0.0,0.0,0.0,0.0,0.0,131,nan,nan,0,T_JUNCTION,51,1,1,0
79.83580446243286,0.0,0.0,0.0,0.0,0.0,0.0,0.0,131,nan,nan,0,T_JUNCTION,51,1,1,0
79.85577702522278,0.0,0.0,0.0,0.0,0.0,0.0,0.0,131,nan,nan,0,T_JUNCTION,51,1,1,0
79.8757758140564,0.0,0.0,0.0,0.0,0.0,0.0,0.0,131,nan,nan,0,T_JUNCTION,51,1,1,0
79.89576530456543,0.0,0.0,0.0,0.0,0.0,0.0,0.0,131,nan,nan,0,T_JUNCTION,51,1,1,0
79.91579151153564,0.0,0.0,0.0,0.0,0.0,0.0,0.0,131,nan,nan,0,T_JUNCTION,51,1,1,0
79.93577814102173,0.0,0.0,0.0,0.0,0.0,0.0,0.0,131,nan,nan,0,T_JUNCTION,51,1,1,0
79.9557740688324,0.0,0.0,0.0,0.0,0.0,0.0,0.0,131,nan,nan,0,T_JUNCTION,51,1,1,0
79.9757673740387,0.0,0.0,0.0,0.0,0.0,0.0,0.0,131,nan,nan,0,T_JUNCTION,51,1,1,0
79.99576878547668,0.0,0.0,0.0,0.0,0.0,0.0,0.0,131,nan,nan,0,T_JUNCTION,51,1,1,0
80.01575350761414,0.0,0.0,0.0,0.0,0.0,0.0,0.0,131,nan,nan,0,T_JUNCTION,51,1,1,0
80.03577589988708,0.0,0.0,0.0,0.0,0.0,0.0,0.0,131,nan,nan,0,T_JUNCTION,51,1,1,0
80.0557656288147,0.0,0.0,0.0,0.0,0.0,0.0,0.0,131,nan,nan,0,T_JUNCTION,51,1,1,0
80.07575964927673,0.0,0.0,0.0,0.0,0.0,0.0,0.0,131,nan,nan,0,T_JUNCTION,51,1,1,0
80.0957670211792,0.0,0.0,0.0,0.0,0.0,0.0,0.0,131,nan,nan,0,T_JUNCTION,51,1,1,0
80.11576676368713,0.0,0.0,0.0,0.0,0.0,0.0,0.0,131,nan,nan,0,T_JUNCTION,51,1,1,0
80.1357958316803,0.0,0.0,0.0,0.0,0.0,0.0,0.0,131,nan,nan,0,T_JUNCTION,51,1,1,0
80.15578484535217,0.0,0.0,0.0,0.0,0.0,0.0,0.0,131,nan,nan,0,T_JUNCTION,51,1,1,0
80.17577934265137,0.0,0.0,0.0,0.0,0.0,0.0,0.0,131,nan,nan,0,T_JUNCTION,51,1,1,0
80.19576740264893,0.0,0.0,0.0,0.0,0.0,0.0,0.0,131,nan,nan,0,T_JUNCTION,51,1,1,0
80.21576499938965,0.0,0.0,0.0,0.0,0.0,0.0,0.0,131,nan,nan,0,T_JUNCTION,51,1,1,0
80.23579120635986,0.0,0.0,0.0,0.0,0.0,0.0,0.0,131,nan,nan,0,T_JUNCTION,51,1,1,0
80.25578165054321,0.0,0.0,0.0,0.0,0.0,0.0,0.0,131,nan,nan,0,T_JUNCTION,51,1,1,0
80.27576303482056,0.0,0.0,0.0,0.0,0.0,0.0,0.0,131,nan,nan,0,T_JUNCTION,51,1,1,0
80.29576873779297,0.0,0.0,0.0,0.0,0.0,0.0,0.0,131,nan,nan,0,T_JUNCTION,51,1,1,0
80.31576156616211,0.0,0.0,0.0,0.0,0.0,0.0,0.0,131,nan,nan,0,T_JUNCTION,51,1,1,0
80.33577108383179,0.0,0.0,0.0,0.0,0.0,0.0,0.0,131,nan,nan,0,T_JUNCTION,51,1,1,0
80.35576272010803,0.0,0.0,0.0,0.0,0.0,0.0,0.0,131,nan,nan,0,T_JUNCTION,51,1,1,0
80.37587904930115,0.0,0.0,0.0,0.0,0.0,0.0,0.0,131,nan,nan,0,T_JUNCTION,51,1,1,0
80.39577317237854,0.0,0.0,0.0,0.0,0.0,0.0,0.0,131,nan,nan,0,T_JUNCTION,51,1,1,0
80.4157645702362,0.0,0.0,0.0,0.0,0.0,0.0,0.0,131,nan,nan,0,T_JUNCTION,51,1,1,0
80.4357681274414,0.0,0.0,0.0,0.0,0.0,0.0,0.0,131,nan,nan,0,T_JUNCTION,51,1,1,0
80.45579957962036,0.0,0.0,0.0,0.0,0.0,0.0,0.0,131,nan,nan,0,T_JUNCTION,51,1,1,0
80.47575783729553,0.0,0.0,0.0,0.0,0.0,0.0,0.0,131,nan,nan,0,T_JUNCTION,51,1,1,0
80.49576425552368,0.0,0.0,0.0,0.0,0.0,0.0,0.0,131,nan,nan,0,T_JUNCTION,51,1,1,0
80.51576018333435,0.0,0.0,0.0,0.0,0.0,0.0,0.0,131,nan,nan,0,T_JUNCTION,51,1,1,0
80.53577971458435,0.0,0.0,0.0,0.0,0.0,0.0,0.0,131,nan,nan,0,T_JUNCTION,51,1,1,0
80.5557746887207,0.0,0.0,0.0,0.0,0.0,0.0,0.0,131,nan,nan,0,T_JUNCTION,51,1,1,0
80.57576537132263,0.0,0.0,0.0,0.0,0.0,0.0,0.0,131,nan,nan,0,T_JUNCTION,51,1,1,0
80.59578275680542,0.0,0.0,0.0,0.0,0.0,0.0,0.0,131,nan,nan,0,T_JUNCTION,51,1,1,0
80.61577296257019,0.0,0.0,0.0,0.0,0.0,0.0,0.0,131,nan,nan,0,T_JUNCTION,51,1,1,0
80.63576889038086,0.0,0.0,0.0,0.0,0.0,0.0,0.0,131,nan,nan,0,T_JUNCTION,51,1,1,0
80.65578055381775,0.0,0.0,0.0,0.0,0.0,0.0,0.0,131,nan,nan,0,T_JUNCTION,51,1,1,0
80.67580986022949,0.0,0.0,0.0,0.0,0.0,0.0,0.0,131,nan,nan,0,T_JUNCTION,51,1,1,0
80.69577503204346,0.0,0.0,0.0,0.0,0.0,0.0,0.0,131,nan,nan,0,T_JUNCTION,51,1,1,0
80.7157940864563,0.0,0.0,0.0,0.0,0.0,0.0,0.0,131,nan,nan,0,T_JUNCTION,51,1,1,0
80.73577213287354,0.0,0.0,0.0,0.0,0.0,0.0,0.0,131,nan,nan,0,T_JUNCTION,51,1,1,0
80.75577569007874,0.0,0.0,0.0,0.0,0.0,0.0,0.0,131,nan,nan,0,T_JUNCTION,51,1,1,0
80.77577066421509,0.0,0.0,0.0,0.0,0.0,0.0,0.0,131,nan,nan,0,T_JUNCTION,51,1,1,0
80.79577231407166,0.0,0.0,0.0,0.0,0.0,0.0,0.0,131,nan,nan,0,T_JUNCTION,51,1,1,0
80.8157708644867,0.0,0.0,0.0,0.0,0.0,0.0,0.0,131,nan,nan,0,T_JUNCTION,51,1,1,0
80.8358051776886,0.0,0.0,0.0,0.0,0.0,0.0,0.0,131,nan,nan,0,T_JUNCTION,51,1,1,0
80.85578107833862,0.0,0.0,0.0,0.0,0.0,0.0,0.0,131,nan,nan,0,T_JUNCTION,51,1,1,0
80.87577223777771,0.0,0.0,0.0,0.0,0.0,0.0,0.0,131,nan,nan,0,T_JUNCTION,51,1,1,0
80.89576625823975,0.0,0.0,0.0,0.0,0.0,0.0,0.0,131,nan,nan,0,T_JUNCTION,51,1,1,0
80.91576361656189,0.0,0.0,0.0,0.0,0.0,0.0,0.0,131,nan,nan,0,T_JUNCTION,51,1,1,0
80.93582463264465,0.0,0.0,0.0,0.0,0.0,0.0,0.0,131,nan,nan,0,T_JUNCTION,51,1,1,0
80.95575857162476,0.0,0.0,0.0,0.0,0.0,0.0,0.0,131,nan,nan,0,T_JUNCTION,51,1,1,0
80.9757730960846,0.0,0.0,0.0,0.0,0.0,0.0,0.0,131,nan,nan,0,T_JUNCTION,51,1,1,0
80.99576544761658,0.0,0.0,0.0,0.0,0.0,0.0,0.0,131,nan,nan,0,T_JUNCTION,51,1,1,0
81.01578259468079,0.0,0.0,0.0,0.0,0.0,0.0,0.0,131,nan,nan,0,T_JUNCTION,51,1,1,0
81.03581666946411,0.0,0.0,0.0,0.0,0.0,0.0,0.0,131,nan,nan,0,T_JUNCTION,51,1,1,0
81.05577516555786,0.0,0.0,0.0,0.0,0.0,0.0,0.0,131,nan,nan,0,T_JUNCTION,51,1,1,0
81.07576560974121,0.0,0.0,0.0,0.0,0.0,0.0,0.0,131,nan,nan,0,T_JUNCTION,51,1,1,0
81.09576535224915,0.0,0.0,0.0,0.0,0.0,0.0,0.0,131,nan,nan,0,T_JUNCTION,51,1,1,0
81.11577248573303,0.0,0.0,0.0,0.0,0.0,0.0,0.0,131,nan,nan,0,T_JUNCTION,51,1,1,0
81.13579392433167,0.0,0.0,0.0,0.0,0.0,0.0,0.0,131,nan,nan,0,T_JUNCTION,51,1,1,0
81.15576577186584,0.0,0.0,0.0,0.0,0.0,0.0,0.0,131,nan,nan,0,T_JUNCTION,51,1,1,0
81.1757640838623,0.0,0.0,0.0,0.0,0.0,0.0,0.0,131,nan,nan,0,T_JUNCTION,51,1,1,0
81.1957757472992,0.0,0.0,0.0,0.0,0.0,0.0,0.0,131,nan,nan,0,T_JUNCTION,51,1,1,0
81.21575379371643,0.0,0.0,0.0,0.0,0.0,0.0,0.0,131,nan,nan,0,T_JUNCTION,51,1,1,0
81.23579120635986,0.0,0.0,0.0,0.0,0.0,0.0,0.0,131,nan,nan,0,T_JUNCTION,51,1,1,0
81.25577878952026,0.0,0.0,0.0,0.0,0.0,0.0,0.0,131,nan,nan,0,T_JUNCTION,51,1,1,0
81.27576446533203,0.0,0.0,0.0,0.0,0.0,0.0,0.0,131,nan,nan,0,T_JUNCTION,51,1,1,0
81.29581236839294,0.0,0.0,0.0,0.0,0.0,0.0,0.0,131,nan,nan,0,T_JUNCTION,51,1,1,0
81.31578326225281,0.0,0.0,0.0,0.0,0.0,0.0,0.0,131,nan,nan,0,T_JUNCTION,51,1,1,0
81.33580470085144,0.0,0.0,0.0,0.0,0.0,0.0,0.0,131,nan,nan,0,T_JUNCTION,51,1,1,0
81.3557755947113,0.0,0.0,0.0,0.0,0.0,0.0,0.0,131,nan,nan,0,T_JUNCTION,51,1,1,0
81.37579584121704,0.0,0.0,0.0,0.0,0.0,0.0,0.0,131,nan,nan,0,T_JUNCTION,51,1,1,0
81.39575982093811,0.0,0.0,0.0,0.0,0.0,0.0,0.0,131,nan,nan,0,T_JUNCTION,51,1,1,0
81.41579151153564,0.0,0.0,0.0,0.0,0.0,0.0,0.0,131,nan,nan,0,T_JUNCTION,51,1,1,0
81.43577289581299,0.0,0.0,0.0,0.0,0.0,0.0,0.0,131,nan,nan,0,T_JUNCTION,51,1,1,0
81.45578837394714,0.0,0.0,0.0,0.0,0.0,0.0,0.0,131,nan,nan,0,T_JUNCTION,51,1,1,0
81.47576713562012,0.0,0.0,0.0,0.0,0.0,0.0,0.0,131,nan,nan,0,T_JUNCTION,51,1,1,0
81.49576711654663,0.0,0.0,0.0,0.0,0.0,0.0,0.0,131,nan,nan,0,T_JUNCTION,51,1,1,0
81.51577758789062,0.0,0.0,0.0,0.0,0.0,0.0,0.0,131,nan,nan,0,T_JUNCTION,51,1,1,0
81.53579068183899,0.0,0.0,0.0,0.0,0.0,0.0,0.0,131,nan,nan,0,T_JUNCTION,51,1,1,0
81.55577158927917,0.0,0.0,0.0,0.0,0.0,0.0,0.0,131,nan,nan,0,T_JUNCTION,51,1,1,0
81.57577228546143,0.0,0.0,0.0,0.0,0.0,0.0,0.0,131,nan,nan,0,T_JUNCTION,51,1,1,0
81.59576869010925,0.0,0.0,0.0,0.0,0.0,0.0,0.0,131,nan,nan,0,T_JUNCTION,51,1,1,0
81.61575770378113,0.0,0.0,0.0,0.0,0.0,0.0,0.0,131,nan,nan,0,T_JUNCTION,51,1,1,0
81.63578677177429,0.0,0.0,0.0,0.0,0.0,0.0,0.0,131,nan,nan,0,T_JUNCTION,51,1,1,0
81.65582418441772,0.0,0.0,0.0,0.0,0.0,0.0,0.0,131,nan,nan,0,T_JUNCTION,51,1,1,0
81.6757743358612,0.0,0.0,0.0,0.0,0.0,0.0,0.0,131,nan,nan,0,T_JUNCTION,51,1,1,0
81.69577217102051,0.0,0.0,0.0,0.0,0.0,0.0,0.0,131,nan,nan,0,T_JUNCTION,51,1,1,0
81.71576452255249,0.0,0.0,0.0,0.0,0.0,0.0,0.0,131,nan,nan,0,T_JUNCTION,51,1,1,0
81.73579692840576,0.0,0.0,0.0,0.0,0.0,0.0,0.0,131,nan,nan,0,T_JUNCTION,51,1,1,0
81.75577449798584,0.0,0.0,0.0,0.0,0.0,0.0,0.0,131,nan,nan,0,T_JUNCTION,51,1,1,0
81.7757682800293,0.0,0.0,0.0,0.0,0.0,0.0,0.0,131,nan,nan,0,T_JUNCTION,51,1,1,0
81.79578614234924,0.0,0.0,0.0,0.0,0.0,0.0,0.0,131,nan,nan,0,T_JUNCTION,51,1,1,0
81.81576418876648,0.0,0.0,0.0,0.0,0.0,0.0,0.0,131,nan,nan,0,T_JUNCTION,51,1,1,0
81.83581614494324,0.0,0.0,0.0,0.0,0.0,0.0,0.0,131,nan,nan,0,T_JUNCTION,51,1,1,0
81.85578680038452,0.0,0.0,0.0,0.0,0.0,0.0,0.0,131,nan,nan,0,T_JUNCTION,51,1,1,0
81.87576365470886,0.0,0.0,0.0,0.0,0.0,0.0,0.0,131,nan,nan,0,T_JUNCTION,51,1,1,0
81.89576315879822,0.0,0.0,0.0,0.0,0.0,0.0,0.0,131,nan,nan,0,T_JUNCTION,51,1,1,0
81.91578459739685,0.0,0.0,0.0,0.0,0.0,0.0,0.0,131,nan,nan,0,T_JUNCTION,51,1,1,0
81.935795545578,0.0,0.0,0.0,0.0,0.0,0.0,0.0,131,nan,nan,0,T_JUNCTION,51,1,1,0
81.95576477050781,0.0,0.0,0.0,0.0,0.0,0.0,0.0,131,nan,nan,0,T_JUNCTION,51,1,1,0
81.97576475143433,0.0,0.0,0.0,0.0,0.0,0.0,0.0,131,nan,nan,0,T_JUNCTION,51,1,1,0
81.99577188491821,0.0,0.0,0.0,0.0,0.0,0.0,0.0,131,nan,nan,0,T_JUNCTION,51,1,1,0
82.01577377319336,0.0,0.0,0.0,0.0,0.0,0.0,0.0,131,nan,nan,0,T_JUNCTION,51,1,1,0
82.03580641746521,0.0,0.0,0.0,0.0,0.0,0.0,0.0,131,nan,nan,0,T_JUNCTION,51,1,1,0
82.05580282211304,0.0,0.0,0.0,0.0,0.0,0.0,0.0,131,nan,nan,0,T_JUNCTION,51,1,1,0
82.07577919960022,0.0,0.0,0.0,0.0,0.0,0.0,0.0,131,nan,nan,0,T_JUNCTION,51,1,1,0
82.09575653076172,0.0,0.0,0.0,0.0,0.0,0.0,0.0,131,nan,nan,0,T_JUNCTION,51,1,1,0
82.11575245857239,0.0,0.0,0.0,0.0,0.0,0.0,0.0,131,nan,nan,0,T_JUNCTION,51,1,1,0
82.13579750061035,0.0,0.0,0.0,0.0,0.0,0.0,0.0,131,nan,nan,0,T_JUNCTION,51,1,1,0
82.15576767921448,0.0,0.0,0.0,0.0,0.0,0.0,0.0,131,nan,nan,0,T_JUNCTION,51,1,1,0
82.17577075958252,0.0,0.0,0.0,0.0,0.0,0.0,0.0,131,nan,nan,0,T_JUNCTION,51,1,1,0
82.19576454162598,0.0,0.0,0.0,0.0,0.0,0.0,0.0,131,nan,nan,0,T_JUNCTION,51,1,1,0
82.2157711982727,0.0,0.0,0.0,0.0,0.0,0.0,0.0,131,nan,nan,0,T_JUNCTION,51,1,1,0
82.2358124256134,0.0,0.0,0.0,0.0,0.0,0.0,0.0,131,nan,nan,0,T_JUNCTION,51,1,1,0
82.25579738616943,0.0,0.0,0.0,0.0,0.0,0.0,0.0,131,nan,nan,0,T_JUNCTION,51,1,1,0
82.27577090263367,0.0,0.0,0.0,0.0,0.0,0.0,0.0,131,nan,nan,0,T_JUNCTION,51,1,1,0
82.29581212997437,0.0,0.0,0.0,0.0,0.0,0.0,0.0,131,nan,nan,0,T_JUNCTION,51,1,1,0
82.31576490402222,0.0,0.0,0.0,0.0,0.0,0.0,0.0,131,nan,nan,0,T_JUNCTION,51,1,1,0
82.33578705787659,0.0,0.0,0.0,0.0,0.0,0.0,0.0,131,nan,nan,0,T_JUNCTION,51,1,1,0
82.35575270652771,0.0,0.0,0.0,0.0,0.0,0.0,0.0,131,nan,nan,0,T_JUNCTION,51,1,1,0
82.37578797340393,0.0,0.0,0.0,0.0,0.0,0.0,0.0,131,nan,nan,0,T_JUNCTION,51,1,1,0
82.3957748413086,0.0,0.0,0.0,0.0,0.0,0.0,0.0,131,nan,nan,0,T_JUNCTION,51,1,1,0
82.41576266288757,0.0,0.0,0.0,0.0,0.0,0.0,0.0,131,nan,nan,0,T_JUNCTION,51,1,1,0
82.43580079078674,0.0,0.0,0.0,0.0,0.0,0.0,0.0,131,nan,nan,0,T_JUNCTION,51,1,1,0
82.45580530166626,0.0,0.0,0.0,0.0,0.0,0.0,0.0,131,nan,nan,0,T_JUNCTION,51,1,1,0
82.47576689720154,0.0,0.0,0.0,0.0,0.0,0.0,0.0,131,nan,nan,0,T_JUNCTION,51,1,1,0
82.49576425552368,0.0,0.0,0.0,0.0,0.0,0.0,0.0,131,nan,nan,0,T_JUNCTION,51,1,1,0
82.51577043533325,0.0,0.0,0.0,0.0,0.0,0.0,0.0,131,nan,nan,0,T_JUNCTION,51,1,1,0
82.53585577011108,0.0,0.0,0.0,0.0,0.0,0.0,0.0,131,nan,nan,0,T_JUNCTION,51,1,1,0
82.55578398704529,0.0,0.0,0.0,0.0,0.0,0.0,0.0,131,nan,nan,0,T_JUNCTION,51,1,1,0
82.57577991485596,0.0,0.0,0.0,0.0,0.0,0.0,0.0,131,nan,nan,0,T_JUNCTION,51,1,1,0
82.59577059745789,0.0,0.0,0.0,0.0,0.0,0.0,0.0,131,nan,nan,0,T_JUNCTION,51,1,1,0
82.61576080322266,0.0,0.0,0.0,0.0,0.0,0.0,0.0,131,nan,nan,0,T_JUNCTION,51,1,1,0
82.6357934474945,0.0,0.0,0.0,0.0,0.0,0.0,0.0,131,nan,nan,0,T_JUNCTION,51,1,1,0
82.6558210849762,0.0,0.0,0.0,0.0,0.0,0.0,0.0,131,nan,nan,0,T_JUNCTION,51,1,1,0
82.67577505111694,0.0,0.0,0.0,0.0,0.0,0.0,0.0,131,nan,nan,0,T_JUNCTION,51,1,1,0
82.6957688331604,0.0,0.0,0.0,0.0,0.0,0.0,0.0,131,nan,nan,0,T_JUNCTION,51,1,1,0
82.71576380729675,0.0,0.0,0.0,0.0,0.0,0.0,0.0,131,nan,nan,0,T_JUNCTION,51,1,1,0
82.73577880859375,0.0,0.0,0.0,0.0,0.0,0.0,0.0,131,nan,nan,0,T_JUNCTION,51,1,1,0
82.75582003593445,0.0,0.0,0.0,0.0,0.0,0.0,0.0,131,nan,nan,0,T_JUNCTION,51,1,1,0
82.77577137947083,0.0,0.0,0.0,0.0,0.0,0.0,0.0,131,nan,nan,0,T_JUNCTION,51,1,1,0
82.79576778411865,0.0,0.0,0.0,0.0,0.0,0.0,0.0,131,nan,nan,0,T_JUNCTION,51,1,1,0
82.81576561927795,0.0,0.0,0.0,0.0,0.0,0.0,0.0,131,nan,nan,0,T_JUNCTION,51,1,1,0
82.8357925415039,0.0,0.0,0.0,0.0,0.0,0.0,0.0,131,nan,nan,0,T_JUNCTION,51,1,1,0
82.85581111907959,0.0,0.0,0.0,0.0,0.0,0.0,0.0,131,nan,nan,0,T_JUNCTION,51,1,1,0
82.8757643699646,0.0,0.0,0.0,0.0,0.0,0.0,0.0,131,nan,nan,0,T_JUNCTION,51,1,1,0
82.89576935768127,0.0,0.0,0.0,0.0,0.0,0.0,0.0,131,nan,nan,0,T_JUNCTION,51,1,1,0
82.9157829284668,0.0,0.0,0.0,0.0,0.0,0.0,0.0,131,nan,nan,0,T_JUNCTION,51,1,1,0
82.93577790260315,0.0,0.0,0.0,0.0,0.0,0.0,0.0,131,nan,nan,0,T_JUNCTION,51,1,1,0
82.95577645301819,0.0,0.0,0.0,0.0,0.0,0.0,0.0,131,nan,nan,0,T_JUNCTION,51,1,1,0
82.97576451301575,0.0,0.0,0.0,0.0,0.0,0.0,0.0,131,nan,nan,0,T_JUNCTION,51,1,1,0
82.99576616287231,0.0,0.0,0.0,0.0,0.0,0.0,0.0,131,nan,nan,0,T_JUNCTION,51,1,1,0
83.01576972007751,0.0,0.0,0.0,0.0,0.0,0.0,0.0,131,nan,nan,0,T_JUNCTION,51,1,1,0
83.03578209877014,0.0,0.0,0.0,0.0,0.0,0.0,0.0,131,nan,nan,0,T_JUNCTION,51,1,1,0
83.05580878257751,0.0,0.0,0.0,0.0,0.0,0.0,0.0,131,nan,nan,0,T_JUNCTION,51,1,1,0
83.07576274871826,0.0,0.0,0.0,0.0,0.0,0.0,0.0,131,nan,nan,0,T_JUNCTION,51,1,1,0
83.09577941894531,0.0,0.0,0.0,0.0,0.0,0.0,0.0,131,nan,nan,0,T_JUNCTION,51,1,1,0
83.11577153205872,0.0,0.0,0.0,0.0,0.0,0.0,0.0,131,nan,nan,0,T_JUNCTION,51,1,1,0
83.13578915596008,0.0,0.0,0.0,0.0,0.0,0.0,0.0,131,nan,nan,0,T_JUNCTION,51,1,1,0
83.15578150749207,0.0,0.0,0.0,0.0,0.0,0.0,0.0,131,nan,nan,0,T_JUNCTION,51,1,1,0
83.17577075958252,0.0,0.0,0.0,0.0,0.0,0.0,0.0,131,nan,nan,0,T_JUNCTION,51,1,1,0
83.19576740264893,0.0,0.0,0.0,0.0,0.0,0.0,0.0,131,nan,nan,0,T_JUNCTION,51,1,1,0
83.21577262878418,0.0,0.0,0.0,0.0,0.0,0.0,0.0,131,nan,nan,0,T_JUNCTION,51,1,1,0
83.23580121994019,0.0,0.0,0.0,0.0,0.0,0.0,0.0,131,nan,nan,0,T_JUNCTION,51,1,1,0
83.25578570365906,0.0,0.0,0.0,0.0,0.0,0.0,0.0,131,nan,nan,0,T_JUNCTION,51,1,1,0
83.27576756477356,0.0,0.0,0.0,0.0,0.0,0.0,0.0,131,nan,nan,0,T_JUNCTION,51,1,1,0
83.29577326774597,0.0,0.0,0.0,0.0,0.0,0.0,0.0,131,nan,nan,0,T_JUNCTION,51,1,1,0
83.31575345993042,0.0,0.0,0.0,0.0,0.0,0.0,0.0,131,nan,nan,0,T_JUNCTION,51,1,1,0
83.33579730987549,0.0,0.0,0.0,0.0,0.0,0.0,0.0,131,nan,nan,0,T_JUNCTION,51,1,1,0
83.35576677322388,0.0,0.0,0.0,0.0,0.0,0.0,0.0,131,nan,nan,0,T_JUNCTION,51,1,1,0
83.37577033042908,0.0,0.0,0.0,0.0,0.0,0.0,0.0,131,nan,nan,0,T_JUNCTION,51,1,1,0
83.39576506614685,0.0,0.0,0.0,0.0,0.0,0.0,0.0,131,nan,nan,0,T_JUNCTION,51,1,1,0
83.41576433181763,0.0,0.0,0.0,0.0,0.0,0.0,0.0,131,nan,nan,0,T_JUNCTION,51,1,1,0
83.43578910827637,0.0,0.0,0.0,0.0,0.0,0.0,0.0,131,nan,nan,0,T_JUNCTION,51,1,1,0
83.45576786994934,0.0,0.0,0.0,0.0,0.0,0.0,0.0,131,nan,nan,0,T_JUNCTION,51,1,1,0
83.47575664520264,0.0,0.0,0.0,0.0,0.0,0.0,0.0,131,nan,nan,0,T_JUNCTION,51,1,1,0
83.49576997756958,0.0,0.0,0.0,0.0,0.0,0.0,0.0,131,nan,nan,0,T_JUNCTION,51,1,1,0
83.51577305793762,0.0,0.0,0.0,0.0,0.0,0.0,0.0,131,nan,nan,0,T_JUNCTION,51,1,1,0
83.53581190109253,0.0,0.0,0.0,0.0,0.0,0.0,0.0,131,nan,nan,0,T_JUNCTION,51,1,1,0
83.55577397346497,0.0,0.0,0.0,0.0,0.0,0.0,0.0,131,nan,nan,0,T_JUNCTION,51,1,1,0
83.57577896118164,0.0,0.0,0.0,0.0,0.0,0.0,0.0,131,nan,nan,0,T_JUNCTION,51,1,1,0
83.5957682132721,0.0,0.0,0.0,0.0,0.0,0.0,0.0,131,nan,nan,0,T_JUNCTION,51,1,1,0
83.61575698852539,0.0,0.0,0.0,0.0,0.0,0.0,0.0,131,nan,nan,0,T_JUNCTION,51,1,1,0
83.63580298423767,0.0,0.0,0.0,0.0,0.0,0.0,0.0,131,nan,nan,0,T_JUNCTION,51,1,1,0
83.65579152107239,0.0,0.0,0.0,0.0,0.0,0.0,0.0,131,nan,nan,0,T_JUNCTION,51,1,1,0
83.67582058906555,0.0,0.0,0.0,0.0,0.0,0.0,0.0,131,nan,nan,0,T_JUNCTION,51,1,1,0
83.69577407836914,0.0,0.0,0.0,0.0,0.0,0.0,0.0,131,nan,nan,0,T_JUNCTION,51,1,1,0
83.71576380729675,0.0,0.0,0.0,0.0,0.0,0.0,0.0,131,nan,nan,0,T_JUNCTION,51,1,1,0
83.73581719398499,0.0,0.0,0.0,0.0,0.0,0.0,0.0,131,nan,nan,0,T_JUNCTION,51,1,1,0
83.75577211380005,0.0,0.0,0.0,0.0,0.0,0.0,0.0,131,nan,nan,0,T_JUNCTION,51,1,1,0
83.77576994895935,0.0,0.0,0.0,0.0,0.0,0.0,0.0,131,nan,nan,0,T_JUNCTION,51,1,1,0
83.79577326774597,0.0,0.0,0.0,0.0,0.0,0.0,0.0,131,nan,nan,0,T_JUNCTION,51,1,1,0
83.81577348709106,0.0,0.0,0.0,0.0,0.0,0.0,0.0,131,nan,nan,0,T_JUNCTION,51,1,1,0
83.83581495285034,0.0,0.0,0.0,0.0,0.0,0.0,0.0,131,nan,nan,0,T_JUNCTION,51,1,1,0
83.85578298568726,0.0,0.0,0.0,0.0,0.0,0.0,0.0,131,nan,nan,0,T_JUNCTION,51,1,1,0
83.87578201293945,0.0,0.0,0.0,0.0,0.0,0.0,0.0,131,nan,nan,0,T_JUNCTION,51,1,1,0
83.89575719833374,0.0,0.0,0.0,0.0,0.0,0.0,0.0,131,nan,nan,0,T_JUNCTION,51,1,1,0
83.91576552391052,0.0,0.0,0.0,0.0,0.0,0.0,0.0,131,nan,nan,0,T_JUNCTION,51,1,1,0
83.93581295013428,0.0,0.0,0.0,0.0,0.0,0.0,0.0,131,nan,nan,0,T_JUNCTION,51,1,1,0
83.9557626247406,0.0,0.0,0.0,0.0,0.0,0.0,0.0,131,nan,nan,0,T_JUNCTION,51,1,1,0
83.97576427459717,0.0,0.0,0.0,0.0,0.0,0.0,0.0,131,nan,nan,0,T_JUNCTION,51,1,1,0
83.99577784538269,0.0,0.0,0.0,0.0,0.0,0.0,0.0,131,nan,nan,0,T_JUNCTION,51,1,1,0
84.01577258110046,0.0,0.0,0.0,0.0,0.0,0.0,0.0,131,nan,nan,0,T_JUNCTION,51,1,1,0
84.03582668304443,0.0,0.0,0.0,0.0,0.0,0.0,0.0,131,nan,nan,0,T_JUNCTION,51,1,1,0
84.05578827857971,0.0,0.0,0.0,0.0,0.0,0.0,0.0,131,nan,nan,0,T_JUNCTION,51,1,1,0
84.07578110694885,0.0,0.0,0.0,0.0,0.0,0.0,0.0,131,nan,nan,0,T_JUNCTION,51,1,1,0
84.09577417373657,0.0,0.0,0.0,0.0,0.0,0.0,0.0,131,nan,nan,0,T_JUNCTION,51,1,1,0
84.11577200889587,0.0,0.0,0.0,0.0,0.0,0.0,0.0,131,nan,nan,0,T_JUNCTION,51,1,1,0
84.13579630851746,0.0,0.0,0.0,0.0,0.0,0.0,0.0,131,nan,nan,0,T_JUNCTION,51,1,1,0
84.15579342842102,0.0,0.0,0.0,0.0,0.0,0.0,0.0,131,nan,nan,0,T_JUNCTION,51,1,1,0
84.17577195167542,0.0,0.0,0.0,0.0,0.0,0.0,0.0,131,nan,nan,0,T_JUNCTION,51,1,1,0
84.19576144218445,0.0,0.0,0.0,0.0,0.0,0.0,0.0,131,nan,nan,0,T_JUNCTION,51,1,1,0
84.21576237678528,0.0,0.0,0.0,0.0,0.0,0.0,0.0,131,nan,nan,0,T_JUNCTION,51,1,1,0
84.23579430580139,0.0,0.0,0.0,0.0,0.0,0.0,0.0,131,nan,nan,0,T_JUNCTION,51,1,1,0
84.25577712059021,0.0,0.0,0.0,0.0,0.0,0.0,0.0,131,nan,nan,0,T_JUNCTION,51,1,1,0
84.27576518058777,0.0,0.0,0.0,0.0,0.0,0.0,0.0,131,nan,nan,0,T_JUNCTION,51,1,1,0
84.29581689834595,0.0,0.0,0.0,0.0,0.0,0.0,0.0,131,nan,nan,0,T_JUNCTION,51,1,1,0
84.3157730102539,0.0,0.0,0.0,0.0,0.0,0.0,0.0,131,nan,nan,0,T_JUNCTION,51,1,1,0
84.33579969406128,0.0,0.0,0.0,0.0,0.0,0.0,0.0,131,nan,nan,0,T_JUNCTION,51,1,1,0
84.35576963424683,0.0,0.0,0.0,0.0,0.0,0.0,0.0,131,nan,nan,0,T_JUNCTION,51,1,1,0
84.37579417228699,0.0,0.0,0.0,0.0,0.0,0.0,0.0,131,nan,nan,0,T_JUNCTION,51,1,1,0
84.39576196670532,0.0,0.0,0.0,0.0,0.0,0.0,0.0,131,nan,nan,0,T_JUNCTION,51,1,1,0
84.41576552391052,0.0,0.0,0.0,0.0,0.0,0.0,0.0,131,nan,nan,0,T_JUNCTION,51,1,1,0
84.43579959869385,0.0,0.0,0.0,0.0,0.0,0.0,0.0,131,nan,nan,0,T_JUNCTION,51,1,1,0
84.45579266548157,0.0,0.0,0.0,0.0,0.0,0.0,0.0,131,nan,nan,0,T_JUNCTION,51,1,1,0
84.47577619552612,0.0,0.0,0.0,0.0,0.0,0.0,0.0,131,nan,nan,0,T_JUNCTION,51,1,1,0
84.4957754611969,0.0,0.0,0.0,0.0,0.0,0.0,0.0,131,nan,nan,0,T_JUNCTION,51,1,1,0
84.51576352119446,0.0,0.0,0.0,0.0,0.0,0.0,0.0,131,nan,nan,0,T_JUNCTION,51,1,1,0
84.53579711914062,0.0,0.0,0.0,0.0,0.0,0.0,0.0,131,nan,nan,0,T_JUNCTION,51,1,1,0
84.55576753616333,0.0,0.0,0.0,0.0,0.0,0.0,0.0,131,nan,nan,0,T_JUNCTION,51,1,1,0
84.57575607299805,0.0,0.0,0.0,0.0,0.0,0.0,0.0,131,nan,nan,0,T_JUNCTION,51,1,1,0
84.59576559066772,0.0,0.0,0.0,0.0,0.0,0.0,0.0,131,nan,nan,0,T_JUNCTION,51,1,1,0
84.61576271057129,0.0,0.0,0.0,0.0,0.0,0.0,0.0,131,nan,nan,0,T_JUNCTION,51,1,1,0
84.63580918312073,0.0,0.0,0.0,0.0,0.0,0.0,0.0,131,nan,nan,0,T_JUNCTION,51,1,1,0
84.65578389167786,0.0,0.0,0.0,0.0,0.0,0.0,0.0,131,nan,nan,0,T_JUNCTION,51,1,1,0
84.67578172683716,0.0,0.0,0.0,0.0,0.0,0.0,0.0,131,nan,nan,0,T_JUNCTION,51,1,1,0
84.69576740264893,0.0,0.0,0.0,0.0,0.0,0.0,0.0,131,nan,nan,0,T_JUNCTION,51,1,1,0
84.71575784683228,0.0,0.0,0.0,0.0,0.0,0.0,0.0,131,nan,nan,0,T_JUNCTION,51,1,1,0
84.73580479621887,0.0,0.0,0.0,0.0,0.0,0.0,0.0,131,nan,nan,0,T_JUNCTION,51,1,1,0
84.75577926635742,0.0,0.0,0.0,0.0,0.0,0.0,0.0,131,nan,nan,0,T_JUNCTION,51,1,1,0
84.77575945854187,0.0,0.0,0.0,0.0,0.0,0.0,0.0,131,nan,nan,0,T_JUNCTION,51,1,1,0
84.79579019546509,0.0,0.0,0.0,0.0,0.0,0.0,0.0,131,nan,nan,0,T_JUNCTION,51,1,1,0
84.81576800346375,0.0,0.0,0.0,0.0,0.0,0.0,0.0,131,nan,nan,0,T_JUNCTION,51,1,1,0
84.83580040931702,0.0,0.0,0.0,0.0,0.0,0.0,0.0,131,nan,nan,0,T_JUNCTION,51,1,1,0
84.85578417778015,0.0,0.0,0.0,0.0,0.0,0.0,0.0,131,nan,nan,0,T_JUNCTION,51,1,1,0
84.87577223777771,0.0,0.0,0.0,0.0,0.0,0.0,0.0,131,nan,nan,0,T_JUNCTION,51,1,1,0
84.89575743675232,0.0,0.0,0.0,0.0,0.0,0.0,0.0,131,nan,nan,0,T_JUNCTION,51,1,1,0
84.9157555103302,0.0,0.0,0.0,0.0,0.0,0.0,0.0,131,nan,nan,0,T_JUNCTION,51,1,1,0
84.93581891059875,0.0,0.0,0.0,0.0,0.0,0.0,0.0,131,nan,nan,0,T_JUNCTION,51,1,1,0
84.95576333999634,0.0,0.0,0.0,0.0,0.0,0.0,0.0,131,nan,nan,0,T_JUNCTION,51,1,1,0
84.97577476501465,0.0,0.0,0.0,0.0,0.0,0.0,0.0,131,nan,nan,0,T_JUNCTION,51,1,1,0
84.9957664012909,0.0,0.0,0.0,0.0,0.0,0.0,0.0,131,nan,nan,0,T_JUNCTION,51,1,1,0
85.01576399803162,0.0,0.0,0.0,0.0,0.0,0.0,0.0,131,nan,nan,0,T_JUNCTION,51,1,1,0
85.03581428527832,0.0,0.0,0.0,0.0,0.0,0.0,0.0,131,nan,nan,0,T_JUNCTION,51,1,1,0
85.05579876899719,0.0,0.0,0.0,0.0,0.0,0.0,0.0,131,nan,nan,0,T_JUNCTION,51,1,1,0
85.07577276229858,0.0,0.0,0.0,0.0,0.0,0.0,0.0,131,nan,nan,0,T_JUNCTION,51,1,1,0
85.09577250480652,0.0,0.0,0.0,0.0,0.0,0.0,0.0,131,nan,nan,0,T_JUNCTION,51,1,1,0
85.11575675010681,0.0,0.0,0.0,0.0,0.0,0.0,0.0,131,nan,nan,0,T_JUNCTION,51,1,1,0
85.13582301139832,0.0,0.0,0.0,0.0,0.0,0.0,0.0,131,nan,nan,0,T_JUNCTION,51,1,1,0
85.15576171875,0.0,0.0,0.0,0.0,0.0,0.0,0.0,131,nan,nan,0,T_JUNCTION,51,1,1,0
85.17577528953552,0.0,0.0,0.0,0.0,0.0,0.0,0.0,131,nan,nan,0,T_JUNCTION,51,1,1,0
85.1957643032074,0.0,0.0,0.0,0.0,0.0,0.0,0.0,131,nan,nan,0,T_JUNCTION,51,1,1,0
85.21576285362244,0.0,0.0,0.0,0.0,0.0,0.0,0.0,131,nan,nan,0,T_JUNCTION,51,1,1,0
85.23580622673035,0.0,0.0,0.0,0.0,0.0,0.0,0.0,131,nan,nan,0,T_JUNCTION,51,1,1,0
85.2557852268219,0.0,0.0,0.0,0.0,0.0,0.0,0.0,131,nan,nan,0,T_JUNCTION,51,1,1,0
85.27576684951782,0.0,0.0,0.0,0.0,0.0,0.0,0.0,131,nan,nan,0,T_JUNCTION,51,1,1,0
85.29581570625305,0.0,0.0,0.0,0.0,0.0,0.0,0.0,131,nan,nan,0,T_JUNCTION,51,1,1,0
85.31576538085938,0.0,0.0,0.0,0.0,0.0,0.0,0.0,131,nan,nan,0,T_JUNCTION,51,1,1,0
85.3358085155487,0.0,0.0,0.0,0.0,0.0,0.0,0.0,131,nan,nan,0,T_JUNCTION,51,1,1,0
85.3557698726654,0.0,0.0,0.0,0.0,0.0,0.0,0.0,131,nan,nan,0,T_JUNCTION,51,1,1,0
85.37578535079956,0.0,0.0,0.0,0.0,0.0,0.0,0.0,131,nan,nan,0,T_JUNCTION,51,1,1,0
85.39577889442444,0.0,0.0,0.0,0.0,0.0,0.0,0.0,131,nan,nan,0,T_JUNCTION,51,1,1,0
85.41576313972473,0.0,0.0,0.0,0.0,0.0,0.0,0.0,131,nan,nan,0,T_JUNCTION,51,1,1,0
85.43579697608948,0.0,0.0,0.0,0.0,0.0,0.0,0.0,131,nan,nan,0,T_JUNCTION,51,1,1,0
85.45579981803894,0.0,0.0,0.0,0.0,0.0,0.0,0.0,131,nan,nan,0,T_JUNCTION,51,1,1,0
85.47577929496765,0.0,0.0,0.0,0.0,0.0,0.0,0.0,131,nan,nan,0,T_JUNCTION,51,1,1,0
85.49577069282532,0.0,0.0,0.0,0.0,0.0,0.0,0.0,131,nan,nan,0,T_JUNCTION,51,1,1,0
85.51577258110046,0.0,0.0,0.0,0.0,0.0,0.0,0.0,131,nan,nan,0,T_JUNCTION,51,1,1,0
85.53584885597229,0.0,0.0,0.0,0.0,0.0,0.0,0.0,131,nan,nan,0,T_JUNCTION,51,1,1,0
85.55576348304749,0.0,0.0,0.0,0.0,0.0,0.0,0.0,131,nan,nan,0,T_JUNCTION,51,1,1,0
85.57575631141663,0.0,0.0,0.0,0.0,0.0,0.0,0.0,131,nan,nan,0,T_JUNCTION,51,1,1,0
85.59579133987427,0.0,0.0,0.0,0.0,0.0,0.0,0.0,131,nan,nan,0,T_JUNCTION,51,1,1,0
85.61575508117676,0.0,0.0,0.0,0.0,0.0,0.0,0.0,131,nan,nan,0,T_JUNCTION,51,1,1,0
85.63579678535461,0.0,0.0,0.0,0.0,0.0,0.0,0.0,131,nan,nan,0,T_JUNCTION,51,1,1,0
85.65581607818604,0.0,0.0,0.0,0.0,0.0,0.0,0.0,131,nan,nan,0,T_JUNCTION,51,1,1,0
85.6757698059082,0.0,0.0,0.0,0.0,0.0,0.0,0.0,131,nan,nan,0,T_JUNCTION,51,1,1,0
85.69576811790466,0.0,0.0,0.0,0.0,0.0,0.0,0.0,131,nan,nan,0,T_JUNCTION,51,1,1,0
85.71576404571533,0.0,0.0,0.0,0.0,0.0,0.0,0.0,131,nan,nan,0,T_JUNCTION,51,1,1,0
85.73579287528992,0.0,0.0,0.0,0.0,0.0,0.0,0.0,131,nan,nan,0,T_JUNCTION,51,1,1,0
85.7558171749115,0.0,0.0,0.0,0.0,0.0,0.0,0.0,131,nan,nan,0,T_JUNCTION,51,1,1,0
85.77577376365662,0.0,0.0,0.0,0.0,0.0,0.0,0.0,131,nan,nan,0,T_JUNCTION,51,1,1,0
85.7957649230957,0.0,0.0,0.0,0.0,0.0,0.0,0.0,131,nan,nan,0,T_JUNCTION,51,1,1,0
85.81578493118286,0.0,0.0,0.0,0.0,0.0,0.0,0.0,131,nan,nan,0,T_JUNCTION,51,1,1,0
85.83582282066345,0.0,0.0,0.0,0.0,0.0,0.0,0.0,131,nan,nan,0,T_JUNCTION,51,1,1,0
85.85578727722168,0.0,0.0,0.0,0.0,0.0,0.0,0.0,131,nan,nan,0,T_JUNCTION,51,1,1,0
85.8757836818695,0.0,0.0,0.0,0.0,0.0,0.0,0.0,131,nan,nan,0,T_JUNCTION,51,1,1,0
85.89576244354248,0.0,0.0,0.0,0.0,0.0,0.0,0.0,131,nan,nan,0,T_JUNCTION,51,1,1,0
85.91576361656189,0.0,0.0,0.0,0.0,0.0,0.0,0.0,131,nan,nan,0,T_JUNCTION,51,1,1,0
85.93579292297363,0.0,0.0,0.0,0.0,0.0,0.0,0.0,131,nan,nan,0,T_JUNCTION,51,1,1,0
85.95578789710999,0.0,0.0,0.0,0.0,0.0,0.0,0.0,131,nan,nan,0,T_JUNCTION,51,1,1,0
85.97575974464417,0.0,0.0,0.0,0.0,0.0,0.0,0.0,131,nan,nan,0,T_JUNCTION,51,1,1,0
85.99576830863953,0.0,0.0,0.0,0.0,0.0,0.0,0.0,131,nan,nan,0,T_JUNCTION,51,1,1,0
86.01576256752014,0.0,0.0,0.0,0.0,0.0,0.0,0.0,131,nan,nan,0,T_JUNCTION,51,1,1,0
86.03581309318542,0.0,0.0,0.0,0.0,0.0,0.0,0.0,131,nan,nan,0,T_JUNCTION,51,1,1,0
86.05580019950867,0.0,0.0,0.0,0.0,0.0,0.0,0.0,131,nan,nan,0,T_JUNCTION,51,1,1,0
86.07577252388,0.0,0.0,0.0,0.0,0.0,0.0,0.0,131,nan,nan,0,T_JUNCTION,51,1,1,0
86.09578132629395,0.0,0.0,0.0,0.0,0.0,0.0,0.0,131,nan,nan,0,T_JUNCTION,51,1,1,0
86.11577033996582,0.0,0.0,0.0,0.0,0.0,0.0,0.0,131,nan,nan,0,T_JUNCTION,51,1,1,0
86.13581371307373,0.0,0.0,0.0,0.0,0.0,0.0,0.0,131,nan,nan,0,T_JUNCTION,51,1,1,0
86.15576028823853,0.0,0.0,0.0,0.0,0.0,0.0,0.0,131,nan,nan,0,T_JUNCTION,51,1,1,0
86.17575764656067,0.0,0.0,0.0,0.0,0.0,0.0,0.0,131,nan,nan,0,T_JUNCTION,51,1,1,0
86.19577598571777,0.0,0.0,0.0,0.0,0.0,0.0,0.0,131,nan,nan,0,T_JUNCTION,51,1,1,0
86.21575593948364,0.0,0.0,0.0,0.0,0.0,0.0,0.0,131,nan,nan,0,T_JUNCTION,51,1,1,0
86.23579382896423,0.0,0.0,0.0,0.0,0.0,0.0,0.0,131,nan,nan,0,T_JUNCTION,51,1,1,0
86.25577473640442,0.0,0.0,0.0,0.0,0.0,0.0,0.0,131,nan,nan,0,T_JUNCTION,51,1,1,0
86.2757568359375,0.0,0.0,0.0,0.0,0.0,0.0,0.0,131,nan,nan,0,T_JUNCTION,51,1,1,0
86.29577136039734,0.0,0.0,0.0,0.0,0.0,0.0,0.0,131,nan,nan,0,T_JUNCTION,51,1,1,0
86.31577253341675,0.0,0.0,0.0,0.0,0.0,0.0,0.0,131,nan,nan,0,T_JUNCTION,51,1,1,0
86.33581042289734,0.0,0.0,0.0,0.0,0.0,0.0,0.0,131,nan,nan,0,T_JUNCTION,51,1,1,0
86.35577511787415,0.0,0.0,0.0,0.0,0.0,0.0,0.0,131,nan,nan,0,T_JUNCTION,51,1,1,0
86.37578058242798,0.0,0.0,0.0,0.0,0.0,0.0,0.0,131,nan,nan,0,T_JUNCTION,51,1,1,0
86.39579916000366,0.0,0.0,0.0,0.0,0.0,0.0,0.0,131,nan,nan,0,T_JUNCTION,51,1,1,0
86.41576766967773,0.0,0.0,0.0,0.0,0.0,0.0,0.0,131,nan,nan,0,T_JUNCTION,51,1,1,0
86.43578958511353,0.0,0.0,0.0,0.0,0.0,0.0,0.0,131,nan,nan,0,T_JUNCTION,51,1,1,0
86.4557876586914,0.0,0.0,0.0,0.0,0.0,0.0,0.0,131,nan,nan,0,T_JUNCTION,51,1,1,0
86.47577214241028,0.0,0.0,0.0,0.0,0.0,0.0,0.0,131,nan,nan,0,T_JUNCTION,51,1,1,0
86.49576950073242,0.0,0.0,0.0,0.0,0.0,0.0,0.0,131,nan,nan,0,T_JUNCTION,51,1,1,0
86.51577162742615,0.0,0.0,0.0,0.0,0.0,0.0,0.0,131,nan,nan,0,T_JUNCTION,51,1,1,0
86.53580856323242,0.0,0.0,0.0,0.0,0.0,0.0,0.0,131,nan,nan,0,T_JUNCTION,51,1,1,0
86.55577158927917,0.0,0.0,0.0,0.0,0.0,0.0,0.0,131,nan,nan,0,T_JUNCTION,51,1,1,0
86.57576942443848,0.0,0.0,0.0,0.0,0.0,0.0,0.0,131,nan,nan,0,T_JUNCTION,51,1,1,0
86.59576320648193,0.0,0.0,0.0,0.0,0.0,0.0,0.0,131,nan,nan,0,T_JUNCTION,51,1,1,0
86.61578178405762,0.0,0.0,0.0,0.0,0.0,0.0,0.0,131,nan,nan,0,T_JUNCTION,51,1,1,0
86.63579106330872,0.0,0.0,0.0,0.0,0.0,0.0,0.0,131,nan,nan,0,T_JUNCTION,51,1,1,0
86.65577793121338,0.0,0.0,0.0,0.0,0.0,0.0,0.0,131,nan,nan,0,T_JUNCTION,51,1,1,0
86.67580366134644,0.0,0.0,0.0,0.0,0.0,0.0,0.0,131,nan,nan,0,T_JUNCTION,51,1,1,0
86.69577217102051,0.0,0.0,0.0,0.0,0.0,0.0,0.0,131,nan,nan,0,T_JUNCTION,51,1,1,0
86.71577453613281,0.0,0.0,0.0,0.0,0.0,0.0,0.0,131,nan,nan,0,T_JUNCTION,51,1,1,0
86.7358090877533,0.0,0.0,0.0,0.0,0.0,0.0,0.0,131,nan,nan,0,T_JUNCTION,51,1,1,0
86.75577044487,0.0,0.0,0.0,0.0,0.0,0.0,0.0,131,nan,nan,0,T_JUNCTION,51,1,1,0
86.77576756477356,0.0,0.0,0.0,0.0,0.0,0.0,0.0,131,nan,nan,0,T_JUNCTION,51,1,1,0
86.79576373100281,0.0,0.0,0.0,0.0,0.0,0.0,0.0,131,nan,nan,0,T_JUNCTION,51,1,1,0
86.81578278541565,0.0,0.0,0.0,0.0,0.0,0.0,0.0,131,nan,nan,0,T_JUNCTION,51,1,1,0
86.83584022521973,0.0,0.0,0.0,0.0,0.0,0.0,0.0,131,nan,nan,0,T_JUNCTION,51,1,1,0
86.85577583312988,0.0,0.0,0.0,0.0,0.0,0.0,0.0,131,nan,nan,0,T_JUNCTION,51,1,1,0
86.87577795982361,0.0,0.0,0.0,0.0,0.0,0.0,0.0,131,nan,nan,0,T_JUNCTION,51,1,1,0
86.89576244354248,0.0,0.0,0.0,0.0,0.0,0.0,0.0,131,nan,nan,0,T_JUNCTION,51,1,1,0
86.91576385498047,0.0,0.0,0.0,0.0,0.0,0.0,0.0,131,nan,nan,0,T_JUNCTION,51,1,1,0
86.93579530715942,0.0,0.0,0.0,0.0,0.0,0.0,0.0,131,nan,nan,0,T_JUNCTION,51,1,1,0
86.95576333999634,0.0,0.0,0.0,0.0,0.0,0.0,0.0,131,nan,nan,0,T_JUNCTION,51,1,1,0
86.97576642036438,0.0,0.0,0.0,0.0,0.0,0.0,0.0,131,nan,nan,0,T_JUNCTION,51,1,1,0
86.99576330184937,0.0,0.0,0.0,0.0,0.0,0.0,0.0,131,nan,nan,0,T_JUNCTION,51,1,1,0
87.01577138900757,0.0,0.0,0.0,0.0,0.0,0.0,0.0,131,nan,nan,0,T_JUNCTION,51,1,1,0
87.03580617904663,0.0,0.0,0.0,0.0,0.0,0.0,0.0,131,nan,nan,0,T_JUNCTION,51,1,1,0
87.05578827857971,0.0,0.0,0.0,0.0,0.0,0.0,0.0,131,nan,nan,0,T_JUNCTION,51,1,1,0
87.0757691860199,0.0,0.0,0.0,0.0,0.0,0.0,0.0,131,nan,nan,0,T_JUNCTION,51,1,1,0
87.09576535224915,0.0,0.0,0.0,0.0,0.0,0.0,0.0,131,nan,nan,0,T_JUNCTION,51,1,1,0
87.11575508117676,0.0,0.0,0.0,0.0,0.0,0.0,0.0,131,nan,nan,0,T_JUNCTION,51,1,1,0
87.13579988479614,0.0,0.0,0.0,0.0,0.0,0.0,0.0,131,nan,nan,0,T_JUNCTION,51,1,1,0
87.15577554702759,0.0,0.0,0.0,0.0,0.0,0.0,0.0,131,nan,nan,0,T_JUNCTION,51,1,1,0
87.17576217651367,0.0,0.0,0.0,0.0,0.0,0.0,0.0,131,nan,nan,0,T_JUNCTION,51,1,1,0
87.19577407836914,0.0,0.0,0.0,0.0,0.0,0.0,0.0,131,nan,nan,0,T_JUNCTION,51,1,1,0
87.2157814502716,0.0,0.0,0.0,0.0,0.0,0.0,0.0,131,nan,nan,0,T_JUNCTION,51,1,1,0
87.23581409454346,0.0,0.0,0.0,0.0,0.0,0.0,0.0,131,nan,nan,0,T_JUNCTION,51,1,1,0
87.25577211380005,0.0,0.0,0.0,0.0,0.0,0.0,0.0,131,nan,nan,0,T_JUNCTION,51,1,1,0
87.2757682800293,0.0,0.0,0.0,0.0,0.0,0.0,0.0,131,nan,nan,0,T_JUNCTION,51,1,1,0
87.29581880569458,0.0,0.0,0.0,0.0,0.0,0.0,0.0,131,nan,nan,0,T_JUNCTION,51,1,1,0
87.31577587127686,0.0,0.0,0.0,0.0,0.0,0.0,0.0,131,nan,nan,0,T_JUNCTION,51,1,1,0
87.33579516410828,0.0,0.0,0.0,0.0,0.0,0.0,0.0,131,nan,nan,0,T_JUNCTION,51,1,1,0
87.35577702522278,0.0,0.0,0.0,0.0,0.0,0.0,0.0,131,nan,nan,0,T_JUNCTION,51,1,1,0
87.37577986717224,0.0,0.0,0.0,0.0,0.0,0.0,0.0,131,nan,nan,0,T_JUNCTION,51,1,1,0
87.39576506614685,0.0,0.0,0.0,0.0,0.0,0.0,0.0,131,nan,nan,0,T_JUNCTION,51,1,1,0
87.41578316688538,0.0,0.0,0.0,0.0,0.0,0.0,0.0,131,nan,nan,0,T_JUNCTION,51,1,1,0
87.43578696250916,0.0,0.0,0.0,0.0,0.0,0.0,0.0,131,nan,nan,0,T_JUNCTION,51,1,1,0
87.4557752609253,0.0,0.0,0.0,0.0,0.0,0.0,0.0,131,nan,nan,0,T_JUNCTION,51,1,1,0
87.47577357292175,0.0,0.0,0.0,0.0,0.0,0.0,0.0,131,nan,nan,0,T_JUNCTION,51,1,1,0
87.49577975273132,0.0,0.0,0.0,0.0,0.0,0.0,0.0,131,nan,nan,0,T_JUNCTION,51,1,1,0
87.51577377319336,0.0,0.0,0.0,0.0,0.0,0.0,0.0,131,nan,nan,0,T_JUNCTION,51,1,1,0
87.53578996658325,0.0,0.0,0.0,0.0,0.0,0.0,0.0,131,nan,nan,0,T_JUNCTION,51,1,1,0
87.5557873249054,0.0,0.0,0.0,0.0,0.0,0.0,0.0,131,nan,nan,0,T_JUNCTION,51,1,1,0
87.57575297355652,0.0,0.0,0.0,0.0,0.0,0.0,0.0,131,nan,nan,0,T_JUNCTION,51,1,1,0
87.59576034545898,0.0,0.0,0.0,0.0,0.0,0.0,0.0,131,nan,nan,0,T_JUNCTION,51,1,1,0
87.61575436592102,0.0,0.0,0.0,0.0,0.0,0.0,0.0,131,nan,nan,0,T_JUNCTION,51,1,1,0
87.6357901096344,0.0,0.0,0.0,0.0,0.0,0.0,0.0,131,nan,nan,0,T_JUNCTION,51,1,1,0
87.65579319000244,0.0,0.0,0.0,0.0,0.0,0.0,0.0,131,nan,nan,0,T_JUNCTION,51,1,1,0
87.67577767372131,0.0,0.0,0.0,0.0,0.0,0.0,0.0,131,nan,nan,0,T_JUNCTION,51,1,1,0
87.6957790851593,0.0,0.0,0.0,0.0,0.0,0.0,0.0,131,nan,nan,0,T_JUNCTION,51,1,1,0
87.71577286720276,0.0,0.0,0.0,0.0,0.0,0.0,0.0,131,nan,nan,0,T_JUNCTION,51,1,1,0
87.73579168319702,0.0,0.0,0.0,0.0,0.0,0.0,0.0,131,nan,nan,0,T_JUNCTION,51,1,1,0
87.75577044487,0.0,0.0,0.0,0.0,0.0,0.0,0.0,131,nan,nan,0,T_JUNCTION,51,1,1,0
87.77576613426208,0.0,0.0,0.0,0.0,0.0,0.0,0.0,131,nan,nan,0,T_JUNCTION,51,1,1,0
87.7957661151886,0.0,0.0,0.0,0.0,0.0,0.0,0.0,131,nan,nan,0,T_JUNCTION,51,1,1,0
87.81576442718506,0.0,0.0,0.0,0.0,0.0,0.0,0.0,131,nan,nan,0,T_JUNCTION,51,1,1,0
87.8357801437378,0.0,0.0,0.0,0.0,0.0,0.0,0.0,131,nan,nan,0,T_JUNCTION,51,1,1,0
87.85579586029053,0.0,0.0,0.0,0.0,0.0,0.0,0.0,131,nan,nan,0,T_JUNCTION,51,1,1,0
87.87576127052307,0.0,0.0,0.0,0.0,0.0,0.0,0.0,131,nan,nan,0,T_JUNCTION,51,1,1,0
87.8957588672638,0.0,0.0,0.0,0.0,0.0,0.0,0.0,131,nan,nan,0,T_JUNCTION,51,1,1,0
87.91576266288757,0.0,0.0,0.0,0.0,0.0,0.0,0.0,131,nan,nan,0,T_JUNCTION,51,1,1,0
87.9358057975769,0.0,0.0,0.0,0.0,0.0,0.0,0.0,131,nan,nan,0,T_JUNCTION,51,1,1,0
87.95576190948486,0.0,0.0,0.0,0.0,0.0,0.0,0.0,131,nan,nan,0,T_JUNCTION,51,1,1,0
87.97576332092285,0.0,0.0,0.0,0.0,0.0,0.0,0.0,131,nan,nan,0,T_JUNCTION,51,1,1,0
87.99576187133789,0.0,0.0,0.0,0.0,0.0,0.0,0.0,131,nan,nan,0,T_JUNCTION,51,1,1,0
88.01577115058899,0.0,0.0,0.0,0.0,0.0,0.0,0.0,131,nan,nan,0,T_JUNCTION,51,1,1,0
88.03582191467285,0.0,0.0,0.0,0.0,0.0,0.0,0.0,131,nan,nan,0,T_JUNCTION,51,1,1,0
88.05579471588135,0.0,0.0,0.0,0.0,0.0,0.0,0.0,131,nan,nan,0,T_JUNCTION,51,1,1,0
88.07576012611389,0.0,0.0,0.0,0.0,0.0,0.0,0.0,131,nan,nan,0,T_JUNCTION,51,1,1,0
88.0957522392273,0.0,0.0,0.0,0.0,0.0,0.0,0.0,131,nan,nan,0,T_JUNCTION,51,1,1,0
88.1157615184784,0.0,0.0,0.0,0.0,0.0,0.0,0.0,131,nan,nan,0,T_JUNCTION,51,1,1,0
88.13580679893494,0.0,0.0,0.0,0.0,0.0,0.0,0.0,131,nan,nan,0,T_JUNCTION,51,1,1,0
88.15576720237732,0.0,0.0,0.0,0.0,0.0,0.0,0.0,131,nan,nan,0,T_JUNCTION,51,1,1,0
88.1757595539093,0.0,0.0,0.0,0.0,0.0,0.0,0.0,131,nan,nan,0,T_JUNCTION,51,1,1,0
88.19577383995056,0.0,0.0,0.0,0.0,0.0,0.0,0.0,131,nan,nan,0,T_JUNCTION,51,1,1,0
88.21577286720276,0.0,0.0,0.0,0.0,0.0,0.0,0.0,131,nan,nan,0,T_JUNCTION,51,1,1,0
88.23579216003418,0.0,0.0,0.0,0.0,0.0,0.0,0.0,131,nan,nan,0,T_JUNCTION,51,1,1,0
88.25577163696289,0.0,0.0,0.0,0.0,0.0,0.0,0.0,131,nan,nan,0,T_JUNCTION,51,1,1,0
88.27576494216919,0.0,0.0,0.0,0.0,0.0,0.0,0.0,131,nan,nan,0,T_JUNCTION,51,1,1,0
88.2958116531372,0.0,0.0,0.0,0.0,0.0,0.0,0.0,131,nan,nan,0,T_JUNCTION,51,1,1,0
88.31576418876648,0.0,0.0,0.0,0.0,0.0,0.0,0.0,131,nan,nan,0,T_JUNCTION,51,1,1,0
88.33578658103943,0.0,0.0,0.0,0.0,0.0,0.0,0.0,131,nan,nan,0,T_JUNCTION,51,1,1,0
88.35575604438782,0.0,0.0,0.0,0.0,0.0,0.0,0.0,131,nan,nan,0,T_JUNCTION,51,1,1,0
88.37577152252197,0.0,0.0,0.0,0.0,0.0,0.0,0.0,131,nan,nan,0,T_JUNCTION,51,1,1,0
88.39576148986816,0.0,0.0,0.0,0.0,0.0,0.0,0.0,131,nan,nan,0,T_JUNCTION,51,1,1,0
88.41576361656189,0.0,0.0,0.0,0.0,0.0,0.0,0.0,131,nan,nan,0,T_JUNCTION,51,1,1,0
88.435781955719,0.0,0.0,0.0,0.0,0.0,0.0,0.0,131,nan,nan,0,T_JUNCTION,51,1,1,0
88.45579981803894,0.0,0.0,0.0,0.0,0.0,0.0,0.0,131,nan,nan,0,T_JUNCTION,51,1,1,0
88.47575664520264,0.0,0.0,0.0,0.0,0.0,0.0,0.0,131,nan,nan,0,T_JUNCTION,51,1,1,0
88.49577307701111,0.0,0.0,0.0,0.0,0.0,0.0,0.0,131,nan,nan,0,T_JUNCTION,51,1,1,0
88.51576614379883,0.0,0.0,0.0,0.0,0.0,0.0,0.0,131,nan,nan,0,T_JUNCTION,51,1,1,0
88.53584885597229,0.0,0.0,0.0,0.0,0.0,0.0,0.0,131,nan,nan,0,T_JUNCTION,51,1,1,0
88.55576014518738,0.0,0.0,0.0,0.0,0.0,0.0,0.0,131,nan,nan,0,T_JUNCTION,51,1,1,0
88.57575511932373,0.0,0.0,0.0,0.0,0.0,0.0,0.0,131,nan,nan,0,T_JUNCTION,51,1,1,0
88.59576058387756,0.0,0.0,0.0,0.0,0.0,0.0,0.0,131,nan,nan,0,T_JUNCTION,51,1,1,0
88.61575746536255,0.0,0.0,0.0,0.0,0.0,0.0,0.0,131,nan,nan,0,T_JUNCTION,51,1,1,0
88.63577842712402,0.0,0.0,0.0,0.0,0.0,0.0,0.0,131,nan,nan,0,T_JUNCTION,51,1,1,0
88.65581679344177,0.0,0.0,0.0,0.0,0.0,0.0,0.0,131,nan,nan,0,T_JUNCTION,51,1,1,0
88.6757538318634,0.0,0.0,0.0,0.0,0.0,0.0,0.0,131,nan,nan,0,T_JUNCTION,51,1,1,0
88.69576334953308,0.0,0.0,0.0,0.0,0.0,0.0,0.0,131,nan,nan,0,T_JUNCTION,51,1,1,0
88.71577715873718,0.0,0.0,0.0,0.0,0.0,0.0,0.0,131,nan,nan,0,T_JUNCTION,51,1,1,0
88.73581123352051,0.0,0.0,0.0,0.0,0.0,0.0,0.0,131,nan,nan,0,T_JUNCTION,51,1,1,0
88.75580763816833,0.0,0.0,0.0,0.0,0.0,0.0,0.0,131,nan,nan,0,T_JUNCTION,51,1,1,0
88.77578091621399,0.0,0.0,0.0,0.0,0.0,0.0,0.0,131,nan,nan,0,T_JUNCTION,51,1,1,0
88.79576778411865,0.0,0.0,0.0,0.0,0.0,0.0,0.0,131,nan,nan,0,T_JUNCTION,51,1,1,0
88.8157548904419,0.0,0.0,0.0,0.0,0.0,0.0,0.0,131,nan,nan,0,T_JUNCTION,51,1,1,0
88.83581686019897,0.0,0.0,0.0,0.0,0.0,0.0,0.0,131,nan,nan,0,T_JUNCTION,51,1,1,0
88.85577154159546,0.0,0.0,0.0,0.0,0.0,0.0,0.0,131,nan,nan,0,T_JUNCTION,51,1,1,0
88.87577533721924,0.0,0.0,0.0,0.0,0.0,0.0,0.0,131,nan,nan,0,T_JUNCTION,51,1,1,0
88.89577341079712,0.0,0.0,0.0,0.0,0.0,0.0,0.0,131,nan,nan,0,T_JUNCTION,51,1,1,0
88.91576719284058,0.0,0.0,0.0,0.0,0.0,0.0,0.0,131,nan,nan,0,T_JUNCTION,51,1,1,0
88.93579125404358,0.0,0.0,0.0,0.0,0.0,0.0,0.0,131,nan,nan,0,T_JUNCTION,51,1,1,0
88.95577049255371,0.0,0.0,0.0,0.0,0.0,0.0,0.0,131,nan,nan,0,T_JUNCTION,51,1,1,0
88.97577023506165,0.0,0.0,0.0,0.0,0.0,0.0,0.0,131,nan,nan,0,T_JUNCTION,51,1,1,0
88.99578046798706,0.0,0.0,0.0,0.0,0.0,0.0,0.0,131,nan,nan,0,T_JUNCTION,51,1,1,0
89.01575422286987,0.0,0.0,0.0,0.0,0.0,0.0,0.0,131,nan,nan,0,T_JUNCTION,51,1,1,0
89.03579664230347,0.0,0.0,0.0,0.0,0.0,0.0,0.0,131,nan,nan,0,T_JUNCTION,51,1,1,0
89.05579400062561,0.0,0.0,0.0,0.0,0.0,0.0,0.0,131,nan,nan,0,T_JUNCTION,51,1,1,0
89.07576179504395,0.0,0.0,0.0,0.0,0.0,0.0,0.0,131,nan,nan,0,T_JUNCTION,51,1,1,0
89.09576296806335,0.0,0.0,0.0,0.0,0.0,0.0,0.0,131,nan,nan,0,T_JUNCTION,51,1,1,0
89.1157751083374,0.0,0.0,0.0,0.0,0.0,0.0,0.0,131,nan,nan,0,T_JUNCTION,51,1,1,0
89.13581371307373,0.0,0.0,0.0,0.0,0.0,0.0,0.0,131,nan,nan,0,T_JUNCTION,51,1,1,0
89.15577793121338,0.0,0.0,0.0,0.0,0.0,0.0,0.0,131,nan,nan,0,T_JUNCTION,51,1,1,0
89.17575812339783,0.0,0.0,0.0,0.0,0.0,0.0,0.0,131,nan,nan,0,T_JUNCTION,51,1,1,0
89.1957643032074,0.0,0.0,0.0,0.0,0.0,0.0,0.0,131,nan,nan,0,T_JUNCTION,51,1,1,0
89.21578240394592,0.0,0.0,0.0,0.0,0.0,0.0,0.0,131,nan,nan,0,T_JUNCTION,51,1,1,0
89.23578310012817,0.0,0.0,0.0,0.0,0.0,0.0,0.0,131,nan,nan,0,T_JUNCTION,51,1,1,0
89.25577759742737,0.0,0.0,0.0,0.0,0.0,0.0,0.0,131,nan,nan,0,T_JUNCTION,51,1,1,0
89.27575707435608,0.0,0.0,0.0,0.0,0.0,0.0,0.0,131,nan,nan,0,T_JUNCTION,51,1,1,0
89.2957649230957,0.0,0.0,0.0,0.0,0.0,0.0,0.0,131,nan,nan,0,T_JUNCTION,51,1,1,0
89.3157742023468,0.0,0.0,0.0,0.0,0.0,0.0,0.0,131,nan,nan,0,T_JUNCTION,51,1,1,0
89.33579087257385,0.0,0.0,0.0,0.0,0.0,0.0,0.0,131,nan,nan,0,T_JUNCTION,51,1,1,0
89.35578083992004,0.0,0.0,0.0,0.0,0.0,0.0,0.0,131,nan,nan,0,T_JUNCTION,51,1,1,0
89.37578201293945,0.0,0.0,0.0,0.0,0.0,0.0,0.0,131,nan,nan,0,T_JUNCTION,51,1,1,0
89.39577674865723,0.0,0.0,0.0,0.0,0.0,0.0,0.0,131,nan,nan,0,T_JUNCTION,51,1,1,0
89.41576170921326,0.0,0.0,0.0,0.0,0.0,0.0,0.0,131,nan,nan,0,T_JUNCTION,51,1,1,0
89.43577408790588,0.0,0.0,0.0,0.0,0.0,0.0,0.0,131,nan,nan,0,T_JUNCTION,51,1,1,0
89.45577907562256,0.0,0.0,0.0,0.0,0.0,0.0,0.0,131,nan,nan,0,T_JUNCTION,51,1,1,0
89.47579789161682,0.0,0.0,0.0,0.0,0.0,0.0,0.0,131,nan,nan,0,T_JUNCTION,51,1,1,0
89.49577283859253,0.0,0.0,0.0,0.0,0.0,0.0,0.0,131,nan,nan,0,T_JUNCTION,51,1,1,0
89.51576447486877,0.0,0.0,0.0,0.0,0.0,0.0,0.0,131,nan,nan,0,T_JUNCTION,51,1,1,0
89.53578543663025,0.0,0.0,0.0,0.0,0.0,0.0,0.0,131,nan,nan,0,T_JUNCTION,51,1,1,0
89.5557656288147,0.0,0.0,0.0,0.0,0.0,0.0,0.0,131,nan,nan,0,T_JUNCTION,51,1,1,0
89.57576990127563,0.0,0.0,0.0,0.0,0.0,0.0,0.0,131,nan,nan,0,T_JUNCTION,51,1,1,0
89.59576606750488,0.0,0.0,0.0,0.0,0.0,0.0,0.0,131,nan,nan,0,T_JUNCTION,51,1,1,0
89.61577296257019,0.0,0.0,0.0,0.0,0.0,0.0,0.0,131,nan,nan,0,T_JUNCTION,51,1,1,0
89.63577508926392,0.0,0.0,0.0,0.0,0.0,0.0,0.0,131,nan,nan,0,T_JUNCTION,51,1,1,0
89.655770778656,0.0,0.0,0.0,0.0,0.0,0.0,0.0,131,nan,nan,0,T_JUNCTION,51,1,1,0
89.67580366134644,0.0,0.0,0.0,0.0,0.0,0.0,0.0,131,nan,nan,0,T_JUNCTION,51,1,1,0
89.69577598571777,0.0,0.0,0.0,0.0,0.0,0.0,0.0,131,nan,nan,0,T_JUNCTION,51,1,1,0
89.71575474739075,0.0,0.0,0.0,0.0,0.0,0.0,0.0,131,nan,nan,0,T_JUNCTION,51,1,1,0
89.73576879501343,0.0,0.0,0.0,0.0,0.0,0.0,0.0,131,nan,nan,0,T_JUNCTION,51,1,1,0
89.75576496124268,0.0,0.0,0.0,0.0,0.0,0.0,0.0,131,nan,nan,0,T_JUNCTION,51,1,1,0
89.77576470375061,0.0,0.0,0.0,0.0,0.0,0.0,0.0,131,nan,nan,0,T_JUNCTION,51,1,1,0
89.79576897621155,0.0,0.0,0.0,0.0,0.0,0.0,0.0,131,nan,nan,0,T_JUNCTION,51,1,1,0
89.81577587127686,0.0,0.0,0.0,0.0,0.0,0.0,0.0,131,nan,nan,0,T_JUNCTION,51,1,1,0
89.83578372001648,0.0,0.0,0.0,0.0,0.0,0.0,0.0,131,nan,nan,0,T_JUNCTION,51,1,1,0
89.85579180717468,0.0,0.0,0.0,0.0,0.0,0.0,0.0,131,nan,nan,0,T_JUNCTION,51,1,1,0
89.87578392028809,0.0,0.0,0.0,0.0,0.0,0.0,0.0,131,nan,nan,0,T_JUNCTION,51,1,1,0
89.89576935768127,0.0,0.0,0.0,0.0,0.0,0.0,0.0,131,nan,nan,0,T_JUNCTION,51,1,1,0
89.91576147079468,0.0,0.0,0.0,0.0,0.0,0.0,0.0,131,nan,nan,0,T_JUNCTION,51,1,1,0
89.93576884269714,0.0,0.0,0.0,0.0,0.0,0.0,0.0,131,nan,nan,0,T_JUNCTION,51,1,1,0
89.95576548576355,0.0,0.0,0.0,0.0,0.0,0.0,0.0,131,nan,nan,0,T_JUNCTION,51,1,1,0
89.97577452659607,0.0,0.0,0.0,0.0,0.0,0.0,0.0,131,nan,nan,0,T_JUNCTION,51,1,1,0
89.99576473236084,0.0,0.0,0.0,0.0,0.0,0.0,0.0,131,nan,nan,0,T_JUNCTION,51,1,1,0
90.01571774482727,0.0,0.0,0.0,0.0,0.0,0.0,0.0,131,nan,nan,0,T_JUNCTION,51,1,1,0
90.03572607040405,0.0,0.0,0.0,0.0,0.0,0.0,0.0,131,nan,nan,0,T_JUNCTION,51,1,1,0
90.0557792186737,0.0,0.0,0.0,0.0,0.0,0.0,0.0,131,nan,nan,0,T_JUNCTION,51,1,1,0
90.07578635215759,0.0,0.0,0.0,0.0,0.0,0.0,0.0,131,nan,nan,0,T_JUNCTION,51,1,1,0
90.09578442573547,0.0,0.0,0.0,0.0,0.0,0.0,0.0,131,nan,nan,0,T_JUNCTION,51,1,1,0
90.11579418182373,0.0,0.0,0.0,0.0,0.0,0.0,0.0,131,nan,nan,0,T_JUNCTION,51,1,1,0
90.13577270507812,0.0,0.0,0.0,0.0,0.0,0.0,0.0,131,nan,nan,0,T_JUNCTION,51,1,1,0
90.15576577186584,0.0,0.0,0.0,0.0,0.0,0.0,0.0,131,nan,nan,0,T_JUNCTION,51,1,1,0
90.17576265335083,0.0,0.0,0.0,0.0,0.0,0.0,0.0,131,nan,nan,0,T_JUNCTION,51,1,1,0
90.1957631111145,0.0,0.0,0.0,0.0,0.0,0.0,0.0,131,nan,nan,0,T_JUNCTION,51,1,1,0
90.21579337120056,0.0,0.0,0.0,0.0,0.0,0.0,0.0,131,nan,nan,0,T_JUNCTION,51,1,1,0
90.23578000068665,0.0,0.0,0.0,0.0,0.0,0.0,0.0,131,nan,nan,0,T_JUNCTION,51,1,1,0
90.25578212738037,0.0,0.0,0.0,0.0,0.0,0.0,0.0,131,nan,nan,0,T_JUNCTION,51,1,1,0
90.27576804161072,0.0,0.0,0.0,0.0,0.0,0.0,0.0,131,nan,nan,0,T_JUNCTION,51,1,1,0
90.29580092430115,0.0,0.0,0.0,0.0,0.0,0.0,0.0,131,nan,nan,0,T_JUNCTION,51,1,1,0
90.31579399108887,0.0,0.0,0.0,0.0,0.0,0.0,0.0,131,nan,nan,0,T_JUNCTION,51,1,1,0
90.335773229599,0.0,0.0,0.0,0.0,0.0,0.0,0.0,131,nan,nan,0,T_JUNCTION,51,1,1,0
90.35576629638672,0.0,0.0,0.0,0.0,0.0,0.0,0.0,131,nan,nan,0,T_JUNCTION,51,1,1,0
90.37578964233398,0.0,0.0,0.0,0.0,0.0,0.0,0.0,131,nan,nan,0,T_JUNCTION,51,1,1,0
90.39576530456543,0.0,0.0,0.0,0.0,0.0,0.0,0.0,131,nan,nan,0,T_JUNCTION,51,1,1,0
90.41580128669739,0.0,0.0,0.0,0.0,0.0,0.0,0.0,131,nan,nan,0,T_JUNCTION,51,1,1,0
90.43577647209167,0.0,0.0,0.0,0.0,0.0,0.0,0.0,131,nan,nan,0,T_JUNCTION,51,1,1,0
90.45578742027283,0.0,0.0,0.0,0.0,0.0,0.0,0.0,131,nan,nan,0,T_JUNCTION,51,1,1,0
90.47576379776001,0.0,0.0,0.0,0.0,0.0,0.0,0.0,131,nan,nan,0,T_JUNCTION,51,1,1,0
90.49576497077942,0.0,0.0,0.0,0.0,0.0,0.0,0.0,131,nan,nan,0,T_JUNCTION,51,1,1,0
90.51578879356384,0.0,0.0,0.0,0.0,0.0,0.0,0.0,131,nan,nan,0,T_JUNCTION,51,1,1,0
90.53576803207397,0.0,0.0,0.0,0.0,0.0,0.0,0.0,131,nan,nan,0,T_JUNCTION,51,1,1,0
90.55575656890869,0.0,0.0,0.0,0.0,0.0,0.0,0.0,131,nan,nan,0,T_JUNCTION,51,1,1,0
90.57576084136963,0.0,0.0,0.0,0.0,0.0,0.0,0.0,131,nan,nan,0,T_JUNCTION,51,1,1,0
90.5957670211792,0.0,0.0,0.0,0.0,0.0,0.0,0.0,131,nan,nan,0,T_JUNCTION,51,1,1,0
90.61579656600952,0.0,0.0,0.0,0.0,0.0,0.0,0.0,131,nan,nan,0,T_JUNCTION,51,1,1,0
90.63577127456665,0.0,0.0,0.0,0.0,0.0,0.0,0.0,131,nan,nan,0,T_JUNCTION,51,1,1,0
90.65579843521118,0.0,0.0,0.0,0.0,0.0,0.0,0.0,131,nan,nan,0,T_JUNCTION,51,1,1,0
90.67578601837158,0.0,0.0,0.0,0.0,0.0,0.0,0.0,131,nan,nan,0,T_JUNCTION,51,1,1,0
90.69578218460083,0.0,0.0,0.0,0.0,0.0,0.0,0.0,131,nan,nan,0,T_JUNCTION,51,1,1,0
90.71581411361694,0.0,0.0,0.0,0.0,0.0,0.0,0.0,131,nan,nan,0,T_JUNCTION,51,1,1,0
90.73578071594238,0.0,0.0,0.0,0.0,0.0,0.0,0.0,131,nan,nan,0,T_JUNCTION,51,1,1,0
90.75576424598694,0.0,0.0,0.0,0.0,0.0,0.0,0.0,131,nan,nan,0,T_JUNCTION,51,1,1,0
90.77578377723694,0.0,0.0,0.0,0.0,0.0,0.0,0.0,131,nan,nan,0,T_JUNCTION,51,1,1,0
90.79576420783997,0.0,0.0,0.0,0.0,0.0,0.0,0.0,131,nan,nan,0,T_JUNCTION,51,1,1,0
90.81579971313477,0.0,0.0,0.0,0.0,0.0,0.0,0.0,131,nan,nan,0,T_JUNCTION,51,1,1,0
90.83576965332031,0.0,0.0,0.0,0.0,0.0,0.0,0.0,131,nan,nan,0,T_JUNCTION,51,1,1,0
90.85577988624573,0.0,0.0,0.0,0.0,0.0,0.0,0.0,131,nan,nan,0,T_JUNCTION,51,1,1,0
90.87576460838318,0.0,0.0,0.0,0.0,0.0,0.0,0.0,131,nan,nan,0,T_JUNCTION,51,1,1,0
90.89577317237854,0.0,0.0,0.0,0.0,0.0,0.0,0.0,131,nan,nan,0,T_JUNCTION,51,1,1,0
90.91581273078918,0.0,0.0,0.0,0.0,0.0,0.0,0.0,131,nan,nan,0,T_JUNCTION,51,1,1,0
90.93577265739441,0.0,0.0,0.0,0.0,0.0,0.0,0.0,131,nan,nan,0,T_JUNCTION,51,1,1,0
90.95577907562256,0.0,0.0,0.0,0.0,0.0,0.0,0.0,131,nan,nan,0,T_JUNCTION,51,1,1,0
90.9757661819458,0.0,0.0,0.0,0.0,0.0,0.0,0.0,131,nan,nan,0,T_JUNCTION,51,1,1,0
90.99577140808105,0.0,0.0,0.0,0.0,0.0,0.0,0.0,131,nan,nan,0,T_JUNCTION,51,1,1,0
91.015789270401,0.0,0.0,0.0,0.0,0.0,0.0,0.0,131,nan,nan,0,T_JUNCTION,51,1,1,0
91.03576135635376,0.0,0.0,0.0,0.0,0.0,0.0,0.0,131,nan,nan,0,T_JUNCTION,51,1,1,0
91.05577301979065,0.0,0.0,0.0,0.0,0.0,0.0,0.0,131,nan,nan,0,T_JUNCTION,51,1,1,0
91.07577013969421,0.0,0.0,0.0,0.0,0.0,0.0,0.0,131,nan,nan,0,T_JUNCTION,51,1,1,0
91.09578275680542,0.0,0.0,0.0,0.0,0.0,0.0,0.0,131,nan,nan,0,T_JUNCTION,51,1,1,0
91.11582493782043,0.0,0.0,0.0,0.0,0.0,0.0,0.0,131,nan,nan,0,T_JUNCTION,51,1,1,0
91.13578724861145,0.0,0.0,0.0,0.0,0.0,0.0,0.0,131,nan,nan,0,T_JUNCTION,51,1,1,0
91.15576887130737,0.0,0.0,0.0,0.0,0.0,0.0,0.0,131,nan,nan,0,T_JUNCTION,51,1,1,0
91.17576122283936,0.0,0.0,0.0,0.0,0.0,0.0,0.0,131,nan,nan,0,T_JUNCTION,51,1,1,0
91.19576859474182,0.0,0.0,0.0,0.0,0.0,0.0,0.0,131,nan,nan,0,T_JUNCTION,51,1,1,0
91.21579647064209,0.0,0.0,0.0,0.0,0.0,0.0,0.0,131,nan,nan,0,T_JUNCTION,51,1,1,0
91.23577380180359,0.0,0.0,0.0,0.0,0.0,0.0,0.0,131,nan,nan,0,T_JUNCTION,51,1,1,0
91.25579452514648,0.0,0.0,0.0,0.0,0.0,0.0,0.0,131,nan,nan,0,T_JUNCTION,51,1,1,0
91.27576065063477,0.0,0.0,0.0,0.0,0.0,0.0,0.0,131,nan,nan,0,T_JUNCTION,51,1,1,0
91.29581499099731,0.0,0.0,0.0,0.0,0.0,0.0,0.0,131,nan,nan,0,T_JUNCTION,51,1,1,0
91.31579518318176,0.0,0.0,0.0,0.0,0.0,0.0,0.0,131,nan,nan,0,T_JUNCTION,51,1,1,0
91.33577084541321,0.0,0.0,0.0,0.0,0.0,0.0,0.0,131,nan,nan,0,T_JUNCTION,51,1,1,0
91.35576033592224,0.0,0.0,0.0,0.0,0.0,0.0,0.0,131,nan,nan,0,T_JUNCTION,51,1,1,0
91.37576818466187,0.0,0.0,0.0,0.0,0.0,0.0,0.0,131,nan,nan,0,T_JUNCTION,51,1,1,0
91.39576172828674,0.0,0.0,0.0,0.0,0.0,0.0,0.0,131,nan,nan,0,T_JUNCTION,51,1,1,0
91.41579914093018,0.0,0.0,0.0,0.0,0.0,0.0,0.0,131,nan,nan,0,T_JUNCTION,51,1,1,0
91.43577766418457,0.0,0.0,0.0,0.0,0.0,0.0,0.0,131,nan,nan,0,T_JUNCTION,51,1,1,0
91.45578408241272,0.0,0.0,0.0,0.0,0.0,0.0,0.0,131,nan,nan,0,T_JUNCTION,51,1,1,0
91.47575998306274,0.0,0.0,0.0,0.0,0.0,0.0,0.0,131,nan,nan,0,T_JUNCTION,51,1,1,0
91.49575614929199,0.0,0.0,0.0,0.0,0.0,0.0,0.0,131,nan,nan,0,T_JUNCTION,51,1,1,0
91.51578068733215,0.0,0.0,0.0,0.0,0.0,0.0,0.0,131,nan,nan,0,T_JUNCTION,51,1,1,0
91.5358018875122,0.0,0.0,0.0,0.0,0.0,0.0,0.0,131,nan,nan,0,T_JUNCTION,51,1,1,0
91.55576777458191,0.0,0.0,0.0,0.0,0.0,0.0,0.0,131,nan,nan,0,T_JUNCTION,51,1,1,0
91.57575607299805,0.0,0.0,0.0,0.0,0.0,0.0,0.0,131,nan,nan,0,T_JUNCTION,51,1,1,0
91.5957658290863,0.0,0.0,0.0,0.0,0.0,0.0,0.0,131,nan,nan,0,T_JUNCTION,51,1,1,0
91.61579084396362,0.0,0.0,0.0,0.0,0.0,0.0,0.0,131,nan,nan,0,T_JUNCTION,51,1,1,0
91.63577055931091,0.0,0.0,0.0,0.0,0.0,0.0,0.0,131,nan,nan,0,T_JUNCTION,51,1,1,0
91.65583658218384,0.0,0.0,0.0,0.0,0.0,0.0,0.0,131,nan,nan,0,T_JUNCTION,51,1,1,0
91.67577123641968,0.0,0.0,0.0,0.0,0.0,0.0,0.0,131,nan,nan,0,T_JUNCTION,51,1,1,0
91.69578337669373,0.0,0.0,0.0,0.0,0.0,0.0,0.0,131,nan,nan,0,T_JUNCTION,51,1,1,0
91.71580219268799,0.0,0.0,0.0,0.0,0.0,0.0,0.0,131,nan,nan,0,T_JUNCTION,51,1,1,0
91.73576736450195,0.0,0.0,0.0,0.0,0.0,0.0,0.0,131,nan,nan,0,T_JUNCTION,51,1,1,0
91.75580430030823,0.0,0.0,0.0,0.0,0.0,0.0,0.0,131,nan,nan,0,T_JUNCTION,51,1,1,0
91.7757658958435,0.0,0.0,0.0,0.0,0.0,0.0,0.0,131,nan,nan,0,T_JUNCTION,51,1,1,0
91.7957751750946,0.0,0.0,0.0,0.0,0.0,0.0,0.0,131,nan,nan,0,T_JUNCTION,51,1,1,0
91.81579065322876,0.0,0.0,0.0,0.0,0.0,0.0,0.0,131,nan,nan,0,T_JUNCTION,51,1,1,0
91.83575963973999,0.0,0.0,0.0,0.0,0.0,0.0,0.0,131,nan,nan,0,T_JUNCTION,51,1,1,0
91.85576581954956,0.0,0.0,0.0,0.0,0.0,0.0,0.0,131,nan,nan,0,T_JUNCTION,51,1,1,0
91.87577509880066,0.0,0.0,0.0,0.0,0.0,0.0,0.0,131,nan,nan,0,T_JUNCTION,51,1,1,0
91.89576530456543,0.0,0.0,0.0,0.0,0.0,0.0,0.0,131,nan,nan,0,T_JUNCTION,51,1,1,0
91.9158136844635,0.0,0.0,0.0,0.0,0.0,0.0,0.0,131,nan,nan,0,T_JUNCTION,51,1,1,0
91.93578290939331,0.0,0.0,0.0,0.0,0.0,0.0,0.0,131,nan,nan,0,T_JUNCTION,51,1,1,0
91.95575761795044,0.0,0.0,0.0,0.0,0.0,0.0,0.0,131,nan,nan,0,T_JUNCTION,51,1,1,0
91.97576642036438,0.0,0.0,0.0,0.0,0.0,0.0,0.0,131,nan,nan,0,T_JUNCTION,51,1,1,0
91.99577140808105,0.0,0.0,0.0,0.0,0.0,0.0,0.0,131,nan,nan,0,T_JUNCTION,51,1,1,0
92.01579070091248,0.0,0.0,0.0,0.0,0.0,0.0,0.0,131,nan,nan,0,T_JUNCTION,51,1,1,0
92.0357677936554,0.0,0.0,0.0,0.0,0.0,0.0,0.0,131,nan,nan,0,T_JUNCTION,51,1,1,0
92.05578303337097,0.0,0.0,0.0,0.0,0.0,0.0,0.0,131,nan,nan,0,T_JUNCTION,51,1,1,0
92.07577753067017,0.0,0.0,0.0,0.0,0.0,0.0,0.0,131,nan,nan,0,T_JUNCTION,51,1,1,0
92.09577560424805,0.0,0.0,0.0,0.0,0.0,0.0,0.0,131,nan,nan,0,T_JUNCTION,51,1,1,0
92.11581444740295,0.0,0.0,0.0,0.0,0.0,0.0,0.0,131,nan,nan,0,T_JUNCTION,51,1,1,0
92.13577461242676,0.0,0.0,0.0,0.0,0.0,0.0,0.0,131,nan,nan,0,T_JUNCTION,51,1,1,0
92.15575766563416,0.0,0.0,0.0,0.0,0.0,0.0,0.0,131,nan,nan,0,T_JUNCTION,51,1,1,0
92.17577600479126,0.0,0.0,0.0,0.0,0.0,0.0,0.0,131,nan,nan,0,T_JUNCTION,51,1,1,0
92.19577527046204,0.0,0.0,0.0,0.0,0.0,0.0,0.0,131,nan,nan,0,T_JUNCTION,51,1,1,0
92.21579813957214,0.0,0.0,0.0,0.0,0.0,0.0,0.0,131,nan,nan,0,T_JUNCTION,51,1,1,0
92.23576807975769,0.0,0.0,0.0,0.0,0.0,0.0,0.0,131,nan,nan,0,T_JUNCTION,51,1,1,0
92.25578022003174,0.0,0.0,0.0,0.0,0.0,0.0,0.0,131,nan,nan,0,T_JUNCTION,51,1,1,0
92.27577543258667,0.0,0.0,0.0,0.0,0.0,0.0,0.0,131,nan,nan,0,T_JUNCTION,51,1,1,0
92.29580283164978,0.0,0.0,0.0,0.0,0.0,0.0,0.0,131,nan,nan,0,T_JUNCTION,51,1,1,0
92.31577634811401,0.0,0.0,0.0,0.0,0.0,0.0,0.0,131,nan,nan,0,T_JUNCTION,51,1,1,0
92.33576011657715,0.0,0.0,0.0,0.0,0.0,0.0,0.0,131,nan,nan,0,T_JUNCTION,51,1,1,0
92.35575556755066,0.0,0.0,0.0,0.0,0.0,0.0,0.0,131,nan,nan,0,T_JUNCTION,51,1,1,0
92.37589287757874,0.0,0.0,0.0,0.0,0.0,0.0,0.0,131,nan,nan,0,T_JUNCTION,51,1,1,0
92.39577221870422,0.0,0.0,0.0,0.0,0.0,0.0,0.0,131,nan,nan,0,T_JUNCTION,51,1,1,0
92.41581964492798,0.0,0.0,0.0,0.0,0.0,0.0,0.0,131,nan,nan,0,T_JUNCTION,51,1,1,0
92.43578124046326,0.0,0.0,0.0,0.0,0.0,0.0,0.0,131,nan,nan,0,T_JUNCTION,51,1,1,0
92.45578122138977,0.0,0.0,0.0,0.0,0.0,0.0,0.0,131,nan,nan,0,T_JUNCTION,51,1,1,0
92.47577261924744,0.0,0.0,0.0,0.0,0.0,0.0,0.0,131,nan,nan,0,T_JUNCTION,51,1,1,0
92.49577355384827,0.0,0.0,0.0,0.0,0.0,0.0,0.0,131,nan,nan,0,T_JUNCTION,51,1,1,0
92.51579260826111,0.0,0.0,0.0,0.0,0.0,0.0,0.0,131,nan,nan,0,T_JUNCTION,51,1,1,0
92.53576946258545,0.0,0.0,0.0,0.0,0.0,0.0,0.0,131,nan,nan,0,T_JUNCTION,51,1,1,0
92.55578255653381,0.0,0.0,0.0,0.0,0.0,0.0,0.0,131,nan,nan,0,T_JUNCTION,51,1,1,0
92.57575798034668,0.0,0.0,0.0,0.0,0.0,0.0,0.0,131,nan,nan,0,T_JUNCTION,51,1,1,0
92.59576654434204,0.0,0.0,0.0,0.0,0.0,0.0,0.0,131,nan,nan,0,T_JUNCTION,51,1,1,0
92.61578345298767,0.0,0.0,0.0,0.0,0.0,0.0,0.0,131,nan,nan,0,T_JUNCTION,51,1,1,0
92.63577032089233,0.0,0.0,0.0,0.0,0.0,0.0,0.0,131,nan,nan,0,T_JUNCTION,51,1,1,0
92.65579009056091,0.0,0.0,0.0,0.0,0.0,0.0,0.0,131,nan,nan,0,T_JUNCTION,51,1,1,0
92.6758177280426,0.0,0.0,0.0,0.0,0.0,0.0,0.0,131,nan,nan,0,T_JUNCTION,51,1,1,0
92.6957757472992,0.0,0.0,0.0,0.0,0.0,0.0,0.0,131,nan,nan,0,T_JUNCTION,51,1,1,0
92.71577405929565,0.0,0.0,0.0,0.0,0.0,0.0,0.0,131,nan,nan,0,T_JUNCTION,51,1,1,0
92.73576545715332,0.0,0.0,0.0,0.0,0.0,0.0,0.0,131,nan,nan,0,T_JUNCTION,51,1,1,0
92.75575351715088,0.0,0.0,0.0,0.0,0.0,0.0,0.0,131,nan,nan,0,T_JUNCTION,51,1,1,0
92.77575421333313,0.0,0.0,0.0,0.0,0.0,0.0,0.0,131,nan,nan,0,T_JUNCTION,51,1,1,0
92.79576468467712,0.0,0.0,0.0,0.0,0.0,0.0,0.0,131,nan,nan,0,T_JUNCTION,51,1,1,0
92.8157868385315,0.0,0.0,0.0,0.0,0.0,0.0,0.0,131,nan,nan,0,T_JUNCTION,51,1,1,0
92.83578491210938,0.0,0.0,0.0,0.0,0.0,0.0,0.0,131,nan,nan,0,T_JUNCTION,51,1,1,0
92.85578203201294,0.0,0.0,0.0,0.0,0.0,0.0,0.0,131,nan,nan,0,T_JUNCTION,51,1,1,0
92.87577152252197,0.0,0.0,0.0,0.0,0.0,0.0,0.0,131,nan,nan,0,T_JUNCTION,51,1,1,0
92.8957748413086,0.0,0.0,0.0,0.0,0.0,0.0,0.0,131,nan,nan,0,T_JUNCTION,51,1,1,0
92.91578435897827,0.0,0.0,0.0,0.0,0.0,0.0,0.0,131,nan,nan,0,T_JUNCTION,51,1,1,0
92.93578290939331,0.0,0.0,0.0,0.0,0.0,0.0,0.0,131,nan,nan,0,T_JUNCTION,51,1,1,0
92.95575642585754,0.0,0.0,0.0,0.0,0.0,0.0,0.0,131,nan,nan,0,T_JUNCTION,51,1,1,0
92.97575497627258,0.0,0.0,0.0,0.0,0.0,0.0,0.0,131,nan,nan,0,T_JUNCTION,51,1,1,0
92.99578523635864,0.0,0.0,0.0,0.0,0.0,0.0,0.0,131,nan,nan,0,T_JUNCTION,51,1,1,0
93.01576495170593,0.0,0.0,0.0,0.0,0.0,0.0,0.0,131,nan,nan,0,T_JUNCTION,51,1,1,0
93.03577423095703,0.0,0.0,0.0,0.0,0.0,0.0,0.0,131,nan,nan,0,T_JUNCTION,51,1,1,0
93.05579161643982,0.0,0.0,0.0,0.0,0.0,0.0,0.0,131,nan,nan,0,T_JUNCTION,51,1,1,0
93.07576441764832,0.0,0.0,0.0,0.0,0.0,0.0,0.0,131,nan,nan,0,T_JUNCTION,51,1,1,0
93.09577631950378,0.0,0.0,0.0,0.0,0.0,0.0,0.0,131,nan,nan,0,T_JUNCTION,51,1,1,0
93.11577200889587,0.0,0.0,0.0,0.0,0.0,0.0,0.0,131,nan,nan,0,T_JUNCTION,51,1,1,0
93.13579249382019,0.0,0.0,0.0,0.0,0.0,0.0,0.0,131,nan,nan,0,T_JUNCTION,51,1,1,0
93.15578269958496,0.0,0.0,0.0,0.0,0.0,0.0,0.0,131,nan,nan,0,T_JUNCTION,51,1,1,0
93.17576861381531,0.0,0.0,0.0,0.0,0.0,0.0,0.0,131,nan,nan,0,T_JUNCTION,51,1,1,0
93.19577550888062,0.0,0.0,0.0,0.0,0.0,0.0,0.0,131,nan,nan,0,T_JUNCTION,51,1,1,0
93.21575856208801,0.0,0.0,0.0,0.0,0.0,0.0,0.0,131,nan,nan,0,T_JUNCTION,51,1,1,0
93.2357566356659,0.0,0.0,0.0,0.0,0.0,0.0,0.0,131,nan,nan,0,T_JUNCTION,51,1,1,0
93.25576782226562,0.0,0.0,0.0,0.0,0.0,0.0,0.0,131,nan,nan,0,T_JUNCTION,51,1,1,0
93.27578353881836,0.0,0.0,0.0,0.0,0.0,0.0,0.0,131,nan,nan,0,T_JUNCTION,51,1,1,0
93.2958459854126,0.0,0.0,0.0,0.0,0.0,0.0,0.0,131,nan,nan,0,T_JUNCTION,51,1,1,0
93.31577062606812,0.0,0.0,0.0,0.0,0.0,0.0,0.0,131,nan,nan,0,T_JUNCTION,51,1,1,0
93.33577466011047,0.0,0.0,0.0,0.0,0.0,0.0,0.0,131,nan,nan,0,T_JUNCTION,51,1,1,0
93.35575485229492,0.0,0.0,0.0,0.0,0.0,0.0,0.0,131,nan,nan,0,T_JUNCTION,51,1,1,0
93.37577486038208,0.0,0.0,0.0,0.0,0.0,0.0,0.0,131,nan,nan,0,T_JUNCTION,51,1,1,0
93.39577555656433,0.0,0.0,0.0,0.0,0.0,0.0,0.0,131,nan,nan,0,T_JUNCTION,51,1,1,0
93.41576218605042,0.0,0.0,0.0,0.0,0.0,0.0,0.0,131,nan,nan,0,T_JUNCTION,51,1,1,0
93.43576383590698,0.0,0.0,0.0,0.0,0.0,0.0,0.0,131,nan,nan,0,T_JUNCTION,51,1,1,0
93.45576810836792,0.0,0.0,0.0,0.0,0.0,0.0,0.0,131,nan,nan,0,T_JUNCTION,51,1,1,0
93.4757673740387,0.0,0.0,0.0,0.0,0.0,0.0,0.0,131,nan,nan,0,T_JUNCTION,51,1,1,0
93.49578261375427,0.0,0.0,0.0,0.0,0.0,0.0,0.0,131,nan,nan,0,T_JUNCTION,51,1,1,0
93.51575899124146,0.0,0.0,0.0,0.0,0.0,0.0,0.0,131,nan,nan,0,T_JUNCTION,51,1,1,0
93.5357666015625,0.0,0.0,0.0,0.0,0.0,0.0,0.0,131,nan,nan,0,T_JUNCTION,51,1,1,0
93.55575513839722,0.0,0.0,0.0,0.0,0.0,0.0,0.0,131,nan,nan,0,T_JUNCTION,51,1,1,0
93.57577967643738,0.0,0.0,0.0,0.0,0.0,0.0,0.0,131,nan,nan,0,T_JUNCTION,51,1,1,0
93.59577083587646,0.0,0.0,0.0,0.0,0.0,0.0,0.0,131,nan,nan,0,T_JUNCTION,51,1,1,0
93.6157751083374,0.0,0.0,0.0,0.0,0.0,0.0,0.0,131,nan,nan,0,T_JUNCTION,51,1,1,0
93.63576912879944,0.0,0.0,0.0,0.0,0.0,0.0,0.0,131,nan,nan,0,T_JUNCTION,51,1,1,0
93.65577816963196,0.0,0.0,0.0,0.0,0.0,0.0,0.0,131,nan,nan,0,T_JUNCTION,51,1,1,0
93.67579007148743,0.0,0.0,0.0,0.0,0.0,0.0,0.0,131,nan,nan,0,T_JUNCTION,51,1,1,0
93.69578504562378,0.0,0.0,0.0,0.0,0.0,0.0,0.0,131,nan,nan,0,T_JUNCTION,51,1,1,0
93.71575951576233,0.0,0.0,0.0,0.0,0.0,0.0,0.0,131,nan,nan,0,T_JUNCTION,51,1,1,0
93.73576426506042,0.0,0.0,0.0,0.0,0.0,0.0,0.0,131,nan,nan,0,T_JUNCTION,51,1,1,0
93.75575423240662,0.0,0.0,0.0,0.0,0.0,0.0,0.0,131,nan,nan,0,T_JUNCTION,51,1,1,0
93.7757556438446,0.0,0.0,0.0,0.0,0.0,0.0,0.0,131,nan,nan,0,T_JUNCTION,51,1,1,0
93.79576349258423,0.0,0.0,0.0,0.0,0.0,0.0,0.0,131,nan,nan,0,T_JUNCTION,51,1,1,0
93.81578636169434,0.0,0.0,0.0,0.0,0.0,0.0,0.0,131,nan,nan,0,T_JUNCTION,51,1,1,0
93.83577370643616,0.0,0.0,0.0,0.0,0.0,0.0,0.0,131,nan,nan,0,T_JUNCTION,51,1,1,0
93.85577344894409,0.0,0.0,0.0,0.0,0.0,0.0,0.0,131,nan,nan,0,T_JUNCTION,51,1,1,0
93.87579369544983,0.0,0.0,0.0,0.0,0.0,0.0,0.0,131,nan,nan,0,T_JUNCTION,51,1,1,0
93.8957793712616,0.0,0.0,0.0,0.0,0.0,0.0,0.0,131,nan,nan,0,T_JUNCTION,51,1,1,0
93.91578149795532,0.0,0.0,0.0,0.0,0.0,0.0,0.0,131,nan,nan,0,T_JUNCTION,51,1,1,0
93.93576550483704,0.0,0.0,0.0,0.0,0.0,0.0,0.0,131,nan,nan,0,T_JUNCTION,51,1,1,0
93.95576333999634,0.0,0.0,0.0,0.0,0.0,0.0,0.0,131,nan,nan,0,T_JUNCTION,51,1,1,0
93.97576451301575,0.0,0.0,0.0,0.0,0.0,0.0,0.0,131,nan,nan,0,T_JUNCTION,51,1,1,0
93.99576377868652,0.0,0.0,0.0,0.0,0.0,0.0,0.0,131,nan,nan,0,T_JUNCTION,51,1,1,0
94.01576471328735,0.0,0.0,0.0,0.0,0.0,0.0,0.0,131,nan,nan,0,T_JUNCTION,51,1,1,0
94.03576421737671,0.0,0.0,0.0,0.0,0.0,0.0,0.0,131,nan,nan,0,T_JUNCTION,51,1,1,0
94.05579924583435,0.0,0.0,0.0,0.0,0.0,0.0,0.0,131,nan,nan,0,T_JUNCTION,51,1,1,0
94.07575845718384,0.0,0.0,0.0,0.0,0.0,0.0,0.0,131,nan,nan,0,T_JUNCTION,51,1,1,0
94.09575533866882,0.0,0.0,0.0,0.0,0.0,0.0,0.0,131,nan,nan,0,T_JUNCTION,51,1,1,0
94.1157853603363,0.0,0.0,0.0,0.0,0.0,0.0,0.0,131,nan,nan,0,T_JUNCTION,51,1,1,0
94.13577270507812,0.0,0.0,0.0,0.0,0.0,0.0,0.0,131,nan,nan,0,T_JUNCTION,51,1,1,0
94.15576505661011,0.0,0.0,0.0,0.0,0.0,0.0,0.0,131,nan,nan,0,T_JUNCTION,51,1,1,0
94.17576456069946,0.0,0.0,0.0,0.0,0.0,0.0,0.0,131,nan,nan,0,T_JUNCTION,51,1,1,0
94.19576215744019,0.0,0.0,0.0,0.0,0.0,0.0,0.0,131,nan,nan,0,T_JUNCTION,51,1,1,0
94.21576809883118,0.0,0.0,0.0,0.0,0.0,0.0,0.0,131,nan,nan,0,T_JUNCTION,51,1,1,0
94.23577380180359,0.0,0.0,0.0,0.0,0.0,0.0,0.0,131,nan,nan,0,T_JUNCTION,51,1,1,0
94.25577402114868,0.0,0.0,0.0,0.0,0.0,0.0,0.0,131,nan,nan,0,T_JUNCTION,51,1,1,0
94.2757658958435,0.0,0.0,0.0,0.0,0.0,0.0,0.0,131,nan,nan,0,T_JUNCTION,51,1,1,0
94.29581141471863,0.0,0.0,0.0,0.0,0.0,0.0,0.0,131,nan,nan,0,T_JUNCTION,51,1,1,0
94.31576800346375,0.0,0.0,0.0,0.0,0.0,0.0,0.0,131,nan,nan,0,T_JUNCTION,51,1,1,0
94.3357801437378,0.0,0.0,0.0,0.0,0.0,0.0,0.0,131,nan,nan,0,T_JUNCTION,51,1,1,0
94.35576248168945,0.0,0.0,0.0,0.0,0.0,0.0,0.0,131,nan,nan,0,T_JUNCTION,51,1,1,0
94.3757598400116,0.0,0.0,0.0,0.0,0.0,0.0,0.0,131,nan,nan,0,T_JUNCTION,51,1,1,0
94.395761013031,0.0,0.0,0.0,0.0,0.0,0.0,0.0,131,nan,nan,0,T_JUNCTION,51,1,1,0
94.41577053070068,0.0,0.0,0.0,0.0,0.0,0.0,0.0,131,nan,nan,0,T_JUNCTION,51,1,1,0
94.43576645851135,0.0,0.0,0.0,0.0,0.0,0.0,0.0,131,nan,nan,0,T_JUNCTION,51,1,1,0
94.45576572418213,0.0,0.0,0.0,0.0,0.0,0.0,0.0,131,nan,nan,0,T_JUNCTION,51,1,1,0
94.47576403617859,0.0,0.0,0.0,0.0,0.0,0.0,0.0,131,nan,nan,0,T_JUNCTION,51,1,1,0
94.49576663970947,0.0,0.0,0.0,0.0,0.0,0.0,0.0,131,nan,nan,0,T_JUNCTION,51,1,1,0
94.5157732963562,0.0,0.0,0.0,0.0,0.0,0.0,0.0,131,nan,nan,0,T_JUNCTION,51,1,1,0
94.53582000732422,0.0,0.0,0.0,0.0,0.0,0.0,0.0,131,nan,nan,0,T_JUNCTION,51,1,1,0
94.55576825141907,0.0,0.0,0.0,0.0,0.0,0.0,0.0,131,nan,nan,0,T_JUNCTION,51,1,1,0
94.57576155662537,0.0,0.0,0.0,0.0,0.0,0.0,0.0,131,nan,nan,0,T_JUNCTION,51,1,1,0
94.59577775001526,0.0,0.0,0.0,0.0,0.0,0.0,0.0,131,nan,nan,0,T_JUNCTION,51,1,1,0
94.61576318740845,0.0,0.0,0.0,0.0,0.0,0.0,0.0,131,nan,nan,0,T_JUNCTION,51,1,1,0
94.63576340675354,0.0,0.0,0.0,0.0,0.0,0.0,0.0,131,nan,nan,0,T_JUNCTION,51,1,1,0
94.65583419799805,0.0,0.0,0.0,0.0,0.0,0.0,0.0,131,nan,nan,0,T_JUNCTION,51,1,1,0
94.67577886581421,0.0,0.0,0.0,0.0,0.0,0.0,0.0,131,nan,nan,0,T_JUNCTION,51,1,1,0
94.69577145576477,0.0,0.0,0.0,0.0,0.0,0.0,0.0,131,nan,nan,0,T_JUNCTION,51,1,1,0
94.71576857566833,0.0,0.0,0.0,0.0,0.0,0.0,0.0,131,nan,nan,0,T_JUNCTION,51,1,1,0
94.73576498031616,0.0,0.0,0.0,0.0,0.0,0.0,0.0,131,nan,nan,0,T_JUNCTION,51,1,1,0
94.75580620765686,0.0,0.0,0.0,0.0,0.0,0.0,0.0,131,nan,nan,0,T_JUNCTION,51,1,1,0
94.77576017379761,0.0,0.0,0.0,0.0,0.0,0.0,0.0,131,nan,nan,0,T_JUNCTION,51,1,1,0
94.7957878112793,0.0,0.0,0.0,0.0,0.0,0.0,0.0,131,nan,nan,0,T_JUNCTION,51,1,1,0
94.81576704978943,0.0,0.0,0.0,0.0,0.0,0.0,0.0,131,nan,nan,0,T_JUNCTION,51,1,1,0
94.83576393127441,0.0,0.0,0.0,0.0,0.0,0.0,0.0,131,nan,nan,0,T_JUNCTION,51,1,1,0
94.85577583312988,0.0,0.0,0.0,0.0,0.0,0.0,0.0,131,nan,nan,0,T_JUNCTION,51,1,1,0
94.87578058242798,0.0,0.0,0.0,0.0,0.0,0.0,0.0,131,nan,nan,0,T_JUNCTION,51,1,1,0
94.89577317237854,0.0,0.0,0.0,0.0,0.0,0.0,0.0,131,nan,nan,0,T_JUNCTION,51,1,1,0
94.91577339172363,0.0,0.0,0.0,0.0,0.0,0.0,0.0,131,nan,nan,0,T_JUNCTION,51,1,1,0
94.93577980995178,0.0,0.0,0.0,0.0,0.0,0.0,0.0,131,nan,nan,0,T_JUNCTION,51,1,1,0
94.95575475692749,0.0,0.0,0.0,0.0,0.0,0.0,0.0,131,nan,nan,0,T_JUNCTION,51,1,1,0
94.97575354576111,0.0,0.0,0.0,0.0,0.0,0.0,0.0,131,nan,nan,0,T_JUNCTION,51,1,1,0
94.9957685470581,0.0,0.0,0.0,0.0,0.0,0.0,0.0,131,nan,nan,0,T_JUNCTION,51,1,1,0
95.01578044891357,0.0,0.0,0.0,0.0,0.0,0.0,0.0,131,nan,nan,0,T_JUNCTION,51,1,1,0
95.03576445579529,0.0,0.0,0.0,0.0,0.0,0.0,0.0,131,nan,nan,0,T_JUNCTION,51,1,1,0
95.05578851699829,0.0,0.0,0.0,0.0,0.0,0.0,0.0,131,nan,nan,0,T_JUNCTION,51,1,1,0
95.07576704025269,0.0,0.0,0.0,0.0,0.0,0.0,0.0,131,nan,nan,0,T_JUNCTION,51,1,1,0
95.0957658290863,0.0,0.0,0.0,0.0,0.0,0.0,0.0,131,nan,nan,0,T_JUNCTION,51,1,1,0
95.11577081680298,0.0,0.0,0.0,0.0,0.0,0.0,0.0,131,nan,nan,0,T_JUNCTION,51,1,1,0
95.13576602935791,0.0,0.0,0.0,0.0,0.0,0.0,0.0,131,nan,nan,0,T_JUNCTION,51,1,1,0
95.15576601028442,0.0,0.0,0.0,0.0,0.0,0.0,0.0,131,nan,nan,0,T_JUNCTION,51,1,1,0
95.1757607460022,0.0,0.0,0.0,0.0,0.0,0.0,0.0,131,nan,nan,0,T_JUNCTION,51,1,1,0
95.19576478004456,0.0,0.0,0.0,0.0,0.0,0.0,0.0,131,nan,nan,0,T_JUNCTION,51,1,1,0
95.21577644348145,0.0,0.0,0.0,0.0,0.0,0.0,0.0,131,nan,nan,0,T_JUNCTION,51,1,1,0
95.2357668876648,0.0,0.0,0.0,0.0,0.0,0.0,0.0,131,nan,nan,0,T_JUNCTION,51,1,1,0
95.25577712059021,0.0,0.0,0.0,0.0,0.0,0.0,0.0,131,nan,nan,0,T_JUNCTION,51,1,1,0
95.27576661109924,0.0,0.0,0.0,0.0,0.0,0.0,0.0,131,nan,nan,0,T_JUNCTION,51,1,1,0
95.29577445983887,0.0,0.0,0.0,0.0,0.0,0.0,0.0,131,nan,nan,0,T_JUNCTION,51,1,1,0
95.31577587127686,0.0,0.0,0.0,0.0,0.0,0.0,0.0,131,nan,nan,0,T_JUNCTION,51,1,1,0
95.33576893806458,0.0,0.0,0.0,0.0,0.0,0.0,0.0,131,nan,nan,0,T_JUNCTION,51,1,1,0
95.35577058792114,0.0,0.0,0.0,0.0,0.0,0.0,0.0,131,nan,nan,0,T_JUNCTION,51,1,1,0
95.37576985359192,0.0,0.0,0.0,0.0,0.0,0.0,0.0,131,nan,nan,0,T_JUNCTION,51,1,1,0
95.3957908153534,0.0,0.0,0.0,0.0,0.0,0.0,0.0,131,nan,nan,0,T_JUNCTION,51,1,1,0
95.41575908660889,0.0,0.0,0.0,0.0,0.0,0.0,0.0,131,nan,nan,0,T_JUNCTION,51,1,1,0
95.43576169013977,0.0,0.0,0.0,0.0,0.0,0.0,0.0,131,nan,nan,0,T_JUNCTION,51,1,1,0
95.45577907562256,0.0,0.0,0.0,0.0,0.0,0.0,0.0,131,nan,nan,0,T_JUNCTION,51,1,1,0
95.47575855255127,0.0,0.0,0.0,0.0,0.0,0.0,0.0,131,nan,nan,0,T_JUNCTION,51,1,1,0
95.49576330184937,0.0,0.0,0.0,0.0,0.0,0.0,0.0,131,nan,nan,0,T_JUNCTION,51,1,1,0
95.51576709747314,0.0,0.0,0.0,0.0,0.0,0.0,0.0,131,nan,nan,0,T_JUNCTION,51,1,1,0
95.53576993942261,0.0,0.0,0.0,0.0,0.0,0.0,0.0,131,nan,nan,0,T_JUNCTION,51,1,1,0
95.55575299263,0.0,0.0,0.0,0.0,0.0,0.0,0.0,131,nan,nan,0,T_JUNCTION,51,1,1,0
95.57575607299805,0.0,0.0,0.0,0.0,0.0,0.0,0.0,131,nan,nan,0,T_JUNCTION,51,1,1,0
95.59576964378357,0.0,0.0,0.0,0.0,0.0,0.0,0.0,131,nan,nan,0,T_JUNCTION,51,1,1,0
95.6157774925232,0.0,0.0,0.0,0.0,0.0,0.0,0.0,131,nan,nan,0,T_JUNCTION,51,1,1,0
95.63578343391418,0.0,0.0,0.0,0.0,0.0,0.0,0.0,131,nan,nan,0,T_JUNCTION,51,1,1,0
95.65576672554016,0.0,0.0,0.0,0.0,0.0,0.0,0.0,131,nan,nan,0,T_JUNCTION,51,1,1,0
95.67580103874207,0.0,0.0,0.0,0.0,0.0,0.0,0.0,131,nan,nan,0,T_JUNCTION,51,1,1,0
95.69576358795166,0.0,0.0,0.0,0.0,0.0,0.0,0.0,131,nan,nan,0,T_JUNCTION,51,1,1,0
95.71576809883118,0.0,0.0,0.0,0.0,0.0,0.0,0.0,131,nan,nan,0,T_JUNCTION,51,1,1,0
95.73578143119812,0.0,0.0,0.0,0.0,0.0,0.0,0.0,131,nan,nan,0,T_JUNCTION,51,1,1,0
95.75577878952026,0.0,0.0,0.0,0.0,0.0,0.0,0.0,131,nan,nan,0,T_JUNCTION,51,1,1,0
95.77579498291016,0.0,0.0,0.0,0.0,0.0,0.0,0.0,131,nan,nan,0,T_JUNCTION,51,1,1,0
95.7957661151886,0.0,0.0,0.0,0.0,0.0,0.0,0.0,131,nan,nan,0,T_JUNCTION,51,1,1,0
95.81576800346375,0.0,0.0,0.0,0.0,0.0,0.0,0.0,131,nan,nan,0,T_JUNCTION,51,1,1,0
95.83579397201538,0.0,0.0,0.0,0.0,0.0,0.0,0.0,131,nan,nan,0,T_JUNCTION,51,1,1,0
95.85576224327087,0.0,0.0,0.0,0.0,0.0,0.0,0.0,131,nan,nan,0,T_JUNCTION,51,1,1,0
95.8757677078247,0.0,0.0,0.0,0.0,0.0,0.0,0.0,131,nan,nan,0,T_JUNCTION,51,1,1,0
95.89576578140259,0.0,0.0,0.0,0.0,0.0,0.0,0.0,131,nan,nan,0,T_JUNCTION,51,1,1,0
95.91577792167664,0.0,0.0,0.0,0.0,0.0,0.0,0.0,131,nan,nan,0,T_JUNCTION,51,1,1,0
95.93577575683594,0.0,0.0,0.0,0.0,0.0,0.0,0.0,131,nan,nan,0,T_JUNCTION,51,1,1,0
95.95578098297119,0.0,0.0,0.0,0.0,0.0,0.0,0.0,131,nan,nan,0,T_JUNCTION,51,1,1,0
95.97577261924744,0.0,0.0,0.0,0.0,0.0,0.0,0.0,131,nan,nan,0,T_JUNCTION,51,1,1,0
95.99590563774109,0.0,0.0,0.0,0.0,0.0,0.0,0.0,131,nan,nan,0,T_JUNCTION,51,1,1,0
96.01583218574524,0.0,0.0,0.0,0.0,0.0,0.0,0.0,131,nan,nan,0,T_JUNCTION,51,1,1,0
96.03585529327393,0.0,0.0,0.0,0.0,0.0,0.0,0.0,131,nan,nan,0,T_JUNCTION,51,1,1,0
96.05588817596436,0.0,0.0,0.0,0.0,0.0,0.0,0.0,131,nan,nan,0,T_JUNCTION,51,1,1,0
96.07590222358704,0.0,0.0,0.0,0.0,0.0,0.0,0.0,131,nan,nan,0,T_JUNCTION,51,1,1,0
96.09586524963379,0.0,0.0,0.0,0.0,0.0,0.0,0.0,131,nan,nan,0,T_JUNCTION,51,1,1,0
96.11583805084229,0.0,0.0,0.0,0.0,0.0,0.0,0.0,131,nan,nan,0,T_JUNCTION,51,1,1,0
96.13592505455017,0.0,0.0,0.0,0.0,0.0,0.0,0.0,131,nan,nan,0,T_JUNCTION,51,1,1,0
96.1559419631958,0.0,0.0,0.0,0.0,0.0,0.0,0.0,131,nan,nan,0,T_JUNCTION,51,1,1,0
96.17589926719666,0.0,0.0,0.0,0.0,0.0,0.0,0.0,131,nan,nan,0,T_JUNCTION,51,1,1,0
96.19586420059204,0.0,0.0,0.0,0.0,0.0,0.0,0.0,131,nan,nan,0,T_JUNCTION,51,1,1,0
96.21582651138306,0.0,0.0,0.0,0.0,0.0,0.0,0.0,131,nan,nan,0,T_JUNCTION,51,1,1,0
96.23594903945923,0.0,0.0,0.0,0.0,0.0,0.0,0.0,131,nan,nan,0,T_JUNCTION,51,1,1,0
96.25590491294861,0.0,0.0,0.0,0.0,0.0,0.0,0.0,131,nan,nan,0,T_JUNCTION,51,1,1,0
96.27587175369263,0.0,0.0,0.0,0.0,0.0,0.0,0.0,131,nan,nan,0,T_JUNCTION,51,1,1,0
96.29592156410217,0.0,0.0,0.0,0.0,0.0,0.0,0.0,131,nan,nan,0,T_JUNCTION,51,1,1,0
96.31575155258179,0.0,0.0,0.0,0.0,0.0,0.0,0.0,131,nan,nan,0,T_JUNCTION,51,1,1,0
96.33576726913452,0.0,0.0,0.0,0.0,0.0,0.0,0.0,131,nan,nan,0,T_JUNCTION,51,1,1,0
96.35576581954956,0.0,0.0,0.0,0.0,0.0,0.0,0.0,131,nan,nan,0,T_JUNCTION,51,1,1,0
96.37578916549683,0.0,0.0,0.0,0.0,0.0,0.0,0.0,131,nan,nan,0,T_JUNCTION,51,1,1,0
96.39576506614685,0.0,0.0,0.0,0.0,0.0,0.0,0.0,131,nan,nan,0,T_JUNCTION,51,1,1,0
96.41581082344055,0.0,0.0,0.0,0.0,0.0,0.0,0.0,131,nan,nan,0,T_JUNCTION,51,1,1,0
96.43595767021179,0.0,0.0,0.0,0.0,0.0,0.0,0.0,131,nan,nan,0,T_JUNCTION,51,1,1,0
96.45591735839844,0.0,0.0,0.0,0.0,0.0,0.0,0.0,131,nan,nan,0,T_JUNCTION,51,1,1,0
96.47595596313477,0.0,0.0,0.0,0.0,0.0,0.0,0.0,131,nan,nan,0,T_JUNCTION,51,1,1,0
96.49587512016296,0.0,0.0,0.0,0.0,0.0,0.0,0.0,131,nan,nan,0,T_JUNCTION,51,1,1,0
96.5157744884491,0.0,0.0,0.0,0.0,0.0,0.0,0.0,131,nan,nan,0,T_JUNCTION,51,1,1,0
96.53577733039856,0.0,0.0,0.0,0.0,0.0,0.0,0.0,131,nan,nan,0,T_JUNCTION,51,1,1,0
96.55577421188354,0.0,0.0,0.0,0.0,0.0,0.0,0.0,131,nan,nan,0,T_JUNCTION,51,1,1,0
96.57577800750732,0.0,0.0,0.0,0.0,0.0,0.0,0.0,131,nan,nan,0,T_JUNCTION,51,1,1,0
96.59577059745789,0.0,0.0,0.0,0.0,0.0,0.0,0.0,131,nan,nan,0,T_JUNCTION,51,1,1,0
96.6157603263855,0.0,0.0,0.0,0.0,0.0,0.0,0.0,131,nan,nan,0,T_JUNCTION,51,1,1,0
96.63576340675354,0.0,0.0,0.0,0.0,0.0,0.0,0.0,131,nan,nan,0,T_JUNCTION,51,1,1,0
96.65576672554016,0.0,0.0,0.0,0.0,0.0,0.0,0.0,131,nan,nan,0,T_JUNCTION,51,1,1,0
96.67578983306885,0.0,0.0,0.0,0.0,0.0,0.0,0.0,131,nan,nan,0,T_JUNCTION,51,1,1,0
96.69576334953308,0.0,0.0,0.0,0.0,0.0,0.0,0.0,131,nan,nan,0,T_JUNCTION,51,1,1,0
96.71575999259949,0.0,0.0,0.0,0.0,0.0,0.0,0.0,131,nan,nan,0,T_JUNCTION,51,1,1,0
96.73576474189758,0.0,0.0,0.0,0.0,0.0,0.0,0.0,131,nan,nan,0,T_JUNCTION,51,1,1,0
96.75577163696289,0.0,0.0,0.0,0.0,0.0,0.0,0.0,131,nan,nan,0,T_JUNCTION,51,1,1,0
96.77576899528503,0.0,0.0,0.0,0.0,0.0,0.0,0.0,131,nan,nan,0,T_JUNCTION,51,1,1,0
96.79575872421265,0.0,0.0,0.0,0.0,0.0,0.0,0.0,131,nan,nan,0,T_JUNCTION,51,1,1,0
96.81577968597412,0.0,0.0,0.0,0.0,0.0,0.0,0.0,131,nan,nan,0,T_JUNCTION,51,1,1,0
96.83575797080994,0.0,0.0,0.0,0.0,0.0,0.0,0.0,131,nan,nan,0,T_JUNCTION,51,1,1,0
96.85576915740967,0.0,0.0,0.0,0.0,0.0,0.0,0.0,131,nan,nan,0,T_JUNCTION,51,1,1,0
96.87575793266296,0.0,0.0,0.0,0.0,0.0,0.0,0.0,131,nan,nan,0,T_JUNCTION,51,1,1,0
96.89577603340149,0.0,0.0,0.0,0.0,0.0,0.0,0.0,131,nan,nan,0,T_JUNCTION,51,1,1,0
96.915771484375,0.0,0.0,0.0,0.0,0.0,0.0,0.0,131,nan,nan,0,T_JUNCTION,51,1,1,0
96.9357681274414,0.0,0.0,0.0,0.0,0.0,0.0,0.0,131,nan,nan,0,T_JUNCTION,51,1,1,0
96.95576190948486,0.0,0.0,0.0,0.0,0.0,0.0,0.0,131,nan,nan,0,T_JUNCTION,51,1,1,0
96.97576689720154,0.0,0.0,0.0,0.0,0.0,0.0,0.0,131,nan,nan,0,T_JUNCTION,51,1,1,0
96.99577379226685,0.0,0.0,0.0,0.0,0.0,0.0,0.0,131,nan,nan,0,T_JUNCTION,51,1,1,0
97.01576972007751,0.0,0.0,0.0,0.0,0.0,0.0,0.0,131,nan,nan,0,T_JUNCTION,51,1,1,0
97.03577041625977,0.0,0.0,0.0,0.0,0.0,0.0,0.0,131,nan,nan,0,T_JUNCTION,51,1,1,0
97.05577802658081,0.0,0.0,0.0,0.0,0.0,0.0,0.0,131,nan,nan,0,T_JUNCTION,51,1,1,0
97.07576823234558,0.0,0.0,0.0,0.0,0.0,0.0,0.0,131,nan,nan,0,T_JUNCTION,51,1,1,0
97.09578132629395,0.0,0.0,0.0,0.0,0.0,0.0,0.0,131,nan,nan,0,T_JUNCTION,51,1,1,0
97.11577820777893,0.0,0.0,0.0,0.0,0.0,0.0,0.0,131,nan,nan,0,T_JUNCTION,51,1,1,0
97.13577842712402,0.0,0.0,0.0,0.0,0.0,0.0,0.0,131,nan,nan,0,T_JUNCTION,51,1,1,0
97.15578532218933,0.0,0.0,0.0,0.0,0.0,0.0,0.0,131,nan,nan,0,T_JUNCTION,51,1,1,0
97.17577075958252,0.0,0.0,0.0,0.0,0.0,0.0,0.0,131,nan,nan,0,T_JUNCTION,51,1,1,0
97.19576573371887,0.0,0.0,0.0,0.0,0.0,0.0,0.0,131,nan,nan,0,T_JUNCTION,51,1,1,0
97.21575903892517,0.0,0.0,0.0,0.0,0.0,0.0,0.0,131,nan,nan,0,T_JUNCTION,51,1,1,0
97.23576426506042,0.0,0.0,0.0,0.0,0.0,0.0,0.0,131,nan,nan,0,T_JUNCTION,51,1,1,0
97.25576639175415,0.0,0.0,0.0,0.0,0.0,0.0,0.0,131,nan,nan,0,T_JUNCTION,51,1,1,0
97.27577042579651,0.0,0.0,0.0,0.0,0.0,0.0,0.0,131,nan,nan,0,T_JUNCTION,51,1,1,0
97.29582905769348,0.0,0.0,0.0,0.0,0.0,0.0,0.0,131,nan,nan,0,T_JUNCTION,51,1,1,0
97.31576347351074,0.0,0.0,0.0,0.0,0.0,0.0,0.0,131,nan,nan,0,T_JUNCTION,51,1,1,0
97.33576774597168,0.0,0.0,0.0,0.0,0.0,0.0,0.0,131,nan,nan,0,T_JUNCTION,51,1,1,0
97.35578536987305,0.0,0.0,0.0,0.0,0.0,0.0,0.0,131,nan,nan,0,T_JUNCTION,51,1,1,0
97.37578916549683,0.0,0.0,0.0,0.0,0.0,0.0,0.0,131,nan,nan,0,T_JUNCTION,51,1,1,0
97.39577007293701,0.0,0.0,0.0,0.0,0.0,0.0,0.0,131,nan,nan,0,T_JUNCTION,51,1,1,0
97.4157862663269,0.0,0.0,0.0,0.0,0.0,0.0,0.0,131,nan,nan,0,T_JUNCTION,51,1,1,0
97.43576741218567,0.0,0.0,0.0,0.0,0.0,0.0,0.0,131,nan,nan,0,T_JUNCTION,51,1,1,0
97.45578908920288,0.0,0.0,0.0,0.0,0.0,0.0,0.0,131,nan,nan,0,T_JUNCTION,51,1,1,0
97.47577023506165,0.0,0.0,0.0,0.0,0.0,0.0,0.0,131,nan,nan,0,T_JUNCTION,51,1,1,0
97.49576807022095,0.0,0.0,0.0,0.0,0.0,0.0,0.0,131,nan,nan,0,T_JUNCTION,51,1,1,0
97.51578664779663,0.0,0.0,0.0,0.0,0.0,0.0,0.0,131,nan,nan,0,T_JUNCTION,51,1,1,0
97.53576898574829,0.0,0.0,0.0,0.0,0.0,0.0,0.0,131,nan,nan,0,T_JUNCTION,51,1,1,0
97.55576014518738,0.0,0.0,0.0,0.0,0.0,0.0,0.0,131,nan,nan,0,T_JUNCTION,51,1,1,0
97.57575750350952,0.0,0.0,0.0,0.0,0.0,0.0,0.0,131,nan,nan,0,T_JUNCTION,51,1,1,0
97.59577989578247,0.0,0.0,0.0,0.0,0.0,0.0,0.0,131,nan,nan,0,T_JUNCTION,51,1,1,0
97.61576247215271,0.0,0.0,0.0,0.0,0.0,0.0,0.0,131,nan,nan,0,T_JUNCTION,51,1,1,0
97.63577222824097,0.0,0.0,0.0,0.0,0.0,0.0,0.0,131,nan,nan,0,T_JUNCTION,51,1,1,0
97.65583801269531,0.0,0.0,0.0,0.0,0.0,0.0,0.0,131,nan,nan,0,T_JUNCTION,51,1,1,0
97.67578887939453,0.0,0.0,0.0,0.0,0.0,0.0,0.0,131,nan,nan,0,T_JUNCTION,51,1,1,0
97.6957848072052,0.0,0.0,0.0,0.0,0.0,0.0,0.0,131,nan,nan,0,T_JUNCTION,51,1,1,0
97.71577405929565,0.0,0.0,0.0,0.0,0.0,0.0,0.0,131,nan,nan,0,T_JUNCTION,51,1,1,0
97.73577666282654,0.0,0.0,0.0,0.0,0.0,0.0,0.0,131,nan,nan,0,T_JUNCTION,51,1,1,0
97.75581359863281,0.0,0.0,0.0,0.0,0.0,0.0,0.0,131,nan,nan,0,T_JUNCTION,51,1,1,0
97.77575755119324,0.0,0.0,0.0,0.0,0.0,0.0,0.0,131,nan,nan,0,T_JUNCTION,51,1,1,0
97.79576325416565,0.0,0.0,0.0,0.0,0.0,0.0,0.0,131,nan,nan,0,T_JUNCTION,51,1,1,0
97.8157730102539,0.0,0.0,0.0,0.0,0.0,0.0,0.0,131,nan,nan,0,T_JUNCTION,51,1,1,0
97.83577013015747,0.0,0.0,0.0,0.0,0.0,0.0,0.0,131,nan,nan,0,T_JUNCTION,51,1,1,0
97.85577654838562,0.0,0.0,0.0,0.0,0.0,0.0,0.0,131,nan,nan,0,T_JUNCTION,51,1,1,0
97.87579202651978,0.0,0.0,0.0,0.0,0.0,0.0,0.0,131,nan,nan,0,T_JUNCTION,51,1,1,0
97.89577913284302,0.0,0.0,0.0,0.0,0.0,0.0,0.0,131,nan,nan,0,T_JUNCTION,51,1,1,0
97.91577744483948,0.0,0.0,0.0,0.0,0.0,0.0,0.0,131,nan,nan,0,T_JUNCTION,51,1,1,0
97.93577885627747,0.0,0.0,0.0,0.0,0.0,0.0,0.0,131,nan,nan,0,T_JUNCTION,51,1,1,0
97.9557774066925,0.0,0.0,0.0,0.0,0.0,0.0,0.0,131,nan,nan,0,T_JUNCTION,51,1,1,0
97.9757730960846,0.0,0.0,0.0,0.0,0.0,0.0,0.0,131,nan,nan,0,T_JUNCTION,51,1,1,0
97.99578642845154,0.0,0.0,0.0,0.0,0.0,0.0,0.0,131,nan,nan,0,T_JUNCTION,51,1,1,0
98.01579022407532,0.0,0.0,0.0,0.0,0.0,0.0,0.0,131,nan,nan,0,T_JUNCTION,51,1,1,0
98.0357837677002,0.0,0.0,0.0,0.0,0.0,0.0,0.0,131,nan,nan,0,T_JUNCTION,51,1,1,0
98.0557918548584,0.0,0.0,0.0,0.0,0.0,0.0,0.0,131,nan,nan,0,T_JUNCTION,51,1,1,0
98.07577872276306,0.0,0.0,0.0,0.0,0.0,0.0,0.0,131,nan,nan,0,T_JUNCTION,51,1,1,0
98.09578204154968,0.0,0.0,0.0,0.0,0.0,0.0,0.0,131,nan,nan,0,T_JUNCTION,51,1,1,0
98.11577248573303,0.0,0.0,0.0,0.0,0.0,0.0,0.0,131,nan,nan,0,T_JUNCTION,51,1,1,0
98.13579058647156,0.0,0.0,0.0,0.0,0.0,0.0,0.0,131,nan,nan,0,T_JUNCTION,51,1,1,0
98.15578961372375,0.0,0.0,0.0,0.0,0.0,0.0,0.0,131,nan,nan,0,T_JUNCTION,51,1,1,0
98.17578864097595,0.0,0.0,0.0,0.0,0.0,0.0,0.0,131,nan,nan,0,T_JUNCTION,51,1,1,0
98.19577026367188,0.0,0.0,0.0,0.0,0.0,0.0,0.0,131,nan,nan,0,T_JUNCTION,51,1,1,0
98.21579098701477,0.0,0.0,0.0,0.0,0.0,0.0,0.0,131,nan,nan,0,T_JUNCTION,51,1,1,0
98.23576879501343,0.0,0.0,0.0,0.0,0.0,0.0,0.0,131,nan,nan,0,T_JUNCTION,51,1,1,0
98.25577473640442,0.0,0.0,0.0,0.0,0.0,0.0,0.0,131,nan,nan,0,T_JUNCTION,51,1,1,0
98.27577710151672,0.0,0.0,0.0,0.0,0.0,0.0,0.0,131,nan,nan,0,T_JUNCTION,51,1,1,0
98.29576921463013,0.0,0.0,0.0,0.0,0.0,0.0,0.0,131,nan,nan,0,T_JUNCTION,51,1,1,0
98.315762758255,0.0,0.0,0.0,0.0,0.0,0.0,0.0,131,nan,nan,0,T_JUNCTION,51,1,1,0
98.33578491210938,0.0,0.0,0.0,0.0,0.0,0.0,0.0,131,nan,nan,0,T_JUNCTION,51,1,1,0
98.35576844215393,0.0,0.0,0.0,0.0,0.0,0.0,0.0,131,nan,nan,0,T_JUNCTION,51,1,1,0
98.37586498260498,0.0,0.0,0.0,0.0,0.0,0.0,0.0,131,nan,nan,0,T_JUNCTION,51,1,1,0
98.39578580856323,0.0,0.0,0.0,0.0,0.0,0.0,0.0,131,nan,nan,0,T_JUNCTION,51,1,1,0
98.41576480865479,0.0,0.0,0.0,0.0,0.0,0.0,0.0,131,nan,nan,0,T_JUNCTION,51,1,1,0
98.43576502799988,0.0,0.0,0.0,0.0,0.0,0.0,0.0,131,nan,nan,0,T_JUNCTION,51,1,1,0
98.45579242706299,0.0,0.0,0.0,0.0,0.0,0.0,0.0,131,nan,nan,0,T_JUNCTION,51,1,1,0
98.47577571868896,0.0,0.0,0.0,0.0,0.0,0.0,0.0,131,nan,nan,0,T_JUNCTION,51,1,1,0
98.49576544761658,0.0,0.0,0.0,0.0,0.0,0.0,0.0,131,nan,nan,0,T_JUNCTION,51,1,1,0
98.51575994491577,0.0,0.0,0.0,0.0,0.0,0.0,0.0,131,nan,nan,0,T_JUNCTION,51,1,1,0
98.53579425811768,0.0,0.0,0.0,0.0,0.0,0.0,0.0,131,nan,nan,0,T_JUNCTION,51,1,1,0
98.55577111244202,0.0,0.0,0.0,0.0,0.0,0.0,0.0,131,nan,nan,0,T_JUNCTION,51,1,1,0
98.57588863372803,0.0,0.0,0.0,0.0,0.0,0.0,0.0,131,nan,nan,0,T_JUNCTION,51,1,1,0
98.59583640098572,0.0,0.0,0.0,0.0,0.0,0.0,0.0,131,nan,nan,0,T_JUNCTION,51,1,1,0
98.61579370498657,0.0,0.0,0.0,0.0,0.0,0.0,0.0,131,nan,nan,0,T_JUNCTION,51,1,1,0
98.63585042953491,0.0,0.0,0.0,0.0,0.0,0.0,0.0,131,nan,nan,0,T_JUNCTION,51,1,1,0
98.6558449268341,0.0,0.0,0.0,0.0,0.0,0.0,0.0,131,nan,nan,0,T_JUNCTION,51,1,1,0
98.6758759021759,0.0,0.0,0.0,0.0,0.0,0.0,0.0,131,nan,nan,0,T_JUNCTION,51,1,1,0
98.69582843780518,0.0,0.0,0.0,0.0,0.0,0.0,0.0,131,nan,nan,0,T_JUNCTION,51,1,1,0
98.7157530784607,0.0,0.0,0.0,0.0,0.0,0.0,0.0,131,nan,nan,0,T_JUNCTION,51,1,1,0
98.73597311973572,0.0,0.0,0.0,0.0,0.0,0.0,0.0,131,nan,nan,0,T_JUNCTION,51,1,1,0
98.75594663619995,0.0,0.0,0.0,0.0,0.0,0.0,0.0,131,nan,nan,0,T_JUNCTION,51,1,1,0
98.77586340904236,0.0,0.0,0.0,0.0,0.0,0.0,0.0,131,nan,nan,0,T_JUNCTION,51,1,1,0
98.79584884643555,0.0,0.0,0.0,0.0,0.0,0.0,0.0,131,nan,nan,0,T_JUNCTION,51,1,1,0
98.81578302383423,0.0,0.0,0.0,0.0,0.0,0.0,0.0,131,nan,nan,0,T_JUNCTION,51,1,1,0
98.83582925796509,0.0,0.0,0.0,0.0,0.0,0.0,0.0,131,nan,nan,0,T_JUNCTION,51,1,1,0
98.85577297210693,0.0,0.0,0.0,0.0,0.0,0.0,0.0,131,nan,nan,0,T_JUNCTION,51,1,1,0
98.87578964233398,0.0,0.0,0.0,0.0,0.0,0.0,0.0,131,nan,nan,0,T_JUNCTION,51,1,1,0
98.89582347869873,0.0,0.0,0.0,0.0,0.0,0.0,0.0,131,nan,nan,0,T_JUNCTION,51,1,1,0
98.91579580307007,0.0,0.0,0.0,0.0,0.0,0.0,0.0,131,nan,nan,0,T_JUNCTION,51,1,1,0
98.93586301803589,0.0,0.0,0.0,0.0,0.0,0.0,0.0,131,nan,nan,0,T_JUNCTION,51,1,1,0
98.95580840110779,0.0,0.0,0.0,0.0,0.0,0.0,0.0,131,nan,nan,0,T_JUNCTION,51,1,1,0
98.97584748268127,0.0,0.0,0.0,0.0,0.0,0.0,0.0,131,nan,nan,0,T_JUNCTION,51,1,1,0
98.99585199356079,0.0,0.0,0.0,0.0,0.0,0.0,0.0,131,nan,nan,0,T_JUNCTION,51,1,1,0
99.01582765579224,0.0,0.0,0.0,0.0,0.0,0.0,0.0,131,nan,nan,0,T_JUNCTION,51,1,1,0
99.03581190109253,0.0,0.0,0.0,0.0,0.0,0.0,0.0,131,nan,nan,0,T_JUNCTION,51,1,1,0
99.05587530136108,0.0,0.0,0.0,0.0,0.0,0.0,0.0,131,nan,nan,0,T_JUNCTION,51,1,1,0
99.07584047317505,0.0,0.0,0.0,0.0,0.0,0.0,0.0,131,nan,nan,0,T_JUNCTION,51,1,1,0
99.09584593772888,0.0,0.0,0.0,0.0,0.0,0.0,0.0,131,nan,nan,0,T_JUNCTION,51,1,1,0
99.11584568023682,0.0,0.0,0.0,0.0,0.0,0.0,0.0,131,nan,nan,0,T_JUNCTION,51,1,1,0
99.13585352897644,0.0,0.0,0.0,0.0,0.0,0.0,0.0,131,nan,nan,0,T_JUNCTION,51,1,1,0
99.15587162971497,0.0,0.0,0.0,0.0,0.0,0.0,0.0,131,nan,nan,0,T_JUNCTION,51,1,1,0
99.1758131980896,0.0,0.0,0.0,0.0,0.0,0.0,0.0,131,nan,nan,0,T_JUNCTION,51,1,1,0
99.19582271575928,0.0,0.0,0.0,0.0,0.0,0.0,0.0,131,nan,nan,0,T_JUNCTION,51,1,1,0
99.21577382087708,0.0,0.0,0.0,0.0,0.0,0.0,0.0,131,nan,nan,0,T_JUNCTION,51,1,1,0
99.23585391044617,0.0,0.0,0.0,0.0,0.0,0.0,0.0,131,nan,nan,0,T_JUNCTION,51,1,1,0
99.25585412979126,0.0,0.0,0.0,0.0,0.0,0.0,0.0,131,nan,nan,0,T_JUNCTION,51,1,1,0
99.27584910392761,0.0,0.0,0.0,0.0,0.0,0.0,0.0,131,nan,nan,0,T_JUNCTION,51,1,1,0
99.29585933685303,0.0,0.0,0.0,0.0,0.0,0.0,0.0,131,nan,nan,0,T_JUNCTION,51,1,1,0
99.31575965881348,0.0,0.0,0.0,0.0,0.0,0.0,0.0,131,nan,nan,0,T_JUNCTION,51,1,1,0
99.33584332466125,0.0,0.0,0.0,0.0,0.0,0.0,0.0,131,nan,nan,0,T_JUNCTION,51,1,1,0
99.35583424568176,0.0,0.0,0.0,0.0,0.0,0.0,0.0,131,nan,nan,0,T_JUNCTION,51,1,1,0
99.37585926055908,0.0,0.0,0.0,0.0,0.0,0.0,0.0,131,nan,nan,0,T_JUNCTION,51,1,1,0
99.39583826065063,0.0,0.0,0.0,0.0,0.0,0.0,0.0,131,nan,nan,0,T_JUNCTION,51,1,1,0
99.41578888893127,0.0,0.0,0.0,0.0,0.0,0.0,0.0,131,nan,nan,0,T_JUNCTION,51,1,1,0
99.4358263015747,0.0,0.0,0.0,0.0,0.0,0.0,0.0,131,nan,nan,0,T_JUNCTION,51,1,1,0
99.45582675933838,0.0,0.0,0.0,0.0,0.0,0.0,0.0,131,nan,nan,0,T_JUNCTION,51,1,1,0
99.47583222389221,0.0,0.0,0.0,0.0,0.0,0.0,0.0,131,nan,nan,0,T_JUNCTION,51,1,1,0
99.49583101272583,0.0,0.0,0.0,0.0,0.0,0.0,0.0,131,nan,nan,0,T_JUNCTION,51,1,1,0
99.51576733589172,0.0,0.0,0.0,0.0,0.0,0.0,0.0,131,nan,nan,0,T_JUNCTION,51,1,1,0
99.53586030006409,0.0,0.0,0.0,0.0,0.0,0.0,0.0,131,nan,nan,0,T_JUNCTION,51,1,1,0
99.55583930015564,0.0,0.0,0.0,0.0,0.0,0.0,0.0,131,nan,nan,0,T_JUNCTION,51,1,1,0
99.57580709457397,0.0,0.0,0.0,0.0,0.0,0.0,0.0,131,nan,nan,0,T_JUNCTION,51,1,1,0
99.59585928916931,0.0,0.0,0.0,0.0,0.0,0.0,0.0,131,nan,nan,0,T_JUNCTION,51,1,1,0
99.6157956123352,0.0,0.0,0.0,0.0,0.0,0.0,0.0,131,nan,nan,0,T_JUNCTION,51,1,1,0
99.63586044311523,0.0,0.0,0.0,0.0,0.0,0.0,0.0,131,nan,nan,0,T_JUNCTION,51,1,1,0
99.65583825111389,0.0,0.0,0.0,0.0,0.0,0.0,0.0,131,nan,nan,0,T_JUNCTION,51,1,1,0
99.67581844329834,0.0,0.0,0.0,0.0,0.0,0.0,0.0,131,nan,nan,0,T_JUNCTION,51,1,1,0
99.69586133956909,0.0,0.0,0.0,0.0,0.0,0.0,0.0,131,nan,nan,0,T_JUNCTION,51,1,1,0
99.71577954292297,0.0,0.0,0.0,0.0,0.0,0.0,0.0,131,nan,nan,0,T_JUNCTION,51,1,1,0
99.73589062690735,0.0,0.0,0.0,0.0,0.0,0.0,0.0,131,nan,nan,0,T_JUNCTION,51,1,1,0
99.75586152076721,0.0,0.0,0.0,0.0,0.0,0.0,0.0,131,nan,nan,0,T_JUNCTION,51,1,1,0
99.77587461471558,0.0,0.0,0.0,0.0,0.0,0.0,0.0,131,nan,nan,0,T_JUNCTION,51,1,1,0
99.79592204093933,0.0,0.0,0.0,0.0,0.0,0.0,0.0,131,nan,nan,0,T_JUNCTION,51,1,1,0
99.81575846672058,0.0,0.0,0.0,0.0,0.0,0.0,0.0,131,nan,nan,0,T_JUNCTION,51,1,1,0
99.83582925796509,0.0,0.0,0.0,0.0,0.0,0.0,0.0,131,nan,nan,0,T_JUNCTION,51,1,1,0
99.85579562187195,0.0,0.0,0.0,0.0,0.0,0.0,0.0,131,nan,nan,0,T_JUNCTION,51,1,1,0
99.87578892707825,0.0,0.0,0.0,0.0,0.0,0.0,0.0,131,nan,nan,0,T_JUNCTION,51,1,1,0
99.89579367637634,0.0,0.0,0.0,0.0,0.0,0.0,0.0,131,nan,nan,0,T_JUNCTION,51,1,1,0
99.91576290130615,0.0,0.0,0.0,0.0,0.0,0.0,0.0,131,nan,nan,0,T_JUNCTION,51,1,1,0
99.93579602241516,0.0,0.0,0.0,0.0,0.0,0.0,0.0,131,nan,nan,0,T_JUNCTION,51,1,1,0
99.9557957649231,0.0,0.0,0.0,0.0,0.0,0.0,0.0,131,nan,nan,0,T_JUNCTION,51,1,1,0
99.97587203979492,0.0,0.0,0.0,0.0,0.0,0.0,0.0,131,nan,nan,0,T_JUNCTION,51,1,1,0
99.99595165252686,0.0,0.0,0.0,0.0,0.0,0.0,0.0,131,nan,nan,0,T_JUNCTION,51,1,1,0
100.0157778263092,0.0,0.0,0.0,0.0,0.0,0.0,0.0,131,nan,nan,0,T_JUNCTION,51,1,1,0
100.03583860397339,0.0,0.0,0.0,0.0,0.0,0.0,0.0,131,nan,nan,0,T_JUNCTION,51,1,1,0
100.05590271949768,0.0,0.0,0.0,0.0,0.0,0.0,0.0,131,nan,nan,0,T_JUNCTION,51,1,1,0
100.07585120201111,0.0,0.0,0.0,0.0,0.0,0.0,0.0,131,nan,nan,0,T_JUNCTION,51,1,1,0
100.09590172767639,0.0,0.0,0.0,0.0,0.0,0.0,0.0,131,nan,nan,0,T_JUNCTION,51,1,1,0
100.11574053764343,0.0,0.0,0.0,0.0,0.0,0.0,0.0,131,nan,nan,0,T_JUNCTION,51,1,1,0
100.13576817512512,0.0,0.0,0.0,0.0,0.0,0.0,0.0,131,nan,nan,0,T_JUNCTION,51,1,1,0
100.15578627586365,0.0,0.0,0.0,0.0,0.0,0.0,0.0,131,nan,nan,0,T_JUNCTION,51,1,1,0
100.17585873603821,0.0,0.0,0.0,0.0,0.0,0.0,0.0,131,nan,nan,0,T_JUNCTION,51,1,1,0
100.1958692073822,0.0,0.0,0.0,0.0,0.0,0.0,0.0,131,nan,nan,0,T_JUNCTION,51,1,1,0
100.21578979492188,0.0,0.0,0.0,0.0,0.0,0.0,0.0,131,nan,nan,0,T_JUNCTION,51,1,1,0
100.23577380180359,0.0,0.0,0.0,0.0,0.0,0.0,0.0,131,nan,nan,0,T_JUNCTION,51,1,1,0
100.2557852268219,0.0,0.0,0.0,0.0,0.0,0.0,0.0,131,nan,nan,0,T_JUNCTION,51,1,1,0
100.27576303482056,0.0,0.0,0.0,0.0,0.0,0.0,0.0,131,nan,nan,0,T_JUNCTION,51,1,1,0
100.29586887359619,0.0,0.0,0.0,0.0,0.0,0.0,0.0,131,nan,nan,0,T_JUNCTION,51,1,1,0
100.31578421592712,0.0,0.0,0.0,0.0,0.0,0.0,0.0,131,nan,nan,0,T_JUNCTION,51,1,1,0
100.33576583862305,0.0,0.0,0.0,0.0,0.0,0.0,0.0,131,nan,nan,0,T_JUNCTION,51,1,1,0
100.35576391220093,0.0,0.0,0.0,0.0,0.0,0.0,0.0,131,nan,nan,0,T_JUNCTION,51,1,1,0
100.3757746219635,0.0,0.0,0.0,0.0,0.0,0.0,0.0,131,nan,nan,0,T_JUNCTION,51,1,1,0
100.39581155776978,0.0,0.0,0.0,0.0,0.0,0.0,0.0,131,nan,nan,0,T_JUNCTION,51,1,1,0
100.41577196121216,0.0,0.0,0.0,0.0,0.0,0.0,0.0,131,nan,nan,0,T_JUNCTION,51,1,1,0
100.43577480316162,0.0,0.0,0.0,0.0,0.0,0.0,0.0,131,nan,nan,0,T_JUNCTION,51,1,1,0
100.45578217506409,0.0,0.0,0.0,0.0,0.0,0.0,0.0,131,nan,nan,0,T_JUNCTION,51,1,1,0
100.47581195831299,0.0,0.0,0.0,0.0,0.0,0.0,0.0,131,nan,nan,0,T_JUNCTION,51,1,1,0
100.49580430984497,0.0,0.0,0.0,0.0,0.0,0.0,0.0,131,nan,nan,0,T_JUNCTION,51,1,1,0
100.5157573223114,0.0,0.0,0.0,0.0,0.0,0.0,0.0,131,nan,nan,0,T_JUNCTION,51,1,1,0
100.5357551574707,0.0,0.0,0.0,0.0,0.0,0.0,0.0,131,nan,nan,0,T_JUNCTION,51,1,1,0
100.55576539039612,0.0,0.0,0.0,0.0,0.0,0.0,0.0,131,nan,nan,0,T_JUNCTION,51,1,1,0
100.57575559616089,0.0,0.0,0.0,0.0,0.0,0.0,0.0,131,nan,nan,0,T_JUNCTION,51,1,1,0
100.59578371047974,0.0,0.0,0.0,0.0,0.0,0.0,0.0,131,nan,nan,0,T_JUNCTION,51,1,1,0
100.61577153205872,0.0,0.0,0.0,0.0,0.0,0.0,0.0,131,nan,nan,0,T_JUNCTION,51,1,1,0
100.63576555252075,0.0,0.0,0.0,0.0,0.0,0.0,0.0,131,nan,nan,0,T_JUNCTION,51,1,1,0
100.6558268070221,0.0,0.0,0.0,0.0,0.0,0.0,0.0,131,nan,nan,0,T_JUNCTION,51,1,1,0
100.6757800579071,0.0,0.0,0.0,0.0,0.0,0.0,0.0,131,nan,nan,0,T_JUNCTION,51,1,1,0
100.69575548171997,0.0,0.0,0.0,0.0,0.0,0.0,0.0,131,nan,nan,0,T_JUNCTION,51,1,1,0
100.7157564163208,0.0,0.0,0.0,0.0,0.0,0.0,0.0,131,nan,nan,0,T_JUNCTION,51,1,1,0
100.7357542514801,0.0,0.0,0.0,0.0,0.0,0.0,0.0,131,nan,nan,0,T_JUNCTION,51,1,1,0
100.75586295127869,0.0,0.0,0.0,0.0,0.0,0.0,0.0,131,nan,nan,0,T_JUNCTION,51,1,1,0
100.77579522132874,0.0,0.0,0.0,0.0,0.0,0.0,0.0,131,nan,nan,0,T_JUNCTION,51,1,1,0
100.79579615592957,0.0,0.0,0.0,0.0,0.0,0.0,0.0,131,nan,nan,0,T_JUNCTION,51,1,1,0
100.8157684803009,0.0,0.0,0.0,0.0,0.0,0.0,0.0,131,nan,nan,0,T_JUNCTION,51,1,1,0
100.83581161499023,0.0,0.0,0.0,0.0,0.0,0.0,0.0,131,nan,nan,0,T_JUNCTION,51,1,1,0
100.85578083992004,0.0,0.0,0.0,0.0,0.0,0.0,0.0,131,nan,nan,0,T_JUNCTION,51,1,1,0
100.87586569786072,0.0,0.0,0.0,0.0,0.0,0.0,0.0,131,nan,nan,0,T_JUNCTION,51,1,1,0
100.89577674865723,0.0,0.0,0.0,0.0,0.0,0.0,0.0,131,nan,nan,0,T_JUNCTION,51,1,1,0
100.9157645702362,0.0,0.0,0.0,0.0,0.0,0.0,0.0,131,nan,nan,0,T_JUNCTION,51,1,1,0
100.93591523170471,0.0,0.0,0.0,0.0,0.0,0.0,0.0,131,nan,nan,0,T_JUNCTION,51,1,1,0
100.95583033561707,0.0,0.0,0.0,0.0,0.0,0.0,0.0,131,nan,nan,0,T_JUNCTION,51,1,1,0
100.9757788181305,0.0,0.0,0.0,0.0,0.0,0.0,0.0,131,nan,nan,0,T_JUNCTION,51,1,1,0
100.99587559700012,0.0,0.0,0.0,0.0,0.0,0.0,0.0,131,nan,nan,0,T_JUNCTION,51,1,1,0
101.01580286026001,0.0,0.0,0.0,0.0,0.0,0.0,0.0,131,nan,nan,0,T_JUNCTION,51,1,1,0
101.03583216667175,0.0,0.0,0.0,0.0,0.0,0.0,0.0,131,nan,nan,0,T_JUNCTION,51,1,1,0
101.0558009147644,0.0,0.0,0.0,0.0,0.0,0.0,0.0,131,nan,nan,0,T_JUNCTION,51,1,1,0
101.07579350471497,0.0,0.0,0.0,0.0,0.0,0.0,0.0,131,nan,nan,0,T_JUNCTION,51,1,1,0
101.09579920768738,0.0,0.0,0.0,0.0,0.0,0.0,0.0,131,nan,nan,0,T_JUNCTION,51,1,1,0
101.11578297615051,0.0,0.0,0.0,0.0,0.0,0.0,0.0,131,nan,nan,0,T_JUNCTION,51,1,1,0
101.13577151298523,0.0,0.0,0.0,0.0,0.0,0.0,0.0,131,nan,nan,0,T_JUNCTION,51,1,1,0
101.15575742721558,0.0,0.0,0.0,0.0,0.0,0.0,0.0,131,nan,nan,0,T_JUNCTION,51,1,1,0
101.17578387260437,0.0,0.0,0.0,0.0,0.0,0.0,0.0,131,nan,nan,0,T_JUNCTION,51,1,1,0
101.19579267501831,0.0,0.0,0.0,0.0,0.0,0.0,0.0,131,nan,nan,0,T_JUNCTION,51,1,1,0
101.21575546264648,0.0,0.0,0.0,0.0,0.0,0.0,0.0,131,nan,nan,0,T_JUNCTION,51,1,1,0
101.23576283454895,0.0,0.0,0.0,0.0,0.0,0.0,0.0,131,nan,nan,0,T_JUNCTION,51,1,1,0
101.25577306747437,0.0,0.0,0.0,0.0,0.0,0.0,0.0,131,nan,nan,0,T_JUNCTION,51,1,1,0
101.27577424049377,0.0,0.0,0.0,0.0,0.0,0.0,0.0,131,nan,nan,0,T_JUNCTION,51,1,1,0
101.29579210281372,0.0,0.0,0.0,0.0,0.0,0.0,0.0,131,nan,nan,0,T_JUNCTION,51,1,1,0
101.31576371192932,0.0,0.0,0.0,0.0,0.0,0.0,0.0,131,nan,nan,0,T_JUNCTION,51,1,1,0
101.3357801437378,0.0,0.0,0.0,0.0,0.0,0.0,0.0,131,nan,nan,0,T_JUNCTION,51,1,1,0
101.35576176643372,0.0,0.0,0.0,0.0,0.0,0.0,0.0,131,nan,nan,0,T_JUNCTION,51,1,1,0
101.37582206726074,0.0,0.0,0.0,0.0,0.0,0.0,0.0,131,nan,nan,0,T_JUNCTION,51,1,1,0
101.39576268196106,0.0,0.0,0.0,0.0,0.0,0.0,0.0,131,nan,nan,0,T_JUNCTION,51,1,1,0
101.41576790809631,0.0,0.0,0.0,0.0,0.0,0.0,0.0,131,nan,nan,0,T_JUNCTION,51,1,1,0
101.43576455116272,0.0,0.0,0.0,0.0,0.0,0.0,0.0,131,nan,nan,0,T_JUNCTION,51,1,1,0
101.45577812194824,0.0,0.0,0.0,0.0,0.0,0.0,0.0,131,nan,nan,0,T_JUNCTION,51,1,1,0
101.4757673740387,0.0,0.0,0.0,0.0,0.0,0.0,0.0,131,nan,nan,0,T_JUNCTION,51,1,1,0
101.49578022956848,0.0,0.0,0.0,0.0,0.0,0.0,0.0,131,nan,nan,0,T_JUNCTION,51,1,1,0
101.51576495170593,0.0,0.0,0.0,0.0,0.0,0.0,0.0,131,nan,nan,0,T_JUNCTION,51,1,1,0
101.53578233718872,0.0,0.0,0.0,0.0,0.0,0.0,0.0,131,nan,nan,0,T_JUNCTION,51,1,1,0
101.55575466156006,0.0,0.0,0.0,0.0,0.0,0.0,0.0,131,nan,nan,0,T_JUNCTION,51,1,1,0
101.57575821876526,0.0,0.0,0.0,0.0,0.0,0.0,0.0,131,nan,nan,0,T_JUNCTION,51,1,1,0
101.59579181671143,0.0,0.0,0.0,0.0,0.0,0.0,0.0,131,nan,nan,0,T_JUNCTION,51,1,1,0
101.61575746536255,0.0,0.0,0.0,0.0,0.0,0.0,0.0,131,nan,nan,0,T_JUNCTION,51,1,1,0
101.63576340675354,0.0,0.0,0.0,0.0,0.0,0.0,0.0,131,nan,nan,0,T_JUNCTION,51,1,1,0
101.65577292442322,0.0,0.0,0.0,0.0,0.0,0.0,0.0,131,nan,nan,0,T_JUNCTION,51,1,1,0
101.67585062980652,0.0,0.0,0.0,0.0,0.0,0.0,0.0,131,nan,nan,0,T_JUNCTION,51,1,1,0
101.69580388069153,0.0,0.0,0.0,0.0,0.0,0.0,0.0,131,nan,nan,0,T_JUNCTION,51,1,1,0
101.7157666683197,0.0,0.0,0.0,0.0,0.0,0.0,0.0,131,nan,nan,0,T_JUNCTION,51,1,1,0
101.73578548431396,0.0,0.0,0.0,0.0,0.0,0.0,0.0,131,nan,nan,0,T_JUNCTION,51,1,1,0
101.75576138496399,0.0,0.0,0.0,0.0,0.0,0.0,0.0,131,nan,nan,0,T_JUNCTION,51,1,1,0
101.77591514587402,0.0,0.0,0.0,0.0,0.0,0.0,0.0,131,nan,nan,0,T_JUNCTION,51,1,1,0
101.7958300113678,0.0,0.0,0.0,0.0,0.0,0.0,0.0,131,nan,nan,0,T_JUNCTION,51,1,1,0
101.81580972671509,0.0,0.0,0.0,0.0,0.0,0.0,0.0,131,nan,nan,0,T_JUNCTION,51,1,1,0
101.8357675075531,0.0,0.0,0.0,0.0,0.0,0.0,0.0,131,nan,nan,0,T_JUNCTION,51,1,1,0
101.8558783531189,0.0,0.0,0.0,0.0,0.0,0.0,0.0,131,nan,nan,0,T_JUNCTION,51,1,1,0
101.87578678131104,0.0,0.0,0.0,0.0,0.0,0.0,0.0,131,nan,nan,0,T_JUNCTION,51,1,1,0
101.89577388763428,0.0,0.0,0.0,0.0,0.0,0.0,0.0,131,nan,nan,0,T_JUNCTION,51,1,1,0
101.91578245162964,0.0,0.0,0.0,0.0,0.0,0.0,0.0,131,nan,nan,0,T_JUNCTION,51,1,1,0
101.93580722808838,0.0,0.0,0.0,0.0,0.0,0.0,0.0,131,nan,nan,0,T_JUNCTION,51,1,1,0
101.9557728767395,0.0,0.0,0.0,0.0,0.0,0.0,0.0,131,nan,nan,0,T_JUNCTION,51,1,1,0
101.97576546669006,0.0,0.0,0.0,0.0,0.0,0.0,0.0,131,nan,nan,0,T_JUNCTION,51,1,1,0
101.99587368965149,0.0,0.0,0.0,0.0,0.0,0.0,0.0,131,nan,nan,0,T_JUNCTION,51,1,1,0
102.01576805114746,0.0,0.0,0.0,0.0,0.0,0.0,0.0,131,nan,nan,0,T_JUNCTION,51,1,1,0
102.03577375411987,0.0,0.0,0.0,0.0,0.0,0.0,0.0,131,nan,nan,0,T_JUNCTION,51,1,1,0
102.05577683448792,0.0,0.0,0.0,0.0,0.0,0.0,0.0,131,nan,nan,0,T_JUNCTION,51,1,1,0
102.07578325271606,0.0,0.0,0.0,0.0,0.0,0.0,0.0,131,nan,nan,0,T_JUNCTION,51,1,1,0
102.09577655792236,0.0,0.0,0.0,0.0,0.0,0.0,0.0,131,nan,nan,0,T_JUNCTION,51,1,1,0
102.11576390266418,0.0,0.0,0.0,0.0,0.0,0.0,0.0,131,nan,nan,0,T_JUNCTION,51,1,1,0
102.13577628135681,0.0,0.0,0.0,0.0,0.0,0.0,0.0,131,nan,nan,0,T_JUNCTION,51,1,1,0
102.15579056739807,0.0,0.0,0.0,0.0,0.0,0.0,0.0,131,nan,nan,0,T_JUNCTION,51,1,1,0
102.175785779953,0.0,0.0,0.0,0.0,0.0,0.0,0.0,131,nan,nan,0,T_JUNCTION,51,1,1,0
102.1957757472992,0.0,0.0,0.0,0.0,0.0,0.0,0.0,131,nan,nan,0,T_JUNCTION,51,1,1,0
102.21577262878418,0.0,0.0,0.0,0.0,0.0,0.0,0.0,131,nan,nan,0,T_JUNCTION,51,1,1,0
102.23576378822327,0.0,0.0,0.0,0.0,0.0,0.0,0.0,131,nan,nan,0,T_JUNCTION,51,1,1,0
102.25577640533447,0.0,0.0,0.0,0.0,0.0,0.0,0.0,131,nan,nan,0,T_JUNCTION,51,1,1,0
102.27575755119324,0.0,0.0,0.0,0.0,0.0,0.0,0.0,131,nan,nan,0,T_JUNCTION,51,1,1,0
102.29589247703552,0.0,0.0,0.0,0.0,0.0,0.0,0.0,131,nan,nan,0,T_JUNCTION,51,1,1,0
102.31576561927795,0.0,0.0,0.0,0.0,0.0,0.0,0.0,131,nan,nan,0,T_JUNCTION,51,1,1,0
102.33577108383179,0.0,0.0,0.0,0.0,0.0,0.0,0.0,131,nan,nan,0,T_JUNCTION,51,1,1,0
102.35577058792114,0.0,0.0,0.0,0.0,0.0,0.0,0.0,131,nan,nan,0,T_JUNCTION,51,1,1,0
102.37578248977661,0.0,0.0,0.0,0.0,0.0,0.0,0.0,131,nan,nan,0,T_JUNCTION,51,1,1,0
102.3957769870758,0.0,0.0,0.0,0.0,0.0,0.0,0.0,131,nan,nan,0,T_JUNCTION,51,1,1,0
102.4157919883728,0.0,0.0,0.0,0.0,0.0,0.0,0.0,131,nan,nan,0,T_JUNCTION,51,1,1,0
102.43576526641846,0.0,0.0,0.0,0.0,0.0,0.0,0.0,131,nan,nan,0,T_JUNCTION,51,1,1,0
102.45577073097229,0.0,0.0,0.0,0.0,0.0,0.0,0.0,131,nan,nan,0,T_JUNCTION,51,1,1,0
102.47591090202332,0.0,0.0,0.0,0.0,0.0,0.0,0.0,131,nan,nan,0,T_JUNCTION,51,1,1,0
102.49584865570068,0.0,0.0,0.0,0.0,0.0,0.0,0.0,131,nan,nan,0,T_JUNCTION,51,1,1,0
102.5157721042633,0.0,0.0,0.0,0.0,0.0,0.0,0.0,131,nan,nan,0,T_JUNCTION,51,1,1,0
102.5357723236084,0.0,0.0,0.0,0.0,0.0,0.0,0.0,131,nan,nan,0,T_JUNCTION,51,1,1,0
102.5558090209961,0.0,0.0,0.0,0.0,0.0,0.0,0.0,131,nan,nan,0,T_JUNCTION,51,1,1,0
102.57576513290405,0.0,0.0,0.0,0.0,0.0,0.0,0.0,131,nan,nan,0,T_JUNCTION,51,1,1,0
102.59579110145569,0.0,0.0,0.0,0.0,0.0,0.0,0.0,131,nan,nan,0,T_JUNCTION,51,1,1,0
102.61575627326965,0.0,0.0,0.0,0.0,0.0,0.0,0.0,131,nan,nan,0,T_JUNCTION,51,1,1,0
102.63578152656555,0.0,0.0,0.0,0.0,0.0,0.0,0.0,131,nan,nan,0,T_JUNCTION,51,1,1,0
102.6557891368866,0.0,0.0,0.0,0.0,0.0,0.0,0.0,131,nan,nan,0,T_JUNCTION,51,1,1,0
102.67581510543823,0.0,0.0,0.0,0.0,0.0,0.0,0.0,131,nan,nan,0,T_JUNCTION,51,1,1,0
102.69578742980957,0.0,0.0,0.0,0.0,0.0,0.0,0.0,131,nan,nan,0,T_JUNCTION,51,1,1,0
102.71578335762024,0.0,0.0,0.0,0.0,0.0,0.0,0.0,131,nan,nan,0,T_JUNCTION,51,1,1,0
102.73577547073364,0.0,0.0,0.0,0.0,0.0,0.0,0.0,131,nan,nan,0,T_JUNCTION,51,1,1,0
102.7557692527771,0.0,0.0,0.0,0.0,0.0,0.0,0.0,131,nan,nan,0,T_JUNCTION,51,1,1,0
102.77588391304016,0.0,0.0,0.0,0.0,0.0,0.0,0.0,131,nan,nan,0,T_JUNCTION,51,1,1,0
102.79582953453064,0.0,0.0,0.0,0.0,0.0,0.0,0.0,131,nan,nan,0,T_JUNCTION,51,1,1,0
102.81576728820801,0.0,0.0,0.0,0.0,0.0,0.0,0.0,131,nan,nan,0,T_JUNCTION,51,1,1,0
102.83578372001648,0.0,0.0,0.0,0.0,0.0,0.0,0.0,131,nan,nan,0,T_JUNCTION,51,1,1,0
102.85593247413635,0.0,0.0,0.0,0.0,0.0,0.0,0.0,131,nan,nan,0,T_JUNCTION,51,1,1,0
102.87578344345093,0.0,0.0,0.0,0.0,0.0,0.0,0.0,131,nan,nan,0,T_JUNCTION,51,1,1,0
102.89587068557739,0.0,0.0,0.0,0.0,0.0,0.0,0.0,131,nan,nan,0,T_JUNCTION,51,1,1,0
102.91587114334106,0.0053751329902751565,-0.012,0.0035751329902751565,0.0,0.0035751329902751565,0.0035751329902751565,1.2781575898153782e-05,131,0.10431075841188431,5.97656621480972,1,WELD_FOUND,52,1,1,0
102.93581581115723,0.0053751329902751565,-0.012,0.0035751329902751565,0.0,0.0035751329902751565,0.0035751329902751565,1.2781575898153782e-05,131,0.10431075841188431,5.97656621480972,1,WELD_FOUND,52,1,1,0
102.9557774066925,0.0053751329902751565,-0.012,0.0035751329902751565,0.0,0.0035751329902751565,0.0035751329902751565,1.2781575898153782e-05,131,0.10431075841188431,5.97656621480972,1,WELD_FOUND,52,1,1,0
102.97579050064087,0.0053751329902751565,-0.012,0.0035751329902751565,0.0,0.0035751329902751565,0.0035751329902751565,1.2781575898153782e-05,131,0.10431075841188431,5.97656621480972,1,WELD_FOUND,52,1,1,0
102.99589848518372,0.0053751329902751565,-0.012,0.0035751329902751565,0.0,0.0035751329902751565,0.0035751329902751565,1.2781575898153782e-05,131,0.10431075841188431,5.97656621480972,1,WELD_FOUND,52,1,1,0
103.01581597328186,0.005957983136624466,-0.012,0.004157983136624466,0.0,0.004157983136624466,0.004157983136624466,1.728882376445343e-05,131,0.09203890711069107,5.2734409284392205,1,WELD_FOUND,53,1,1,0
103.03578090667725,0.005957983136624466,-0.012,0.004157983136624466,0.0,0.004157983136624466,0.004157983136624466,1.728882376445343e-05,149,0.09203890711069107,5.2734409284392205,1,WELD_FOUND,53,1,1,0
103.05578637123108,0.005957983136624466,-0.012,0.004157983136624466,0.0,0.004157983136624466,0.004157983136624466,1.728882376445343e-05,149,0.09203890711069107,5.2734409284392205,1,WELD_FOUND,53,1,1,0
103.0758056640625,0.005957983136624466,-0.012,0.004157983136624466,0.0,0.004157983136624466,0.004157983136624466,1.728882376445343e-05,149,0.09203890711069107,5.2734409284392205,1,WELD_FOUND,53,1,1,0
103.09586238861084,0.005957983136624466,-0.012,0.004157983136624466,0.0,0.004157983136624466,0.004157983136624466,1.728882376445343e-05,149,0.09203890711069107,5.2734409284392205,1,WELD_FOUND,53,1,1,0
103.11577534675598,0.006599367150796579,-0.012,0.004799367150796579,0.0,0.004799367150796579,0.004799367150796579,2.3033925048145273e-05,149,0.08590298891067505,4.921878712140794,1,WELD_FOUND,54,1,1,0
103.13578081130981,0.006599367150796579,-0.012,0.004799367150796579,0.0,0.004799367150796579,0.004799367150796579,2.3033925048145273e-05,183,0.08590298891067505,4.921878712140794,1,WELD_FOUND,54,1,1,0
103.15576314926147,0.006599367150796579,-0.012,0.004799367150796579,0.0,0.004799367150796579,0.004799367150796579,2.3033925048145273e-05,183,0.08590298891067505,4.921878712140794,1,WELD_FOUND,54,1,1,0
103.17576384544373,0.006599367150796579,-0.012,0.004799367150796579,0.0,0.004799367150796579,0.004799367150796579,2.3033925048145273e-05,183,0.08590298891067505,4.921878712140794,1,WELD_FOUND,54,1,1,0
103.1958429813385,0.006599367150796579,-0.012,0.004799367150796579,0.0,0.004799367150796579,0.004799367150796579,2.3033925048145273e-05,183,0.08590298891067505,4.921878712140794,1,WELD_FOUND,54,1,1,0
103.21579480171204,0.006393663879802303,-0.012,0.0045936638798023035,0.0,0.0045936638798023035,0.0045936638798023035,2.1101747840600352e-05,183,0.09203890711069107,5.2734409284392205,1,WELD_FOUND,55,1,1,0
103.23577833175659,0.006393663879802303,-0.012,0.0045936638798023035,0.0,0.0045936638798023035,0.0045936638798023035,2.1101747840600352e-05,197,0.09203890711069107,5.2734409284392205,1,WELD_FOUND,55,1,1,0
103.25576829910278,0.006393663879802303,-0.012,0.0045936638798023035,0.0,0.0045936638798023035,0.0045936638798023035,2.1101747840600352e-05,197,0.09203890711069107,5.2734409284392205,1,WELD_FOUND,55,1,1,0
103.27578997612,0.006393663879802303,-0.012,0.0045936638798023035,0.0,0.0045936638798023035,0.0045936638798023035,2.1101747840600352e-05,197,0.09203890711069107,5.2734409284392205,1,WELD_FOUND,55,1,1,0
103.29592442512512,0.006393663879802303,-0.012,0.0045936638798023035,0.0,0.0045936638798023035,0.0045936638798023035,2.1101747840600352e-05,197,0.09203890711069107,5.2734409284392205,1,WELD_FOUND,55,1,1,0
103.31578636169434,0.006757963700856767,-0.012,0.004957963700856768,0.0,0.004957963700856768,0.004957963700856768,2.4581404059013337e-05,197,0.08590298891067505,4.921878712140794,1,WELD_FOUND,56,1,1,0
103.33577108383179,0.006757963700856767,-0.012,0.004957963700856768,0.0,0.004957963700856768,0.004957963700856768,2.4581404059013337e-05,271,0.08590298891067505,4.921878712140794,1,WELD_FOUND,56,1,1,0
103.35577917098999,0.006757963700856767,-0.012,0.004957963700856768,0.0,0.004957963700856768,0.004957963700856768,2.4581404059013337e-05,271,0.08590298891067505,4.921878712140794,1,WELD_FOUND,56,1,1,0
103.37577939033508,0.006757963700856767,-0.012,0.004957963700856768,0.0,0.004957963700856768,0.004957963700856768,2.4581404059013337e-05,271,0.08590298891067505,4.921878712140794,1,WELD_FOUND,56,1,1,0
103.39584589004517,0.006757963700856767,-0.012,0.004957963700856768,0.0,0.004957963700856768,0.004957963700856768,2.4581404059013337e-05,271,0.08590298891067505,4.921878712140794,1,WELD_FOUND,56,1,1,0
103.41579413414001,0.006022835106527897,-0.012,0.004222835106527897,0.0,0.004222835106527897,0.004222835106527897,1.7832336336924475e-05,271,0.09817483276128769,5.625003571624471,1,WELD_FOUND,57,1,1,0
103.43577551841736,0.006022835106527897,-0.012,0.004222835106527897,0.0,0.004222835106527897,0.004222835106527897,1.7832336336924475e-05,284,0.09817483276128769,5.625003571624471,1,WELD_FOUND,57,1,1,0
103.45578837394714,0.006022835106527897,-0.012,0.004222835106527897,0.03778494894504547,-0.03356211383851757,0.03356211383851757,0.0011264154853096128,284,0.09817483276128769,5.625003571624471,1,WELD_FOUND,57,1,1,0
103.47580337524414,0.006022835106527897,-0.012,0.004222835106527897,0.030227961018681526,-0.026005125912153627,0.026005125912153627,0.000676266573706964,284,0.09817483276128769,5.625003571624471,1,WELD_FOUND,57,1,1,0
103.49595928192139,0.006022835106527897,-0.012,0.004222835106527897,0.02418236806988716,-0.019959532963359262,0.019959532963359262,0.000398382956115425,284,0.09817483276128769,5.625003571624471,1,WELD_FOUND,57,1,1,0
103.51579546928406,0.006192122820665875,-0.012,0.004392122820665876,0.01934589445590973,-0.014953771635243853,0.014953771635243853,0.00022361528611902364,284,0.09203890711069107,5.2734409284392205,1,WELD_FOUND,58,1,1,0
103.53577446937561,0.006192122820665875,-0.012,0.004392122820665876,0.01934589445590973,-0.014953771635243853,0.014953771635243853,0.00022361528611902364,309,0.09203890711069107,5.2734409284392205,1,WELD_FOUND,58,1,1,0
103.55576705932617,0.006192122820665875,-0.012,0.004392122820665876,0.01934589445590973,-0.014953771635243853,0.014953771635243853,0.00022361528611902364,309,0.09203890711069107,5.2734409284392205,1,WELD_FOUND,58,1,1,0
103.57577896118164,0.006192122820665875,-0.012,0.004392122820665876,0.01934589445590973,-0.014953771635243853,0.014953771635243853,0.00022361528611902364,309,0.09203890711069107,5.2734409284392205,1,WELD_FOUND,58,1,1,0
103.59587526321411,0.006192122820665875,-0.012,0.004392122820665876,0.015476715750992298,-0.011084592930326423,0.011084592930326423,0.0001228682004310425,309,0.09203890711069107,5.2734409284392205,1,WELD_FOUND,58,1,1,0
103.61579251289368,0.006251927829166102,-0.012,0.004451927829166102,0.012381372042000294,-0.007929444212834192,0.007929444212834192,6.287608552444966e-05,309,0.09203890711069107,5.2734409284392205,1,WELD_FOUND,59,1,1,0
103.63578271865845,0.006251927829166102,-0.012,0.004451927829166102,0.012381372042000294,-0.007929444212834192,0.007929444212834192,6.287608552444966e-05,299,0.09203890711069107,5.2734409284392205,1,WELD_FOUND,59,1,1,0
103.6558256149292,0.006251927829166102,-0.012,0.004451927829166102,-0.019151117652654648,0.02360304548182075,0.02360304548182075,0.0005571037560168989,299,0.09203890711069107,5.2734409284392205,1,WELD_FOUND,59,1,1,0
103.67576909065247,0.006251927829166102,-0.012,0.004451927829166102,-0.015320894308388233,0.019772822137554335,0.019772822137554335,0.00039096449528335875,299,0.09203890711069107,5.2734409284392205,1,WELD_FOUND,59,1,1,0
103.69592785835266,0.006251927829166102,-0.012,0.004451927829166102,-0.015320894308388233,0.019772822137554335,0.019772822137554335,0.00039096449528335875,299,0.09203890711069107,5.2734409284392205,1,WELD_FOUND,59,1,1,0
103.71575999259949,0.006272927484938788,-0.012,0.004472927484938789,-0.012256715446710587,0.016729642931649375,0.016729642931649375,0.0002798809526204859,299,0.09203890711069107,5.2734409284392205,1,WELD_FOUND,60,1,1,0
103.73576021194458,0.006272927484938788,-0.012,0.004472927484938789,-0.012256715446710587,0.016729642931649375,0.016729642931649375,0.0002798809526204859,315,0.09203890711069107,5.2734409284392205,1,WELD_FOUND,60,1,1,0
103.75579714775085,0.006272927484938788,-0.012,0.004472927484938789,-0.012256715446710587,0.016729642931649375,0.016729642931649375,0.0002798809526204859,315,0.09203890711069107,5.2734409284392205,1,WELD_FOUND,60,1,1,0
103.77576398849487,0.006272927484938788,-0.012,0.004472927484938789,-0.00980537198483944,0.014278299469778228,0.014278299469778228,0.0002038698357486692,315,0.09203890711069107,5.2734409284392205,1,WELD_FOUND,60,1,1,0
103.79589104652405,0.006272927484938788,-0.012,0.004472927484938789,-0.00980537198483944,0.014278299469778228,0.014278299469778228,0.0002038698357486692,315,0.09203890711069107,5.2734409284392205,1,WELD_FOUND,61,1,1,0
103.81580209732056,0.005860694043650907,-0.012,0.004060694043650908,-0.007844297215342522,0.01190499125899343,0.01190499125899343,0.00014172881687670995,315,0.09817483276128769,5.625003571624471,1,WELD_FOUND,61,1,1,0
103.83577942848206,0.005860694043650907,-0.012,0.004060694043650908,-0.007844297215342522,0.01190499125899343,0.01190499125899343,0.00014172881687670995,330,0.09817483276128769,5.625003571624471,1,WELD_FOUND,61,1,1,0
103.85580706596375,0.005860694043650907,-0.012,0.004060694043650908,-0.007844297215342522,0.01190499125899343,0.01190499125899343,0.00014172881687670995,330,0.09817483276128769,5.625003571624471,1,WELD_FOUND,61,1,1,0
103.87579464912415,0.005860694043650907,-0.012,0.004060694043650908,-0.006275438237935305,0.010336132281586212,0.010336132281586212,0.00010683563054244859,330,0.09817483276128769,5.625003571624471,1,WELD_FOUND,61,1,1,0
103.8960268497467,0.005860694043650907,-0.012,0.004060694043650908,-0.005020350683480501,0.009081044727131409,0.009081044727131409,8.246537333616116e-05,330,0.09817483276128769,5.625003571624471,1,WELD_FOUND,62,1,1,0
103.91579055786133,0.0057197220739478305,-0.012,0.003919722073947831,-0.004016280174255371,0.007936002248203202,0.007936002248203202,6.298013168348628e-05,330,0.09817483276128769,5.625003571624471,1,WELD_FOUND,62,1,1,0
103.93577647209167,0.0057197220739478305,-0.012,0.003919722073947831,-0.004016280174255371,0.007936002248203202,0.007936002248203202,6.298013168348628e-05,339,0.09817483276128769,5.625003571624471,1,WELD_FOUND,62,1,1,0
103.95576596260071,0.0057197220739478305,-0.012,0.003919722073947831,0.022650379687547684,-0.018730657613599853,0.018730657613599853,0.0003508375346379061,339,0.09817483276128769,5.625003571624471,1,WELD_FOUND,62,1,1,0
103.97576642036438,0.0057197220739478305,-0.012,0.003919722073947831,0.022650379687547684,-0.018730657613599853,0.018730657613599853,0.0003508375346379061,339,0.09817483276128769,5.625003571624471,1,WELD_FOUND,62,1,1,0
103.99587774276733,0.0057197220739478305,-0.012,0.003919722073947831,0.018120303750038147,-0.014200581676090316,0.014200581676090316,0.00020165651993931205,339,0.09817483276128769,5.625003571624471,1,WELD_FOUND,63,1,1,0
104.01577949523926,0.006083643349860834,-0.012,0.004283643349860833,0.014496243558824062,-0.01021260020896323,0.01021260020896323,0.0001042972030281158,339,0.09203890711069107,5.2734409284392205,1,WELD_FOUND,63,1,1,0
104.03577589988708,0.006083643349860834,-0.012,0.004283643349860833,0.014496243558824062,-0.01021260020896323,0.01021260020896323,0.0001042972030281158,357,0.09203890711069107,5.2734409284392205,1,WELD_FOUND,63,1,1,0
104.05578446388245,0.006083643349860834,-0.012,0.004283643349860833,0.014496243558824062,-0.01021260020896323,0.01021260020896323,0.0001042972030281158,357,0.09203890711069107,5.2734409284392205,1,WELD_FOUND,63,1,1,0
104.07578039169312,0.006083643349860834,-0.012,0.004283643349860833,0.014496243558824062,-0.01021260020896323,0.01021260020896323,0.0001042972030281158,357,0.09203890711069107,5.2734409284392205,1,WELD_FOUND,63,1,1,0
104.09585523605347,0.006213667250482589,-0.012,0.004413667250482589,0.01159699447453022,-0.007183327224047631,0.007183327224047631,5.160019000774384e-05,357,0.09203890711069107,5.2734409284392205,1,WELD_FOUND,64,1,1,0
104.11577200889587,0.006213667250482589,-0.012,0.004413667250482589,0.00927759613841772,-0.004863928887935132,0.004863928887935132,2.3657804226889887e-05,357,0.09203890711069107,5.2734409284392205,1,WELD_FOUND,64,1,1,0
104.13576316833496,0.006213667250482589,-0.012,0.004413667250482589,0.00927759613841772,-0.004863928887935132,0.004863928887935132,2.3657804226889887e-05,358,0.09203890711069107,5.2734409284392205,1,WELD_FOUND,64,1,1,0
104.15576195716858,0.006213667250482589,-0.012,0.004413667250482589,0.010295153595507145,-0.005881486345024556,0.005881486345024556,3.459188162671031e-05,358,0.09203890711069107,5.2734409284392205,1,WELD_FOUND,64,1,1,0
104.17576694488525,0.006213667250482589,-0.012,0.004413667250482589,0.010295153595507145,-0.005881486345024556,0.005881486345024556,3.459188162671031e-05,358,0.09203890711069107,5.2734409284392205,1,WELD_FOUND,64,1,1,0
104.19581127166748,0.006692889992401691,-0.012,0.004892889992401691,0.008236122317612171,-0.00334323232521048,0.00334323232521048,1.1177202380332272e-05,358,0.08590298891067505,4.921878712140794,1,WELD_FOUND,65,1,1,0
104.21578550338745,0.006692889992401691,-0.012,0.004892889992401691,0.006588898133486509,-0.001696008141084818,0.001696008141084818,2.87644361462598e-06,358,0.08590298891067505,4.921878712140794,1,WELD_FOUND,65,1,1,0
104.235759973526,0.006692889992401691,-0.012,0.004892889992401691,0.006588898133486509,-0.001696008141084818,0.001696008141084818,2.87644361462598e-06,392,0.08590298891067505,4.921878712140794,1,WELD_FOUND,65,1,1,0
104.25577092170715,0.006692889992401691,-0.012,0.004892889992401691,0.006588898133486509,-0.001696008141084818,0.001696008141084818,2.87644361462598e-06,392,0.08590298891067505,4.921878712140794,1,WELD_FOUND,65,1,1,0
104.27577590942383,0.006692889992401691,-0.012,0.004892889992401691,0.006588898133486509,-0.001696008141084818,0.001696008141084818,2.87644361462598e-06,392,0.08590298891067505,4.921878712140794,1,WELD_FOUND,65,1,1,0
104.29599475860596,0.006001301007019784,-0.012,0.004201301007019783,0.005271118599921465,-0.0010698175929016816,0.0010698175929016816,1.144509682081948e-06,392,0.09817483276128769,5.625003571624471,1,WELD_FOUND,66,1,1,0
104.31577706336975,0.006001301007019784,-0.012,0.004201301007019783,0.004216894973069429,-1.5593966049646038e-05,1.5593966049646038e-05,2.4317177715751327e-10,392,0.09817483276128769,5.625003571624471,1,WELD_FOUND,66,1,1,0
104.33577919006348,0.006001301007019784,-0.012,0.004201301007019783,0.004216894973069429,-1.5593966049646038e-05,1.5593966049646038e-05,2.4317177715751327e-10,425,0.09817483276128769,5.625003571624471,1,WELD_FOUND,66,1,1,0
104.35577750205994,0.006001301007019784,-0.012,0.004201301007019783,0.004216894973069429,-1.5593966049646038e-05,1.5593966049646038e-05,2.4317177715751327e-10,425,0.09817483276128769,5.625003571624471,1,WELD_FOUND,66,1,1,0
104.37585520744324,0.006001301007019784,-0.012,0.004201301007019783,0.004216894973069429,-1.5593966049646038e-05,1.5593966049646038e-05,2.4317177715751327e-10,425,0.09817483276128769,5.625003571624471,1,WELD_FOUND,66,1,1,0
104.39585638046265,0.005366335125337656,-0.012,0.003566335125337656,0.0033735157921910286,0.00019281933314662736,0.00019281933314662736,3.717929523511007e-08,425,0.10431075841188431,5.97656621480972,1,WELD_FOUND,67,1,1,0
104.41576647758484,0.005366335125337656,-0.012,0.003566335125337656,0.0033735157921910286,0.00019281933314662736,0.00019281933314662736,3.717929523511007e-08,425,0.10431075841188431,5.97656621480972,1,WELD_FOUND,67,1,1,0
104.43578791618347,0.005366335125337656,-0.012,0.003566335125337656,0.0033735157921910286,0.00019281933314662736,0.00019281933314662736,3.717929523511007e-08,406,0.10431075841188431,5.97656621480972,1,WELD_FOUND,67,1,1,0
104.45578789710999,0.005366335125337656,-0.012,0.003566335125337656,0.0033735157921910286,0.00019281933314662736,0.00019281933314662736,3.717929523511007e-08,406,0.10431075841188431,5.97656621480972,1,WELD_FOUND,67,1,1,0
104.4757788181305,0.005366335125337656,-0.012,0.003566335125337656,0.002698812633752823,0.0008675224915848331,0.0008675224915848331,7.525952734055567e-07,406,0.10431075841188431,5.97656621480972,1,WELD_FOUND,67,1,1,0
104.49580812454224,0.005152482810458231,-0.012,0.003352482810458231,0.0021590502001345158,0.001193432610323715,0.001193432610323715,1.4242813953840763e-06,406,0.10431075841188431,5.97656621480972,1,WELD_FOUND,68,1,1,0
104.51577877998352,0.005152482810458231,-0.012,0.003352482810458231,0.0017272400436922908,0.00162524276676594,0.00162524276676594,2.641414050925008e-06,406,0.10431075841188431,5.97656621480972,1,WELD_FOUND,68,1,1,0
104.53576421737671,0.005152482810458231,-0.012,0.003352482810458231,0.0017272400436922908,0.00162524276676594,0.00162524276676594,2.641414050925008e-06,429,0.10431075841188431,5.97656621480972,1,WELD_FOUND,68,1,1,0
104.55577421188354,0.005152482810458231,-0.012,0.003352482810458231,0.0017272400436922908,0.00162524276676594,0.00162524276676594,2.641414050925008e-06,429,0.10431075841188431,5.97656621480972,1,WELD_FOUND,68,1,1,0
104.57576966285706,0.005152482810458231,-0.012,0.003352482810458231,0.00138179212808609,0.0019706906823721408,0.0019706906823721408,3.883621765588374e-06,429,0.10431075841188431,5.97656621480972,1,WELD_FOUND,68,1,1,0
104.59581804275513,0.005469758199536052,-0.012,0.0036697581995360517,0.00138179212808609,0.0022879660714499616,0.0022879660714499616,5.234788744106171e-06,429,0.09817483276128769,5.625003571624471,1,WELD_FOUND,69,1,1,0
104.61576271057129,0.005469758199536052,-0.012,0.0036697581995360517,0.0011054336791858077,0.002564324520350244,0.002564324520350244,6.575760245669509e-06,429,0.09817483276128769,5.625003571624471,1,WELD_FOUND,69,1,1,0
104.63575959205627,0.005469758199536052,-0.012,0.0036697581995360517,0.0011054336791858077,0.002564324520350244,0.002564324520350244,6.575760245669509e-06,461,0.09817483276128769,5.625003571624471,1,WELD_FOUND,69,1,1,0
104.65580153465271,0.005469758199536052,-0.012,0.0036697581995360517,0.0011054336791858077,0.002564324520350244,0.002564324520350244,6.575760245669509e-06,461,0.09817483276128769,5.625003571624471,1,WELD_FOUND,69,1,1,0
104.67582511901855,0.005469758199536052,-0.012,0.0036697581995360517,0.0008843469549901783,0.0027854112445458734,0.0027854112445458734,7.758515801242591e-06,461,0.09817483276128769,5.625003571624471,1,WELD_FOUND,69,1,1,0
104.6958441734314,0.005992749818396678,-0.012,0.004192749818396678,0.0007074775639921427,0.003485272254404535,0.003485272254404535,1.2147122687322069e-05,461,0.09203890711069107,5.2734409284392205,1,WELD_FOUND,70,1,1,0
104.71579432487488,0.005992749818396678,-0.012,0.004192749818396678,0.0005659820162691176,0.00362676780212756,0.00362676780212756,1.3153444690549172e-05,461,0.09203890711069107,5.2734409284392205,1,WELD_FOUND,70,1,1,0
104.73578190803528,0.005992749818396678,-0.012,0.004192749818396678,0.0005659820162691176,0.00362676780212756,0.00362676780212756,1.3153444690549172e-05,516,0.09203890711069107,5.2734409284392205,1,WELD_FOUND,70,1,1,0
104.75577473640442,0.005992749818396678,-0.012,0.004192749818396678,0.0005659820162691176,0.00362676780212756,0.00362676780212756,1.3153444690549172e-05,516,0.09203890711069107,5.2734409284392205,1,WELD_FOUND,70,1,1,0
104.77578473091125,0.005992749818396678,-0.012,0.004192749818396678,0.0005659820162691176,0.00362676780212756,0.00362676780212756,1.3153444690549172e-05,516,0.09203890711069107,5.2734409284392205,1,WELD_FOUND,70,1,1,0
104.79582858085632,0.007517126566749658,-0.012,0.005717126566749659,0.00045278563629835844,0.0052643409304513,0.0052643409304513,2.7713285432024862e-05,516,0.07363113760948181,4.218753425770293,1,WELD_FOUND,71,1,1,0
104.81581163406372,0.007517126566749658,-0.012,0.005717126566749659,0.00036222851485945284,0.005354898051890206,0.005354898051890206,2.8674933146137523e-05,516,0.07363113760948181,4.218753425770293,1,WELD_FOUND,71,1,1,0
104.83578276634216,0.007517126566749658,-0.012,0.005717126566749659,0.00036222851485945284,0.005354898051890206,0.005354898051890206,2.8674933146137523e-05,528,0.07363113760948181,4.218753425770293,1,WELD_FOUND,71,1,1,0
104.85578489303589,0.007517126566749658,-0.012,0.005717126566749659,0.0347265861928463,-0.02900945962609664,0.02900945962609664,0.000841548747798131,528,0.07363113760948181,4.218753425770293,1,WELD_FOUND,71,1,1,0
104.87578439712524,0.007517126566749658,-0.012,0.005717126566749659,0.02778126858174801,-0.02206414201499835,0.02206414201499835,0.00048682636285801554,528,0.07363113760948181,4.218753425770293,1,WELD_FOUND,71,1,1,0
104.89583468437195,0.007151438135062602,-0.012,0.005351438135062602,0.02778126858174801,-0.02242983044668541,0.02242983044668541,0.0005030972938670558,528,0.08590298891067505,4.921878712140794,1,WELD_FOUND,72,1,1,0
104.91578984260559,0.007151438135062602,-0.012,0.005351438135062602,0.022225014865398407,-0.016873576730335807,0.016873576730335807,0.00028471759167453004,528,0.08590298891067505,4.921878712140794,1,WELD_FOUND,72,1,1,0
104.93577766418457,0.007151438135062602,-0.012,0.005351438135062602,0.022225014865398407,-0.016873576730335807,0.016873576730335807,0.00028471759167453004,512,0.08590298891067505,4.921878712140794,1,WELD_FOUND,72,1,1,0
104.95577263832092,0.007151438135062602,-0.012,0.005351438135062602,0.022225014865398407,-0.016873576730335807,0.016873576730335807,0.00028471759167453004,512,0.08590298891067505,4.921878712140794,1,WELD_FOUND,72,1,1,0
104.9757924079895,0.007151438135062602,-0.012,0.005351438135062602,0.017780011519789696,-0.012428573384727094,0.012428573384727094,0.0001544694363795467,512,0.08590298891067505,4.921878712140794,1,WELD_FOUND,72,1,1,0
104.99579572677612,0.006581392165124767,-0.012,0.004781392165124767,0.014224009588360786,-0.00944261742323602,0.00944261742323602,8.916302380160045e-05,512,0.09203890711069107,5.2734409284392205,1,WELD_FOUND,73,1,1,0
105.01580452919006,0.006581392165124767,-0.012,0.004781392165124767,0.011379207484424114,-0.006597815319299347,0.006597815319299347,4.3531166987581146e-05,512,0.09203890711069107,5.2734409284392205,1,WELD_FOUND,73,1,1,0
105.03578186035156,0.006581392165124767,-0.012,0.004781392165124767,0.011379207484424114,-0.006597815319299347,0.006597815319299347,4.3531166987581146e-05,491,0.09203890711069107,5.2734409284392205,1,WELD_FOUND,73,1,1,0
105.05580163002014,0.006581392165124767,-0.012,0.004781392165124767,0.011379207484424114,-0.006597815319299347,0.006597815319299347,4.3531166987581146e-05,491,0.09203890711069107,5.2734409284392205,1,WELD_FOUND,73,1,1,0
105.07579064369202,0.006581392165124767,-0.012,0.004781392165124767,0.011379207484424114,-0.006597815319299347,0.006597815319299347,4.3531166987581146e-05,491,0.09203890711069107,5.2734409284392205,1,WELD_FOUND,73,1,1,0
105.09579753875732,0.0063874687395745,-0.012,0.0045874687395745,0.009103366173803806,-0.004515897434229307,0.004515897434229307,2.0393329636478835e-05,491,0.09203890711069107,5.2734409284392205,1,WELD_FOUND,74,1,1,0
105.11577987670898,0.0063874687395745,-0.012,0.0045874687395745,0.007282692939043045,-0.0026952241994685454,0.0026952241994685454,7.264233485400861e-06,491,0.09203890711069107,5.2734409284392205,1,WELD_FOUND,74,1,1,0
105.1357855796814,0.0063874687395745,-0.012,0.0045874687395745,0.007282692939043045,-0.0026952241994685454,0.0026952241994685454,7.264233485400861e-06,495,0.09203890711069107,5.2734409284392205,1,WELD_FOUND,74,1,1,0
105.15576338768005,0.0063874687395745,-0.012,0.0045874687395745,0.01730543188750744,-0.012717963147932939,0.012717963147932939,0.0001617465866321803,495,0.09203890711069107,5.2734409284392205,1,WELD_FOUND,74,1,1,0
105.17576766014099,0.0063874687395745,-0.012,0.0045874687395745,0.01730543188750744,-0.012717963147932939,0.012717963147932939,0.0001617465866321803,495,0.09203890711069107,5.2734409284392205,1,WELD_FOUND,74,1,1,0
105.19578576087952,0.007205693532566892,-0.012,0.005405693532566891,0.013844344764947891,-0.008438651232381,0.008438651232381,7.121083462176537e-05,495,0.07976706326007843,4.5703160689555435,1,WELD_FOUND,75,1,1,0
105.2157986164093,0.007205693532566892,-0.012,0.005405693532566891,0.011075476184487343,-0.005669782651920452,0.005669782651920452,3.214643532001811e-05,495,0.07976706326007843,4.5703160689555435,1,WELD_FOUND,75,1,1,0
105.235769033432,0.007205693532566892,-0.012,0.005405693532566891,0.011075476184487343,-0.005669782651920452,0.005669782651920452,3.214643532001811e-05,505,0.07976706326007843,4.5703160689555435,1,WELD_FOUND,75,1,1,0
105.2557909488678,0.007205693532566892,-0.012,0.005405693532566891,0.03756508231163025,-0.03215938877906336,0.03215938877906336,0.0010342262866429462,505,0.07976706326007843,4.5703160689555435,1,WELD_FOUND,75,1,1,0
105.27576947212219,0.007205693532566892,-0.012,0.005405693532566891,0.0300520658493042,-0.02464637231673731,0.02464637231673731,0.0006074436683752352,505,0.07976706326007843,4.5703160689555435,1,WELD_FOUND,75,1,1,0
105.29581093788147,0.0061692792476028754,-0.012,0.004369279247602876,0.0300520658493042,-0.025682786601701323,0.025682786601701323,0.000659605527628529,505,0.09817483276128769,5.625003571624471,1,WELD_FOUND,76,1,1,0
105.31579208374023,0.0061692792476028754,-0.012,0.004369279247602876,0.02404165267944336,-0.019672373431840483,0.019672373431840483,0.0003870022764417833,505,0.09817483276128769,5.625003571624471,1,WELD_FOUND,76,1,1,0
105.33575940132141,0.0061692792476028754,-0.012,0.004369279247602876,0.02404165267944336,-0.019672373431840483,0.019672373431840483,0.0003870022764417833,506,0.09817483276128769,5.625003571624471,1,WELD_FOUND,76,1,1,0
105.3557562828064,0.0061692792476028754,-0.012,0.004369279247602876,0.022100437432527542,-0.017731158184924666,0.017731158184924666,0.000314393970578821,506,0.09817483276128769,5.625003571624471,1,WELD_FOUND,76,1,1,0
105.37580156326294,0.0061692792476028754,-0.012,0.004369279247602876,0.022100437432527542,-0.017731158184924666,0.017731158184924666,0.000314393970578821,506,0.09817483276128769,5.625003571624471,1,WELD_FOUND,76,1,1,0
105.39581942558289,0.005825536238523079,-0.012,0.0040255362385230795,0.017680350691080093,-0.013654814452557014,0.013654814452557014,0.0001864539577337599,506,0.09817483276128769,5.625003571624471,1,WELD_FOUND,77,1,1,0
105.41579532623291,0.005825536238523079,-0.012,0.0040255362385230795,0.01414427999407053,-0.01011874375554745,0.01011874375554745,0.00010238897519043052,506,0.09817483276128769,5.625003571624471,1,WELD_FOUND,77,1,1,0
105.43576526641846,0.005825536238523079,-0.012,0.0040255362385230795,0.01414427999407053,-0.01011874375554745,0.01011874375554745,0.00010238897519043052,519,0.09817483276128769,5.625003571624471,1,WELD_FOUND,77,1,1,0
105.45576930046082,0.005825536238523079,-0.012,0.0040255362385230795,0.0486520379781723,-0.04462650173964922,0.04462650173964922,0.001991524657518915,519,0.09817483276128769,5.625003571624471,1,WELD_FOUND,77,1,1,0
105.47579097747803,0.005825536238523079,-0.012,0.0040255362385230795,0.03892162814736366,-0.03489609190884058,0.03489609190884058,0.0012177372305102493,519,0.09817483276128769,5.625003571624471,1,WELD_FOUND,77,1,1,0
105.49574995040894,0.0,0.0,0.0,0.03113730251789093,-0.03113730251789093,0.03113730251789093,0.0009695316080906569,519,nan,nan,0,NO_WELD,77,2,1,0
105.5157744884491,0.0,0.0,0.0,0.0,0.0,0.0,0.0,519,nan,nan,0,NO_WELD,77,2,1,0
105.53576707839966,0.0,0.0,0.0,0.0,0.0,0.0,0.0,555,nan,nan,0,NO_WELD,77,2,1,0
105.55577850341797,0.0,0.0,0.0,0.0,0.0,0.0,0.0,555,nan,nan,0,NO_WELD,77,2,1,0
105.57575750350952,0.0,0.0,0.0,0.0,0.0,0.0,0.0,555,nan,nan,0,NO_WELD,77,2,1,0
105.59586215019226,0.006550396327839957,-0.012,0.004750396327839957,0.0,0.004750396327839957,0.004750396327839957,2.256626527155535e-05,555,0.08590298891067505,4.921878712140794,1,WELD_FOUND,78,2,1,0
105.61578130722046,0.006550396327839957,-0.012,0.004750396327839957,0.0,0.004750396327839957,0.004750396327839957,2.256626527155535e-05,555,0.08590298891067505,4.921878712140794,1,WELD_FOUND,78,2,1,0
105.63577055931091,0.006550396327839957,-0.012,0.004750396327839957,0.0,0.004750396327839957,0.004750396327839957,2.256626527155535e-05,555,0.08590298891067505,4.921878712140794,1,WELD_FOUND,78,2,1,0
105.65578579902649,0.006550396327839957,-0.012,0.004750396327839957,0.0,0.004750396327839957,0.004750396327839957,2.256626527155535e-05,555,0.08590298891067505,4.921878712140794,1,WELD_FOUND,78,2,1,0
105.67578792572021,0.006550396327839957,-0.012,0.004750396327839957,0.0,0.004750396327839957,0.004750396327839957,2.256626527155535e-05,555,0.08590298891067505,4.921878712140794,1,WELD_FOUND,78,2,1,0
105.69575095176697,0.006376773087839246,-0.012,0.0045767730878392456,0.0,0.0045767730878392456,0.0045767730878392456,2.0946851897569583e-05,555,0.09203890711069107,5.2734409284392205,1,WELD_FOUND,79,2,1,0
105.7157895565033,0.006376773087839246,-0.012,0.0045767730878392456,0.0,0.0045767730878392456,0.0045767730878392456,2.0946851897569583e-05,555,0.09203890711069107,5.2734409284392205,1,WELD_FOUND,79,2,1,0
105.73578381538391,0.006376773087839246,-0.012,0.0045767730878392456,0.0,0.0045767730878392456,0.0045767730878392456,2.0946851897569583e-05,585,0.09203890711069107,5.2734409284392205,1,WELD_FOUND,79,2,1,0
105.75576424598694,0.006376773087839246,-0.012,0.0045767730878392456,0.0,0.0045767730878392456,0.0045767730878392456,2.0946851897569583e-05,585,0.09203890711069107,5.2734409284392205,1,WELD_FOUND,79,2,1,0
105.77575922012329,0.006376773087839246,-0.012,0.0045767730878392456,0.0,0.0045767730878392456,0.0045767730878392456,2.0946851897569583e-05,585,0.09203890711069107,5.2734409284392205,1,WELD_FOUND,79,2,1,0
105.79582953453064,0.0063165558930417635,-0.012,0.004516555893041764,0.0,0.004516555893041764,0.004516555893041764,2.0399277134970285e-05,585,0.09203890711069107,5.2734409284392205,1,WELD_FOUND,80,2,1,0
105.81577205657959,0.0063165558930417635,-0.012,0.004516555893041764,0.0,0.004516555893041764,0.004516555893041764,2.0399277134970285e-05,585,0.09203890711069107,5.2734409284392205,1,WELD_FOUND,80,2,1,0
105.8357675075531,0.0063165558930417635,-0.012,0.004516555893041764,0.0,0.004516555893041764,0.004516555893041764,2.0399277134970285e-05,556,0.09203890711069107,5.2734409284392205,1,WELD_FOUND,80,2,1,0
105.85577607154846,0.0063165558930417635,-0.012,0.004516555893041764,0.0,0.004516555893041764,0.004516555893041764,2.0399277134970285e-05,556,0.09203890711069107,5.2734409284392205,1,WELD_FOUND,80,2,1,0
105.87578010559082,0.0063165558930417635,-0.012,0.004516555893041764,0.0,0.004516555893041764,0.004516555893041764,2.0399277134970285e-05,556,0.09203890711069107,5.2734409284392205,1,WELD_FOUND,80,2,1,0
105.89576315879822,0.006295547364914984,-0.012,0.004495547364914984,0.0,0.004495547364914984,0.004495547364914984,2.020994611019406e-05,556,0.09203890711069107,5.2734409284392205,1,WELD_FOUND,81,2,1,0
105.91579580307007,0.006295547364914984,-0.012,0.004495547364914984,0.0,0.004495547364914984,0.004495547364914984,2.020994611019406e-05,556,0.09203890711069107,5.2734409284392205,1,WELD_FOUND,81,2,1,0
105.9357705116272,0.006295547364914984,-0.012,0.004495547364914984,0.0,0.004495547364914984,0.004495547364914984,2.020994611019406e-05,567,0.09203890711069107,5.2734409284392205,1,WELD_FOUND,81,2,1,0
105.95577883720398,0.006295547364914984,-0.012,0.004495547364914984,0.0,0.004495547364914984,0.004495547364914984,2.020994611019406e-05,567,0.09203890711069107,5.2734409284392205,1,WELD_FOUND,81,2,1,0
105.97577404975891,0.006295547364914984,-0.012,0.004495547364914984,0.0,0.004495547364914984,0.004495547364914984,2.020994611019406e-05,567,0.09203890711069107,5.2734409284392205,1,WELD_FOUND,81,2,1,0
105.99580693244934,0.006288202647602021,-0.012,0.004488202647602021,0.0,0.004488202647602021,0.004488202647602021,2.0143963005941788e-05,567,0.09203890711069107,5.2734409284392205,1,WELD_FOUND,82,2,1,0
106.01576948165894,0.006288202647602021,-0.012,0.004488202647602021,0.0,0.004488202647602021,0.004488202647602021,2.0143963005941788e-05,567,0.09203890711069107,5.2734409284392205,1,WELD_FOUND,82,2,1,0
106.03576755523682,0.006288202647602021,-0.012,0.004488202647602021,0.0,0.004488202647602021,0.004488202647602021,2.0143963005941788e-05,590,0.09203890711069107,5.2734409284392205,1,WELD_FOUND,82,2,1,0
106.05577611923218,0.006288202647602021,-0.012,0.004488202647602021,0.0,0.004488202647602021,0.004488202647602021,2.0143963005941788e-05,590,0.09203890711069107,5.2734409284392205,1,WELD_FOUND,82,2,1,0
106.07576727867126,0.006288202647602021,-0.012,0.004488202647602021,0.0,0.004488202647602021,0.004488202647602021,2.0143963005941788e-05,590,0.09203890711069107,5.2734409284392205,1,WELD_FOUND,82,2,1,0
106.09579277038574,0.005865859691536468,-0.012,0.0040658596915364685,0.0,0.0040658596915364685,0.0040658596915364685,1.6531215031261028e-05,590,0.09817483276128769,5.625003571624471,1,WELD_FOUND,83,2,1,0
106.11577224731445,0.005865859691536468,-0.012,0.0040658596915364685,0.0,0.0040658596915364685,0.0040658596915364685,1.6531215031261028e-05,590,0.09817483276128769,5.625003571624471,1,WELD_FOUND,83,2,1,0
106.13577556610107,0.005865859691536468,-0.012,0.0040658596915364685,0.0,0.0040658596915364685,0.0040658596915364685,1.6531215031261028e-05,599,0.09817483276128769,5.625003571624471,1,WELD_FOUND,83,2,1,0
106.15576767921448,0.005865859691536468,-0.012,0.0040658596915364685,0.0,0.0040658596915364685,0.0040658596915364685,1.6531215031261028e-05,599,0.09817483276128769,5.625003571624471,1,WELD_FOUND,83,2,1,0
106.17575669288635,0.005865859691536468,-0.012,0.0040658596915364685,0.0,0.0040658596915364685,0.0040658596915364685,1.6531215031261028e-05,599,0.09817483276128769,5.625003571624471,1,WELD_FOUND,83,2,1,0
106.19579458236694,0.0061361738012245745,-0.012,0.004336173801224575,0.0,0.004336173801224575,0.004336173801224575,1.880240323442638e-05,599,0.09203890711069107,5.2734409284392205,1,WELD_FOUND,84,2,1,0
106.21577525138855,0.0061361738012245745,-0.012,0.004336173801224575,0.0,0.004336173801224575,0.004336173801224575,1.880240323442638e-05,599,0.09203890711069107,5.2734409284392205,1,WELD_FOUND,84,2,1,0
106.23576736450195,0.0061361738012245745,-0.012,0.004336173801224575,0.0,0.004336173801224575,0.004336173801224575,1.880240323442638e-05,561,0.09203890711069107,5.2734409284392205,1,WELD_FOUND,84,2,1,0
106.25576686859131,0.0061361738012245745,-0.012,0.004336173801224575,0.0,0.004336173801224575,0.004336173801224575,1.880240323442638e-05,561,0.09203890711069107,5.2734409284392205,1,WELD_FOUND,84,2,1,0
106.27576446533203,0.0061361738012245745,-0.012,0.004336173801224575,0.0,0.004336173801224575,0.004336173801224575,1.880240323442638e-05,561,0.09203890711069107,5.2734409284392205,1,WELD_FOUND,84,2,1,0
106.29577326774597,0.006664682270465619,-0.012,0.004864682270465619,0.0,0.004864682270465619,0.004864682270465619,2.366513359258253e-05,561,0.08590298891067505,4.921878712140794,1,WELD_FOUND,85,2,1,0
106.31577587127686,0.006664682270465619,-0.012,0.004864682270465619,0.0,0.004864682270465619,0.004864682270465619,2.366513359258253e-05,561,0.08590298891067505,4.921878712140794,1,WELD_FOUND,85,2,1,0
106.33577871322632,0.006664682270465619,-0.012,0.004864682270465619,0.0,0.004864682270465619,0.004864682270465619,2.366513359258253e-05,530,0.08590298891067505,4.921878712140794,1,WELD_FOUND,85,2,1,0
106.35575604438782,0.006664682270465619,-0.012,0.004864682270465619,0.0,0.004864682270465619,0.004864682270465619,2.366513359258253e-05,530,0.08590298891067505,4.921878712140794,1,WELD_FOUND,85,2,1,0
106.37575483322144,0.006664682270465619,-0.012,0.004864682270465619,0.0,0.004864682270465619,0.004864682270465619,2.366513359258253e-05,530,0.08590298891067505,4.921878712140794,1,WELD_FOUND,85,2,1,0
106.39579796791077,0.005991946069495597,-0.012,0.004191946069495597,0.0,0.004191946069495597,0.004191946069495597,1.7572411849559584e-05,530,0.09817483276128769,5.625003571624471,1,WELD_FOUND,86,2,1,0
106.41576910018921,0.005991946069495597,-0.012,0.004191946069495597,0.0,0.004191946069495597,0.004191946069495597,1.7572411849559584e-05,530,0.09817483276128769,5.625003571624471,1,WELD_FOUND,86,2,1,0
106.43576288223267,0.005991946069495597,-0.012,0.004191946069495597,0.0,0.004191946069495597,0.004191946069495597,1.7572411849559584e-05,496,0.09817483276128769,5.625003571624471,1,WELD_FOUND,86,2,1,0
106.45578908920288,0.005991946069495597,-0.012,0.004191946069495597,0.0,0.004191946069495597,0.004191946069495597,1.7572411849559584e-05,496,0.09817483276128769,5.625003571624471,1,WELD_FOUND,86,2,1,0
106.4757649898529,0.005991946069495597,-0.012,0.004191946069495597,0.0,0.004191946069495597,0.004191946069495597,1.7572411849559584e-05,496,0.09817483276128769,5.625003571624471,1,WELD_FOUND,86,2,1,0
106.49574208259583,0.006611865787071954,-0.012,0.004811865787071955,0.0,0.004811865787071955,0.004811865787071955,2.31540523527936e-05,496,0.08590298891067505,4.921878712140794,1,WELD_FOUND,87,2,1,0
106.5157790184021,0.006611865787071954,-0.012,0.004811865787071955,0.0,0.004811865787071955,0.004811865787071955,2.31540523527936e-05,496,0.08590298891067505,4.921878712140794,1,WELD_FOUND,87,2,1,0
106.53577613830566,0.006611865787071954,-0.012,0.004811865787071955,0.0,0.004811865787071955,0.004811865787071955,2.31540523527936e-05,450,0.08590298891067505,4.921878712140794,1,WELD_FOUND,87,2,1,0
106.55578374862671,0.006611865787071954,-0.012,0.004811865787071955,0.0,0.004811865787071955,0.004811865787071955,2.31540523527936e-05,450,0.08590298891067505,4.921878712140794,1,WELD_FOUND,87,2,1,0
106.57577729225159,0.006611865787071954,-0.012,0.004811865787071955,0.0,0.004811865787071955,0.004811865787071955,2.31540523527936e-05,450,0.08590298891067505,4.921878712140794,1,WELD_FOUND,87,2,1,0
106.59581208229065,0.006397968372984061,-0.012,0.004597968372984061,0.0,0.004597968372984061,0.004597968372984061,2.1141313158961693e-05,450,0.09203890711069107,5.2734409284392205,1,WELD_FOUND,88,2,1,0
106.61577939987183,0.006397968372984061,-0.012,0.004597968372984061,0.0,0.004597968372984061,0.004597968372984061,2.1141313158961693e-05,450,0.09203890711069107,5.2734409284392205,1,WELD_FOUND,88,2,1,0
106.63579630851746,0.006397968372984061,-0.012,0.004597968372984061,0.0,0.004597968372984061,0.004597968372984061,2.1141313158961693e-05,439,0.09203890711069107,5.2734409284392205,1,WELD_FOUND,88,2,1,0
106.6558165550232,0.006397968372984061,-0.012,0.004597968372984061,0.0,0.004597968372984061,0.004597968372984061,2.1141313158961693e-05,439,0.09203890711069107,5.2734409284392205,1,WELD_FOUND,88,2,1,0
106.67577385902405,0.006397968372984061,-0.012,0.004597968372984061,0.0,0.004597968372984061,0.004597968372984061,2.1141313158961693e-05,439,0.09203890711069107,5.2734409284392205,1,WELD_FOUND,88,2,1,0
106.69578289985657,0.005496295749802372,-0.012,0.003696295749802372,0.0,0.003696295749802372,0.003696295749802372,1.366260227000708e-05,439,0.10431075841188431,5.97656621480972,1,WELD_FOUND,89,2,1,0
106.71579480171204,0.005496295749802372,-0.012,0.003696295749802372,0.0,0.003696295749802372,0.003696295749802372,1.366260227000708e-05,439,0.10431075841188431,5.97656621480972,1,WELD_FOUND,89,2,1,0
106.73578190803528,0.005496295749802372,-0.012,0.003696295749802372,0.0,0.003696295749802372,0.003696295749802372,1.366260227000708e-05,418,0.10431075841188431,5.97656621480972,1,WELD_FOUND,89,2,1,0
106.75582790374756,0.005496295749802372,-0.012,0.003696295749802372,0.0,0.003696295749802372,0.003696295749802372,1.366260227000708e-05,418,0.10431075841188431,5.97656621480972,1,WELD_FOUND,89,2,1,0
106.77577471733093,0.005496295749802372,-0.012,0.003696295749802372,0.0,0.003696295749802372,0.003696295749802372,1.366260227000708e-05,418,0.10431075841188431,5.97656621480972,1,WELD_FOUND,89,2,1,0
106.7958071231842,0.005592420366553044,-0.012,0.003792420366553044,0.0,0.003792420366553044,0.003792420366553044,1.4382452236646323e-05,418,0.09817483276128769,5.625003571624471,1,WELD_FOUND,90,2,1,0
106.81574034690857,0.005592420366553044,-0.012,0.003792420366553044,0.0,0.003792420366553044,0.003792420366553044,1.4382452236646323e-05,418,0.09817483276128769,5.625003571624471,1,WELD_FOUND,90,2,1,0
106.83933186531067,0.005592420366553044,-0.012,0.003792420366553044,0.0,0.003792420366553044,0.003792420366553044,1.4382452236646323e-05,418,0.09817483276128769,5.625003571624471,1,WELD_FOUND,90,2,1,0
106.85576462745667,0.005592420366553044,-0.012,0.003792420366553044,0.0,0.003792420366553044,0.003792420366553044,1.4382452236646323e-05,405,0.09817483276128769,5.625003571624471,1,WELD_FOUND,90,2,1,0
106.87577724456787,0.005592420366553044,-0.012,0.003792420366553044,0.0,0.003792420366553044,0.003792420366553044,1.4382452236646323e-05,405,0.09817483276128769,5.625003571624471,1,WELD_FOUND,90,2,1,0
106.89586305618286,0.005626260847163067,-0.012,0.0038262608471630673,0.0,0.0038262608471630673,0.0038262608471630673,1.4640272070533033e-05,405,0.09817483276128769,5.625003571624471,1,WELD_FOUND,91,2,1,0
106.9157874584198,0.005626260847163067,-0.012,0.0038262608471630673,0.0,0.0038262608471630673,0.0038262608471630673,1.4640272070533033e-05,405,0.09817483276128769,5.625003571624471,1,WELD_FOUND,91,2,1,0
106.93577408790588,0.005626260847163067,-0.012,0.0038262608471630673,0.0,0.0038262608471630673,0.0038262608471630673,1.4640272070533033e-05,356,0.09817483276128769,5.625003571624471,1,WELD_FOUND,91,2,1,0
106.95576500892639,0.005626260847163067,-0.012,0.0038262608471630673,0.0,0.0038262608471630673,0.0038262608471630673,1.4640272070533033e-05,356,0.09817483276128769,5.625003571624471,1,WELD_FOUND,91,2,1,0
106.97576475143433,0.005626260847163067,-0.012,0.0038262608471630673,0.0,0.0038262608471630673,0.0038262608471630673,1.4640272070533033e-05,356,0.09817483276128769,5.625003571624471,1,WELD_FOUND,91,2,1,0
106.99578261375427,0.0064760067970053405,-0.012,0.00467600679700534,0.0,0.00467600679700534,0.00467600679700534,2.186503956564014e-05,356,0.08590298891067505,4.921878712140794,1,WELD_FOUND,92,2,1,0
107.01577877998352,0.0064760067970053405,-0.012,0.00467600679700534,0.0,0.00467600679700534,0.00467600679700534,2.186503956564014e-05,356,0.08590298891067505,4.921878712140794,1,WELD_FOUND,92,2,1,0
107.03577995300293,0.0064760067970053405,-0.012,0.00467600679700534,0.0,0.00467600679700534,0.00467600679700534,2.186503956564014e-05,338,0.08590298891067505,4.921878712140794,1,WELD_FOUND,92,2,1,0
107.05577754974365,0.0064760067970053405,-0.012,0.00467600679700534,0.0,0.00467600679700534,0.00467600679700534,2.186503956564014e-05,338,0.08590298891067505,4.921878712140794,1,WELD_FOUND,92,2,1,0
107.07576131820679,0.0064760067970053405,-0.012,0.00467600679700534,0.0,0.00467600679700534,0.00467600679700534,2.186503956564014e-05,338,0.08590298891067505,4.921878712140794,1,WELD_FOUND,92,2,1,0
107.09579110145569,0.00818404651902949,-0.011319496312729754,0.006486122072120027,0.0,0.006486122072120027,0.006486122072120027,4.20697795344426e-05,338,0.06749521940946579,3.8671912094718666,1,WELD_FOUND,93,2,1,0
107.115793466568,0.00818404651902949,-0.011319496312729754,0.006486122072120027,0.0,0.006486122072120027,0.006486122072120027,4.20697795344426e-05,338,0.06749521940946579,3.8671912094718666,1,WELD_FOUND,93,2,1,0
107.13577151298523,0.00818404651902949,-0.011319496312729754,0.006486122072120027,-0.00570559361949563,0.012191715691615658,0.012191715691615658,0.00014863793150518746,337,0.06749521940946579,3.8671912094718666,1,WELD_FOUND,93,2,1,0
107.15576791763306,0.00818404651902949,-0.011319496312729754,0.006486122072120027,-0.00570559361949563,0.012191715691615658,0.012191715691615658,0.00014863793150518746,337,0.06749521940946579,3.8671912094718666,1,WELD_FOUND,93,2,1,0
107.17576479911804,0.00818404651902949,-0.011319496312729754,0.006486122072120027,-0.004564474802464247,0.011050596874584274,0.011050596874584274,0.00012211569128457172,337,0.06749521940946579,3.8671912094718666,1,WELD_FOUND,93,2,1,0
107.19578957557678,0.006920679310292348,-0.012,0.005120679310292349,-0.004564474802464247,0.009685154112756595,0.009685154112756595,9.380221018784599e-05,337,0.09203890711069107,5.2734409284392205,1,WELD_FOUND,94,2,1,0
107.21579456329346,0.006920679310292348,-0.012,0.005120679310292349,-0.0036515798419713974,0.008772259152263746,0.008772259152263746,7.695253063447506e-05,337,0.09203890711069107,5.2734409284392205,1,WELD_FOUND,94,2,1,0
107.23577499389648,0.006920679310292348,-0.012,0.005120679310292349,-0.0036515798419713974,0.008772259152263746,0.008772259152263746,7.695253063447506e-05,328,0.09203890711069107,5.2734409284392205,1,WELD_FOUND,94,2,1,0
107.25577545166016,0.006920679310292348,-0.012,0.005120679310292349,-0.0036515798419713974,0.008772259152263746,0.008772259152263746,7.695253063447506e-05,328,0.09203890711069107,5.2734409284392205,1,WELD_FOUND,94,2,1,0
107.27577805519104,0.006920679310292348,-0.012,0.005120679310292349,-0.0029212639201432467,0.008041943230435595,0.008041943230435595,6.46728509215489e-05,328,0.09203890711069107,5.2734409284392205,1,WELD_FOUND,94,2,1,0
107.29578828811646,0.006503508831203604,-0.012,0.0047035088312036046,-0.00233701104298234,0.007040519874185944,0.007040519874185944,4.956892009880727e-05,328,0.09203890711069107,5.2734409284392205,1,WELD_FOUND,95,2,1,0
107.31577658653259,0.006503508831203604,-0.012,0.0047035088312036046,-0.00233701104298234,0.007040519874185944,0.007040519874185944,4.956892009880727e-05,328,0.09203890711069107,5.2734409284392205,1,WELD_FOUND,95,2,1,0
107.33578586578369,0.006503508831203604,-0.012,0.0047035088312036046,-0.0190045814961195,0.023708090327323104,0.023708090327323104,0.0005620735469685113,322,0.09203890711069107,5.2734409284392205,1,WELD_FOUND,95,2,1,0
107.35576844215393,0.006503508831203604,-0.012,0.0047035088312036046,-0.0190045814961195,0.023708090327323104,0.023708090327323104,0.0005620735469685113,322,0.09203890711069107,5.2734409284392205,1,WELD_FOUND,95,2,1,0
107.37577104568481,0.006503508831203604,-0.012,0.0047035088312036046,-0.015203665941953659,0.019907174773157264,0.019907174773157264,0.00039629560744902897,322,0.09203890711069107,5.2734409284392205,1,WELD_FOUND,95,2,1,0
107.39581418037415,0.0059382516302612254,-0.012,0.004138251630261226,-0.012162933126091957,0.016301184756353185,0.016301184756353185,0.00026572862446076144,322,0.09817483276128769,5.625003571624471,1,WELD_FOUND,96,2,1,0
107.41576957702637,0.0059382516302612254,-0.012,0.004138251630261226,-0.009730346500873566,0.013868598131134792,0.013868598131134792,0.00019233801412291544,322,0.09817483276128769,5.625003571624471,1,WELD_FOUND,96,2,1,0
107.4357762336731,0.0059382516302612254,-0.012,0.004138251630261226,-0.009730346500873566,0.013868598131134792,0.013868598131134792,0.00019233801412291544,280,0.09817483276128769,5.625003571624471,1,WELD_FOUND,96,2,1,0
107.45580339431763,0.0059382516302612254,-0.012,0.004138251630261226,-0.009730346500873566,0.013868598131134792,0.013868598131134792,0.00019233801412291544,280,0.09817483276128769,5.625003571624471,1,WELD_FOUND,96,2,1,0
107.47576856613159,0.0059382516302612254,-0.012,0.004138251630261226,-0.007784276735037565,0.011922528365298791,0.011922528365298791,0.00014214668262135428,280,0.09817483276128769,5.625003571624471,1,WELD_FOUND,96,2,1,0
107.49578475952148,0.007036659733944964,-0.012,0.005236659733944963,-0.007784276735037565,0.013020936468982528,0.013020936468982528,0.0001695447865292792,280,0.07976706326007843,4.5703160689555435,1,WELD_FOUND,97,2,1,0
107.51576733589172,0.007036659733944964,-0.012,0.005236659733944963,-0.006227421574294567,0.01146408130823953,0.01146408130823953,0.00013142516024192697,280,0.07976706326007843,4.5703160689555435,1,WELD_FOUND,97,2,1,0
107.53575706481934,0.007036659733944964,-0.012,0.005236659733944963,-0.006227421574294567,0.01146408130823953,0.01146408130823953,0.00013142516024192697,247,0.07976706326007843,4.5703160689555435,1,WELD_FOUND,97,2,1,0
107.5557553768158,0.007036659733944964,-0.012,0.005236659733944963,-0.006227421574294567,0.01146408130823953,0.01146408130823953,0.00013142516024192697,247,0.07976706326007843,4.5703160689555435,1,WELD_FOUND,97,2,1,0
107.5757565498352,0.007036659733944964,-0.012,0.005236659733944963,-0.004981937352567911,0.010218597086512874,0.010218597086512874,0.00010441972641648941,247,0.07976706326007843,4.5703160689555435,1,WELD_FOUND,97,2,1,0
107.59579682350159,0.006542755044292322,-0.012,0.004742755044292323,-0.0039855497889220715,0.008728304833214394,0.008728304833214394,7.618330526151375e-05,247,0.09203890711069107,5.2734409284392205,1,WELD_FOUND,98,2,1,0
107.61579656600952,0.006542755044292322,-0.012,0.004742755044292323,-0.003188439877703786,0.007931194921996109,0.007931194921996109,6.290385289069686e-05,247,0.09203890711069107,5.2734409284392205,1,WELD_FOUND,98,2,1,0
107.6357753276825,0.006542755044292322,-0.012,0.004742755044292323,0.03741021081805229,-0.03266745577375997,0.03266745577375997,0.0010671626667305637,254,0.09203890711069107,5.2734409284392205,1,WELD_FOUND,98,2,1,0
107.65577459335327,0.006542755044292322,-0.012,0.004742755044292323,0.03741021081805229,-0.03266745577375997,0.03266745577375997,0.0010671626667305637,254,0.09203890711069107,5.2734409284392205,1,WELD_FOUND,98,2,1,0
107.67584466934204,0.006542755044292322,-0.012,0.004742755044292323,0.029928168281912804,-0.025185413237620483,0.025185413237620483,0.0006343050399497091,254,0.09203890711069107,5.2734409284392205,1,WELD_FOUND,98,2,1,0
107.69576907157898,0.007729472765270832,-0.011885586239039644,0.005946634829414886,0.023942533880472183,-0.017995899051057297,0.017995899051057297,0.0003238523826558449,254,0.07363113760948181,4.218753425770293,1,WELD_FOUND,99,2,1,0
107.71576809883118,0.007729472765270832,-0.011885586239039644,0.005946634829414886,0.019154027104377747,-0.01320739227496286,0.01320739227496286,0.00017443521070474862,254,0.07363113760948181,4.218753425770293,1,WELD_FOUND,99,2,1,0
107.73575949668884,0.007729472765270832,-0.011885586239039644,0.005946634829414886,0.019154027104377747,-0.01320739227496286,0.01320739227496286,0.00017443521070474862,291,0.07363113760948181,4.218753425770293,1,WELD_FOUND,99,2,1,0
107.75575804710388,0.007729472765270832,-0.011885586239039644,0.005946634829414886,0.019154027104377747,-0.01320739227496286,0.01320739227496286,0.00017443521070474862,291,0.07363113760948181,4.218753425770293,1,WELD_FOUND,99,2,1,0
107.77576565742493,0.007729472765270832,-0.011885586239039644,0.005946634829414886,0.015323221683502197,-0.00937658685408731,0.00937658685408731,8.792038103224297e-05,291,0.07363113760948181,4.218753425770293,1,WELD_FOUND,99,2,1,0
107.79576301574707,0.006337056609067927,-0.012,0.004537056609067927,0.012258577160537243,-0.0077215205514693155,0.0077215205514693155,5.9621879626763e-05,291,0.09817483276128769,5.625003571624471,1,WELD_FOUND,100,2,1,0
107.81578326225281,0.006337056609067927,-0.012,0.004537056609067927,0.009806862100958824,-0.005269805491890897,0.005269805491890897,2.7770849922363456e-05,291,0.09817483276128769,5.625003571624471,1,WELD_FOUND,100,2,1,0
107.83577084541321,0.006337056609067927,-0.012,0.004537056609067927,0.01926995813846588,-0.014732901529397954,0.014732901529397954,0.00021705838747493656,293,0.09817483276128769,5.625003571624471,1,WELD_FOUND,100,2,1,0
107.85579991340637,0.006337056609067927,-0.012,0.004537056609067927,0.01926995813846588,-0.014732901529397954,0.014732901529397954,0.00021705838747493656,293,0.09817483276128769,5.625003571624471,1,WELD_FOUND,100,2,1,0
107.8757677078247,0.006337056609067927,-0.012,0.004537056609067927,0.015415966510772705,-0.010878909901704778,0.010878909901704778,0.00011835068064941025,293,0.09817483276128769,5.625003571624471,1,WELD_FOUND,100,2,1,0
107.89575266838074,0.0058823540072131374,-0.012,0.004082354007213138,0.015415966510772705,-0.011333612503559567,0.011333612503559567,0.00012845077238084177,293,0.09817483276128769,5.625003571624471,1,WELD_FOUND,101,2,1,0
107.91577816009521,0.0058823540072131374,-0.012,0.004082354007213138,0.012332773767411709,-0.008250419760198571,0.008250419760198571,6.806942621947504e-05,293,0.09817483276128769,5.625003571624471,1,WELD_FOUND,101,2,1,0
107.93575882911682,0.0058823540072131374,-0.012,0.004082354007213138,0.009866219013929367,-0.005783865006716229,0.005783865006716229,3.3453094415916525e-05,293,0.09817483276128769,5.625003571624471,1,WELD_FOUND,101,2,1,0
107.9557557106018,0.0058823540072131374,-0.012,0.004082354007213138,0.009866219013929367,-0.005783865006716229,0.005783865006716229,3.3453094415916525e-05,293,0.09817483276128769,5.625003571624471,1,WELD_FOUND,101,2,1,0
107.97576141357422,0.0058823540072131374,-0.012,0.004082354007213138,0.007892974652349949,-0.003810620645136811,0.003810620645136811,1.4520829701142885e-05,293,0.09817483276128769,5.625003571624471,1,WELD_FOUND,101,2,1,0
107.9957914352417,0.005727206870533948,-0.012,0.003927206870533948,0.007892974652349949,-0.003965767781816001,0.003965767781816001,1.5727314099289804e-05,293,0.09817483276128769,5.625003571624471,1,WELD_FOUND,102,2,1,0
108.01578426361084,0.005727206870533948,-0.012,0.003927206870533948,0.006314380094408989,-0.002387173223875041,0.002387173223875041,5.6985960007859575e-06,293,0.09817483276128769,5.625003571624471,1,WELD_FOUND,102,2,1,0
108.0357677936554,0.005727206870533948,-0.012,0.003927206870533948,0.006314380094408989,-0.002387173223875041,0.002387173223875041,5.6985960007859575e-06,264,0.09817483276128769,5.625003571624471,1,WELD_FOUND,102,2,1,0
108.05579924583435,0.005727206870533948,-0.012,0.003927206870533948,0.006314380094408989,-0.002387173223875041,0.002387173223875041,5.6985960007859575e-06,264,0.09817483276128769,5.625003571624471,1,WELD_FOUND,102,2,1,0
108.07577610015869,0.005727206870533948,-0.012,0.003927206870533948,0.005051503889262676,-0.0011242970187287284,0.0011242970187287284,1.2640437863223067e-06,264,0.09817483276128769,5.625003571624471,1,WELD_FOUND,102,2,1,0
108.09577465057373,0.006513798646836027,-0.012,0.004713798646836027,0.005051503889262676,-0.00033770524242664884,0.00033770524242664884,1.1404483076244166e-07,264,0.08590298891067505,4.921878712140794,1,WELD_FOUND,103,2,1,0
108.11577725410461,0.006513798646836027,-0.012,0.004713798646836027,0.004041203297674656,0.0006725953491613715,0.0006725953491613715,4.523845037135072e-07,264,0.08590298891067505,4.921878712140794,1,WELD_FOUND,103,2,1,0
108.13578510284424,0.006513798646836027,-0.012,0.004713798646836027,0.004041203297674656,0.0006725953491613715,0.0006725953491613715,4.523845037135072e-07,206,0.08590298891067505,4.921878712140794,1,WELD_FOUND,103,2,1,0
108.15576410293579,0.006513798646836027,-0.012,0.004713798646836027,0.004041203297674656,0.0006725953491613715,0.0006725953491613715,4.523845037135072e-07,206,0.08590298891067505,4.921878712140794,1,WELD_FOUND,103,2,1,0
108.17576599121094,0.006513798646836027,-0.012,0.004713798646836027,0.00323296245187521,0.0014808361949608176,0.0014808361949608176,2.1928758363060324e-06,206,0.08590298891067505,4.921878712140794,1,WELD_FOUND,103,2,1,0
108.19576263427734,0.0,0.0,0.0,0.00323296245187521,-0.00323296245187521,0.00323296245187521,1.0452046215234968e-05,206,nan,nan,0,NO_WELD,103,3,1,0
108.21579074859619,0.0,0.0,0.0,0.0,0.0,0.0,0.0,206,nan,nan,0,NO_WELD,103,3,1,0
108.23576879501343,0.0,0.0,0.0,0.0,0.0,0.0,0.0,187,nan,nan,0,NO_WELD,103,3,1,0
108.25577282905579,0.0,0.0,0.0,0.0,0.0,0.0,0.0,187,nan,nan,0,NO_WELD,103,3,1,0
108.2757670879364,0.0,0.0,0.0,0.0,0.0,0.0,0.0,187,nan,nan,0,NO_WELD,103,3,1,0
108.29580283164978,0.006801059473803124,-0.012,0.005001059473803124,0.0,0.005001059473803124,0.005001059473803124,2.5010595860515977e-05,187,0.08590298891067505,4.921878712140794,1,WELD_FOUND,104,3,1,0
108.31578993797302,0.006801059473803124,-0.012,0.005001059473803124,0.0,0.005001059473803124,0.005001059473803124,2.5010595860515977e-05,187,0.08590298891067505,4.921878712140794,1,WELD_FOUND,104,3,1,0
108.33577632904053,0.006801059473803124,-0.012,0.005001059473803124,0.022797493264079094,-0.01779643379027597,0.01779643379027597,0.00031671305565167634,191,0.08590298891067505,4.921878712140794,1,WELD_FOUND,104,3,1,0
108.35577034950256,0.006801059473803124,-0.012,0.005001059473803124,0.022797493264079094,-0.01779643379027597,0.01779643379027597,0.00031671305565167634,191,0.08590298891067505,4.921878712140794,1,WELD_FOUND,104,3,1,0
108.37577652931213,0.006801059473803124,-0.012,0.005001059473803124,0.018237994983792305,-0.013236935509989181,0.013236935509989181,0.00017521646169561255,191,0.08590298891067505,4.921878712140794,1,WELD_FOUND,104,3,1,0
108.39573955535889,0.006462810310940417,-0.012,0.004662810310940417,0.014590395614504814,-0.009927585303564397,0.009927585303564397,9.85569499595478e-05,191,0.09203890711069107,5.2734409284392205,1,WELD_FOUND,105,3,1,0
108.41578435897827,0.006462810310940417,-0.012,0.004662810310940417,0.011672316119074821,-0.007009505808134404,0.007009505808134404,4.9133171674269945e-05,191,0.09203890711069107,5.2734409284392205,1,WELD_FOUND,105,3,1,0
108.4357578754425,0.006462810310940417,-0.012,0.004662810310940417,0.011672316119074821,-0.007009505808134404,0.007009505808134404,4.9133171674269945e-05,199,0.09203890711069107,5.2734409284392205,1,WELD_FOUND,105,3,1,0
108.45577096939087,0.006462810310940417,-0.012,0.004662810310940417,0.011672316119074821,-0.007009505808134404,0.007009505808134404,4.9133171674269945e-05,199,0.09203890711069107,5.2734409284392205,1,WELD_FOUND,105,3,1,0
108.47578191757202,0.006462810310940417,-0.012,0.004662810310940417,0.009337852708995342,-0.004675042398054925,0.004675042398054925,2.185602142361114e-05,199,0.09203890711069107,5.2734409284392205,1,WELD_FOUND,105,3,1,0
108.49577331542969,0.006782800741739374,-0.012,0.004982800741739374,0.007470282260328531,-0.0024874815185891574,0.0024874815185891574,6.187564305322621e-06,199,0.08590298891067505,4.921878712140794,1,WELD_FOUND,106,3,1,0
108.51578855514526,0.006782800741739374,-0.012,0.004982800741739374,0.007470282260328531,-0.0024874815185891574,0.0024874815185891574,6.187564305322621e-06,199,0.08590298891067505,4.921878712140794,1,WELD_FOUND,106,3,1,0
108.53578472137451,0.006782800741739374,-0.012,0.004982800741739374,0.007470282260328531,-0.0024874815185891574,0.0024874815185891574,6.187564305322621e-06,170,0.08590298891067505,4.921878712140794,1,WELD_FOUND,106,3,1,0
108.55577301979065,0.006782800741739374,-0.012,0.004982800741739374,0.007470282260328531,-0.0024874815185891574,0.0024874815185891574,6.187564305322621e-06,170,0.08590298891067505,4.921878712140794,1,WELD_FOUND,106,3,1,0
108.57578754425049,0.006782800741739374,-0.012,0.004982800741739374,0.0059762257151305676,-0.0009934249733911937,0.0009934249733911937,9.86893177757294e-07,170,0.08590298891067505,4.921878712140794,1,WELD_FOUND,106,3,1,0
108.59579181671143,0.02,0.0,0.02,0.0059762257151305676,0.014023774284869433,0.014023774284869433,0.00019666624519296518,170,0.01227190624922514,0.7031284346608206,1,WELD_FOUND,107,3,1,0
108.61574602127075,0.02,0.0,0.02,0.004780980758368969,0.015219019241631031,0.015219019241631031,0.00023161854667713558,170,0.01227190624922514,0.7031284346608206,1,WELD_FOUND,107,3,1,0
108.63575601577759,0.02,0.0,0.02,0.004780980758368969,0.015219019241631031,0.015219019241631031,0.00023161854667713558,121,0.01227190624922514,0.7031284346608206,1,WELD_FOUND,107,3,1,0
108.65575671195984,0.02,0.0,0.02,0.004780980758368969,0.015219019241631031,0.015219019241631031,0.00023161854667713558,121,0.01227190624922514,0.7031284346608206,1,WELD_FOUND,107,3,1,0
108.67576575279236,0.02,0.0,0.02,0.003824784653261304,0.016175215346738697,0.016175215346738697,0.00026163759151337106,121,0.01227190624922514,0.7031284346608206,1,WELD_FOUND,107,3,1,0
108.6957938671112,0.00795870101121859,-0.011598102421318991,0.006218985648020742,0.003824784653261304,0.002394200994759438,0.002394200994759438,5.732198403307083e-06,121,0.09817483276128769,5.625003571624471,1,WELD_FOUND,108,3,1,0
108.71577429771423,0.00795870101121859,-0.011598102421318991,0.006218985648020742,0.003059827722609043,0.0031591579254116988,0.0031591579254116988,9.980278797691548e-06,121,0.09817483276128769,5.625003571624471,1,WELD_FOUND,108,3,1,0
108.73576807975769,0.00795870101121859,-0.011598102421318991,0.006218985648020742,0.003059827722609043,0.0031591579254116988,0.0031591579254116988,9.980278797691548e-06,77,0.09817483276128769,5.625003571624471,1,WELD_FOUND,108,3,1,0
108.75576496124268,0.00795870101121859,-0.011598102421318991,0.006218985648020742,0.003059827722609043,0.0031591579254116988,0.0031591579254116988,9.980278797691548e-06,77,0.09817483276128769,5.625003571624471,1,WELD_FOUND,108,3,1,0
108.77576470375061,0.00795870101121859,-0.011598102421318991,0.006218985648020742,0.0024478621780872345,0.0037711234699335074,0.0037711234699335074,1.4221372225483338e-05,77,0.09817483276128769,5.625003571624471,1,WELD_FOUND,108,3,1,0
108.79575991630554,0.0,0.0,0.0,0.0024478621780872345,-0.0024478621780872345,0.0024478621780872345,5.99202924290998e-06,77,nan,nan,0,NO_WELD,108,4,1,0
108.81578755378723,0.0,0.0,0.0,0.0,0.0,0.0,0.0,77,nan,nan,0,NO_WELD,108,4,1,0
108.83577370643616,0.0,0.0,0.0,0.0,0.0,0.0,0.0,59,nan,nan,0,NO_WELD,108,4,1,0
108.85578322410583,0.0,0.0,0.0,0.0,0.0,0.0,0.0,59,nan,nan,0,NO_WELD,108,4,1,0
108.87579798698425,0.0,0.0,0.0,0.0,0.0,0.0,0.0,59,nan,nan,0,NO_WELD,108,4,1,0
108.89579367637634,0.0,0.0,0.0,0.0,0.0,0.0,0.0,59,nan,nan,0,T_JUNCTION,108,4,2,0
108.91579008102417,0.0,0.0,0.0,0.0,0.0,0.0,0.0,59,nan,nan,0,T_JUNCTION,108,4,2,0
108.93575596809387,0.0,0.0,0.0,0.0,0.0,0.0,0.0,59,nan,nan,0,T_JUNCTION,108,4,2,0
108.9557626247406,0.0,0.0,0.0,0.0,0.0,0.0,0.0,59,nan,nan,0,T_JUNCTION,108,4,2,0
108.97577786445618,0.0,0.0,0.0,0.0,0.0,0.0,0.0,59,nan,nan,0,T_JUNCTION,108,4,2,0
108.99579286575317,0.0,0.0,0.0,0.0,0.0,0.0,0.0,59,nan,nan,0,T_JUNCTION,108,4,2,0
109.01579689979553,0.0,0.0,0.0,0.0,0.0,0.0,0.0,59,nan,nan,0,T_JUNCTION,108,4,2,0
109.03578019142151,0.0,0.0,0.0,0.0,0.0,0.0,0.0,59,nan,nan,0,T_JUNCTION,108,4,2,0
109.05578398704529,0.0,0.0,0.0,0.0,0.0,0.0,0.0,59,nan,nan,0,T_JUNCTION,108,4,2,0
109.0758011341095,0.0,0.0,0.0,0.0,0.0,0.0,0.0,59,nan,nan,0,T_JUNCTION,108,4,2,0
109.09580421447754,0.0,0.0,0.0,0.0,0.0,0.0,0.0,59,nan,nan,0,T_JUNCTION,108,4,2,0
109.11578583717346,0.0,0.0,0.0,0.0,0.0,0.0,0.0,59,nan,nan,0,T_JUNCTION,108,4,2,0
109.13577604293823,0.0,0.0,0.0,0.0,0.0,0.0,0.0,59,nan,nan,0,T_JUNCTION,108,4,2,0
109.15576148033142,0.0,0.0,0.0,0.0,0.0,0.0,0.0,59,nan,nan,0,T_JUNCTION,108,4,2,0
109.17577886581421,0.0,0.0,0.0,0.0,0.0,0.0,0.0,59,nan,nan,0,T_JUNCTION,108,4,2,0
109.19579935073853,0.0,0.0,0.0,0.0,0.0,0.0,0.0,59,nan,nan,0,T_JUNCTION,108,4,2,0
109.21577429771423,0.0,0.0,0.0,0.0,0.0,0.0,0.0,59,nan,nan,0,T_JUNCTION,108,4,2,0
109.23577356338501,0.0,0.0,0.0,0.0,0.0,0.0,0.0,59,nan,nan,0,T_JUNCTION,108,4,2,0
109.25577068328857,0.0,0.0,0.0,0.0,0.0,0.0,0.0,59,nan,nan,0,T_JUNCTION,108,4,2,0
109.27577376365662,0.0,0.0,0.0,0.0,0.0,0.0,0.0,59,nan,nan,0,T_JUNCTION,108,4,2,0
109.29587984085083,0.0,0.0,0.0,0.0,0.0,0.0,0.0,59,nan,nan,0,T_JUNCTION,108,4,2,0
109.31577944755554,0.0,0.0,0.0,0.0,0.0,0.0,0.0,59,nan,nan,0,T_JUNCTION,108,4,2,0
109.33576560020447,0.0,0.0,0.0,0.0,0.0,0.0,0.0,59,nan,nan,0,T_JUNCTION,108,4,2,0
109.35575652122498,0.0,0.0,0.0,0.0,0.0,0.0,0.0,59,nan,nan,0,T_JUNCTION,108,4,2,0
109.37576222419739,0.0,0.0,0.0,0.0,0.0,0.0,0.0,59,nan,nan,0,T_JUNCTION,108,4,2,0
109.39578080177307,0.0,0.0,0.0,0.0,0.0,0.0,0.0,59,nan,nan,0,T_JUNCTION,108,4,2,0
109.41577553749084,0.0,0.0,0.0,0.0,0.0,0.0,0.0,59,nan,nan,0,T_JUNCTION,108,4,2,0
109.43577408790588,0.0,0.0,0.0,0.0,0.0,0.0,0.0,59,nan,nan,0,T_JUNCTION,108,4,2,0
109.45579528808594,0.0,0.0,0.0,0.0,0.0,0.0,0.0,59,nan,nan,0,T_JUNCTION,108,4,2,0
109.47575950622559,0.0,0.0,0.0,0.0,0.0,0.0,0.0,59,nan,nan,0,T_JUNCTION,108,4,2,0
109.49583411216736,0.0,0.0,0.0,0.0,0.0,0.0,0.0,59,nan,nan,0,T_JUNCTION,108,4,2,0
109.51576948165894,0.0,0.0,0.0,0.0,0.0,0.0,0.0,59,nan,nan,0,T_JUNCTION,108,4,2,0
109.53577446937561,0.0,0.0,0.0,0.0,0.0,0.0,0.0,59,nan,nan,0,T_JUNCTION,108,4,2,0
109.55575513839722,0.0,0.0,0.0,0.0,0.0,0.0,0.0,59,nan,nan,0,T_JUNCTION,108,4,2,0
109.57576179504395,0.0,0.0,0.0,0.0,0.0,0.0,0.0,59,nan,nan,0,T_JUNCTION,108,4,2,0
109.5958080291748,0.0,0.0,0.0,0.0,0.0,0.0,0.0,59,nan,nan,0,T_JUNCTION,108,4,2,0
109.61578249931335,0.0,0.0,0.0,0.0,0.0,0.0,0.0,59,nan,nan,0,T_JUNCTION,108,4,2,0
109.63578176498413,0.0,0.0,0.0,0.0,0.0,0.0,0.0,59,nan,nan,0,T_JUNCTION,108,4,2,0
109.6558256149292,0.0,0.0,0.0,0.0,0.0,0.0,0.0,59,nan,nan,0,T_JUNCTION,108,4,2,0
109.67577815055847,0.0,0.0,0.0,0.0,0.0,0.0,0.0,59,nan,nan,0,T_JUNCTION,108,4,2,0
109.69579577445984,0.0,0.0,0.0,0.0,0.0,0.0,0.0,59,nan,nan,0,T_JUNCTION,108,4,2,0
109.71578288078308,0.0,0.0,0.0,0.0,0.0,0.0,0.0,59,nan,nan,0,T_JUNCTION,108,4,2,0
109.73575568199158,0.0,0.0,0.0,0.0,0.0,0.0,0.0,59,nan,nan,0,T_JUNCTION,108,4,2,0
109.75581192970276,0.0,0.0,0.0,0.0,0.0,0.0,0.0,59,nan,nan,0,T_JUNCTION,108,4,2,0
109.77577042579651,0.0,0.0,0.0,0.0,0.0,0.0,0.0,59,nan,nan,0,T_JUNCTION,108,4,2,0
109.79578423500061,0.0,0.0,0.0,0.0,0.0,0.0,0.0,59,nan,nan,0,T_JUNCTION,108,4,2,0
109.81577658653259,0.0,0.0,0.0,0.0,0.0,0.0,0.0,59,nan,nan,0,T_JUNCTION,108,4,2,0
109.83577704429626,0.0,0.0,0.0,0.0,0.0,0.0,0.0,59,nan,nan,0,T_JUNCTION,108,4,2,0
109.85578465461731,0.0,0.0,0.0,0.0,0.0,0.0,0.0,59,nan,nan,0,T_JUNCTION,108,4,2,0
109.87575554847717,0.0,0.0,0.0,0.0,0.0,0.0,0.0,59,nan,nan,0,T_JUNCTION,108,4,2,0
109.8958101272583,0.0,0.0,0.0,0.0,0.0,0.0,0.0,59,nan,nan,0,T_JUNCTION,108,4,2,0
109.915776014328,0.0,0.0,0.0,0.0,0.0,0.0,0.0,59,nan,nan,0,T_JUNCTION,108,4,2,0
109.93576693534851,0.0,0.0,0.0,0.0,0.0,0.0,0.0,59,nan,nan,0,T_JUNCTION,108,4,2,0
109.95576405525208,0.0,0.0,0.0,0.0,0.0,0.0,0.0,59,nan,nan,0,T_JUNCTION,108,4,2,0
109.97577333450317,0.0,0.0,0.0,0.0,0.0,0.0,0.0,59,nan,nan,0,T_JUNCTION,108,4,2,0
109.99580144882202,0.0,0.0,0.0,0.0,0.0,0.0,0.0,59,nan,nan,0,T_JUNCTION,108,4,2,0
110.0157687664032,0.0,0.0,0.0,0.0,0.0,0.0,0.0,59,nan,nan,0,T_JUNCTION,108,4,2,0
110.03578186035156,0.0,0.0,0.0,0.0,0.0,0.0,0.0,59,nan,nan,0,T_JUNCTION,108,4,2,0
110.05579376220703,0.0,0.0,0.0,0.0,0.0,0.0,0.0,59,nan,nan,0,T_JUNCTION,108,4,2,0
110.07575178146362,0.0,0.0,0.0,0.0,0.0,0.0,0.0,59,nan,nan,0,T_JUNCTION,108,4,2,0
110.09582471847534,0.0,0.0,0.0,0.0,0.0,0.0,0.0,59,nan,nan,0,T_JUNCTION,108,4,2,0
110.11576986312866,0.0,0.0,0.0,0.0,0.0,0.0,0.0,59,nan,nan,0,T_JUNCTION,108,4,2,0
110.13577103614807,0.0,0.0,0.0,0.0,0.0,0.0,0.0,59,nan,nan,0,T_JUNCTION,108,4,2,0
110.15576529502869,0.0,0.0,0.0,0.0,0.0,0.0,0.0,59,nan,nan,0,T_JUNCTION,108,4,2,0
110.17577242851257,0.0,0.0,0.0,0.0,0.0,0.0,0.0,59,nan,nan,0,T_JUNCTION,108,4,2,0
110.1958167552948,0.0,0.0,0.0,0.0,0.0,0.0,0.0,59,nan,nan,0,T_JUNCTION,108,4,2,0
110.21576833724976,0.0,0.0,0.0,0.0,0.0,0.0,0.0,59,nan,nan,0,T_JUNCTION,108,4,2,0
110.23577523231506,0.0,0.0,0.0,0.0,0.0,0.0,0.0,59,nan,nan,0,T_JUNCTION,108,4,2,0
110.2557852268219,0.0,0.0,0.0,0.0,0.0,0.0,0.0,59,nan,nan,0,T_JUNCTION,108,4,2,0
110.27577066421509,0.0,0.0,0.0,0.0,0.0,0.0,0.0,59,nan,nan,0,T_JUNCTION,108,4,2,0
110.29580688476562,0.0,0.0,0.0,0.0,0.0,0.0,0.0,59,nan,nan,0,T_JUNCTION,108,4,2,0
110.3157708644867,0.0,0.0,0.0,0.0,0.0,0.0,0.0,59,nan,nan,0,T_JUNCTION,108,4,2,0
110.3357629776001,0.0,0.0,0.0,0.0,0.0,0.0,0.0,59,nan,nan,0,T_JUNCTION,108,4,2,0
110.35576272010803,0.0,0.0,0.0,0.0,0.0,0.0,0.0,59,nan,nan,0,T_JUNCTION,108,4,2,0
110.37583565711975,0.0,0.0,0.0,0.0,0.0,0.0,0.0,59,nan,nan,0,T_JUNCTION,108,4,2,0
110.3957998752594,0.0,0.0,0.0,0.0,0.0,0.0,0.0,59,nan,nan,0,T_JUNCTION,108,4,2,0
110.41579794883728,0.0,0.0,0.0,0.0,0.0,0.0,0.0,59,nan,nan,0,T_JUNCTION,108,4,2,0
110.43577408790588,0.0,0.0,0.0,0.0,0.0,0.0,0.0,59,nan,nan,0,T_JUNCTION,108,4,2,0
110.45577573776245,0.0,0.0,0.0,0.0,0.0,0.0,0.0,59,nan,nan,0,T_JUNCTION,108,4,2,0
110.47576904296875,0.0,0.0,0.0,0.0,0.0,0.0,0.0,59,nan,nan,0,T_JUNCTION,108,4,2,0
110.49581933021545,0.0,0.0,0.0,0.0,0.0,0.0,0.0,59,nan,nan,0,T_JUNCTION,108,4,2,0
110.51575994491577,0.0,0.0,0.0,0.0,0.0,0.0,0.0,59,nan,nan,0,T_JUNCTION,108,4,2,0
110.53575587272644,0.0,0.0,0.0,0.0,0.0,0.0,0.0,59,nan,nan,0,T_JUNCTION,108,4,2,0
110.55577087402344,0.0,0.0,0.0,0.0,0.0,0.0,0.0,59,nan,nan,0,T_JUNCTION,108,4,2,0
110.57575607299805,0.0,0.0,0.0,0.0,0.0,0.0,0.0,59,nan,nan,0,T_JUNCTION,108,4,2,0
110.59579801559448,0.0,0.0,0.0,0.0,0.0,0.0,0.0,59,nan,nan,0,T_JUNCTION,108,4,2,0
110.61576652526855,0.0,0.0,0.0,0.0,0.0,0.0,0.0,59,nan,nan,0,T_JUNCTION,108,4,2,0
110.63578128814697,0.0,0.0,0.0,0.0,0.0,0.0,0.0,59,nan,nan,0,T_JUNCTION,108,4,2,0
110.65578317642212,0.0,0.0,0.0,0.0,0.0,0.0,0.0,59,nan,nan,0,T_JUNCTION,108,4,2,0
110.67581963539124,0.0,0.0,0.0,0.0,0.0,0.0,0.0,59,nan,nan,0,T_JUNCTION,108,4,2,0
110.69580435752869,0.0,0.0,0.0,0.0,0.0,0.0,0.0,59,nan,nan,0,T_JUNCTION,108,4,2,0
110.7157666683197,0.0,0.0,0.0,0.0,0.0,0.0,0.0,59,nan,nan,0,T_JUNCTION,108,4,2,0
110.73577332496643,0.0,0.0,0.0,0.0,0.0,0.0,0.0,59,nan,nan,0,T_JUNCTION,108,4,2,0
110.7557623386383,0.0,0.0,0.0,0.0,0.0,0.0,0.0,59,nan,nan,0,T_JUNCTION,108,4,2,0
110.77575540542603,0.0,0.0,0.0,0.0,0.0,0.0,0.0,59,nan,nan,0,T_JUNCTION,108,4,2,0
110.79578495025635,0.0,0.0,0.0,0.0,0.0,0.0,0.0,59,nan,nan,0,T_JUNCTION,108,4,2,0
110.81577682495117,0.0,0.0,0.0,0.0,0.0,0.0,0.0,59,nan,nan,0,T_JUNCTION,108,4,2,0
110.83578491210938,0.0,0.0,0.0,0.0,0.0,0.0,0.0,59,nan,nan,0,T_JUNCTION,108,4,2,0
110.85578775405884,0.0,0.0,0.0,0.0,0.0,0.0,0.0,59,nan,nan,0,T_JUNCTION,108,4,2,0
110.87577295303345,0.0,0.0,0.0,0.0,0.0,0.0,0.0,59,nan,nan,0,T_JUNCTION,108,4,2,0
110.89577198028564,0.0,0.0,0.0,0.0,0.0,0.0,0.0,59,nan,nan,0,T_JUNCTION,108,4,2,0
110.91577482223511,0.0,0.0,0.0,0.0,0.0,0.0,0.0,59,nan,nan,0,T_JUNCTION,108,4,2,0
110.93576264381409,0.0,0.0,0.0,0.0,0.0,0.0,0.0,59,nan,nan,0,T_JUNCTION,108,4,2,0
110.95576214790344,0.0,0.0,0.0,0.0,0.0,0.0,0.0,59,nan,nan,0,T_JUNCTION,108,4,2,0
110.97575759887695,0.0,0.0,0.0,0.0,0.0,0.0,0.0,59,nan,nan,0,T_JUNCTION,108,4,2,0
110.99576807022095,0.0,0.0,0.0,0.0,0.0,0.0,0.0,59,nan,nan,0,T_JUNCTION,108,4,2,0
111.01576685905457,0.0,0.0,0.0,0.0,0.0,0.0,0.0,59,nan,nan,0,T_JUNCTION,108,4,2,0
111.03577613830566,0.0,0.0,0.0,0.0,0.0,0.0,0.0,59,nan,nan,0,T_JUNCTION,108,4,2,0
111.05579590797424,0.0,0.0,0.0,0.0,0.0,0.0,0.0,59,nan,nan,0,T_JUNCTION,108,4,2,0
111.07578229904175,0.0,0.0,0.0,0.0,0.0,0.0,0.0,59,nan,nan,0,T_JUNCTION,108,4,2,0
111.09576892852783,0.0,0.0,0.0,0.0,0.0,0.0,0.0,59,nan,nan,0,T_JUNCTION,108,4,2,0
111.11577820777893,0.0,0.0,0.0,0.0,0.0,0.0,0.0,59,nan,nan,0,T_JUNCTION,108,4,2,0
111.13576579093933,0.0,0.0,0.0,0.0,0.0,0.0,0.0,59,nan,nan,0,T_JUNCTION,108,4,2,0
111.15576434135437,0.0,0.0,0.0,0.0,0.0,0.0,0.0,59,nan,nan,0,T_JUNCTION,108,4,2,0
111.17581486701965,0.0,0.0,0.0,0.0,0.0,0.0,0.0,59,nan,nan,0,T_JUNCTION,108,4,2,0
111.19578313827515,0.0,0.0,0.0,0.0,0.0,0.0,0.0,59,nan,nan,0,T_JUNCTION,108,4,2,0
111.21576762199402,0.0,0.0,0.0,0.0,0.0,0.0,0.0,59,nan,nan,0,T_JUNCTION,108,4,2,0
111.23576617240906,0.0,0.0,0.0,0.0,0.0,0.0,0.0,59,nan,nan,0,T_JUNCTION,108,4,2,0
111.25578022003174,0.0,0.0,0.0,0.0,0.0,0.0,0.0,59,nan,nan,0,T_JUNCTION,108,4,2,0
111.27576613426208,0.0,0.0,0.0,0.0,0.0,0.0,0.0,59,nan,nan,0,T_JUNCTION,108,4,2,0
111.29581880569458,0.0,0.0,0.0,0.0,0.0,0.0,0.0,59,nan,nan,0,T_JUNCTION,108,4,2,0
111.31580781936646,0.0,0.0,0.0,0.0,0.0,0.0,0.0,59,nan,nan,0,T_JUNCTION,108,4,2,0
111.33577466011047,0.0,0.0,0.0,0.0,0.0,0.0,0.0,59,nan,nan,0,T_JUNCTION,108,4,2,0
111.35575604438782,0.0,0.0,0.0,0.0,0.0,0.0,0.0,59,nan,nan,0,T_JUNCTION,108,4,2,0
111.37582421302795,0.0,0.0,0.0,0.0,0.0,0.0,0.0,59,nan,nan,0,T_JUNCTION,108,4,2,0
111.39577770233154,0.0,0.0,0.0,0.0,0.0,0.0,0.0,59,nan,nan,0,T_JUNCTION,108,4,2,0
111.415776014328,0.0,0.0,0.0,0.0,0.0,0.0,0.0,59,nan,nan,0,T_JUNCTION,108,4,2,0
111.43576192855835,0.0,0.0,0.0,0.0,0.0,0.0,0.0,59,nan,nan,0,T_JUNCTION,108,4,2,0
111.45577597618103,0.0,0.0,0.0,0.0,0.0,0.0,0.0,59,nan,nan,0,T_JUNCTION,108,4,2,0
111.4758071899414,0.0,0.0,0.0,0.0,0.0,0.0,0.0,59,nan,nan,0,T_JUNCTION,108,4,2,0
111.49579429626465,0.0,0.0,0.0,0.0,0.0,0.0,0.0,59,nan,nan,0,T_JUNCTION,108,4,2,0
111.51576447486877,0.0,0.0,0.0,0.0,0.0,0.0,0.0,59,nan,nan,0,T_JUNCTION,108,4,2,0
111.53578281402588,0.0,0.0,0.0,0.0,0.0,0.0,0.0,59,nan,nan,0,T_JUNCTION,108,4,2,0
111.55578589439392,0.0,0.0,0.0,0.0,0.0,0.0,0.0,59,nan,nan,0,T_JUNCTION,108,4,2,0
111.57581758499146,0.0,0.0,0.0,0.0,0.0,0.0,0.0,59,nan,nan,0,T_JUNCTION,108,4,2,0
111.59576320648193,0.0,0.0,0.0,0.0,0.0,0.0,0.0,59,nan,nan,0,T_JUNCTION,108,4,2,0
111.61578464508057,0.0,0.0,0.0,0.0,0.0,0.0,0.0,59,nan,nan,0,T_JUNCTION,108,4,2,0
111.63576602935791,0.0,0.0,0.0,0.0,0.0,0.0,0.0,59,nan,nan,0,T_JUNCTION,108,4,2,0
111.65578126907349,0.0,0.0,0.0,0.0,0.0,0.0,0.0,59,nan,nan,0,T_JUNCTION,108,4,2,0
111.67582511901855,0.0,0.0,0.0,0.0,0.0,0.0,0.0,59,nan,nan,0,T_JUNCTION,108,4,2,0
111.69578528404236,0.0,0.0,0.0,0.0,0.0,0.0,0.0,59,nan,nan,0,T_JUNCTION,108,4,2,0
111.71577620506287,0.0,0.0,0.0,0.0,0.0,0.0,0.0,59,nan,nan,0,T_JUNCTION,108,4,2,0
111.73577332496643,0.0,0.0,0.0,0.0,0.0,0.0,0.0,59,nan,nan,0,T_JUNCTION,108,4,2,0
111.75577449798584,0.0,0.0,0.0,0.0,0.0,0.0,0.0,59,nan,nan,0,T_JUNCTION,108,4,2,0
111.77579092979431,0.0,0.0,0.0,0.0,0.0,0.0,0.0,59,nan,nan,0,T_JUNCTION,108,4,2,0
111.79578185081482,0.0,0.0,0.0,0.0,0.0,0.0,0.0,59,nan,nan,0,T_JUNCTION,108,4,2,0
111.81575679779053,0.0,0.0,0.0,0.0,0.0,0.0,0.0,59,nan,nan,0,T_JUNCTION,108,4,2,0
111.83578968048096,0.0,0.0,0.0,0.0,0.0,0.0,0.0,59,nan,nan,0,T_JUNCTION,108,4,2,0
111.85578227043152,0.0,0.0,0.0,0.0,0.0,0.0,0.0,59,nan,nan,0,T_JUNCTION,108,4,2,0
111.87578105926514,0.0,0.0,0.0,0.0,0.0,0.0,0.0,59,nan,nan,0,T_JUNCTION,108,4,2,0
111.89577531814575,0.0,0.0,0.0,0.0,0.0,0.0,0.0,59,nan,nan,0,T_JUNCTION,108,4,2,0
111.91578817367554,0.0,0.0,0.0,0.0,0.0,0.0,0.0,59,nan,nan,0,T_JUNCTION,108,4,2,0
111.93577980995178,0.0,0.0,0.0,0.0,0.0,0.0,0.0,59,nan,nan,0,T_JUNCTION,108,4,2,0
111.95577239990234,0.0,0.0,0.0,0.0,0.0,0.0,0.0,59,nan,nan,0,T_JUNCTION,108,4,2,0
111.97578191757202,0.0,0.0,0.0,0.0,0.0,0.0,0.0,59,nan,nan,0,T_JUNCTION,108,4,2,0
111.99577522277832,0.0,0.0,0.0,0.0,0.0,0.0,0.0,59,nan,nan,0,T_JUNCTION,108,4,2,0
112.01576161384583,0.0,0.0,0.0,0.0,0.0,0.0,0.0,59,nan,nan,0,T_JUNCTION,108,4,2,0
112.03575420379639,0.0,0.0,0.0,0.0,0.0,0.0,0.0,59,nan,nan,0,T_JUNCTION,108,4,2,0
112.05578875541687,0.0,0.0,0.0,0.0,0.0,0.0,0.0,59,nan,nan,0,T_JUNCTION,108,4,2,0
112.07578253746033,0.0,0.0,0.0,0.0,0.0,0.0,0.0,59,nan,nan,0,T_JUNCTION,108,4,2,0
112.09576988220215,0.0,0.0,0.0,0.0,0.0,0.0,0.0,59,nan,nan,0,T_JUNCTION,108,4,2,0
112.11576914787292,0.0,0.0,0.0,0.0,0.0,0.0,0.0,59,nan,nan,0,T_JUNCTION,108,4,2,0
112.1357626914978,0.0,0.0,0.0,0.0,0.0,0.0,0.0,59,nan,nan,0,T_JUNCTION,108,4,2,0
112.15577340126038,0.0,0.0,0.0,0.0,0.0,0.0,0.0,59,nan,nan,0,T_JUNCTION,108,4,2,0
112.175790309906,0.0,0.0,0.0,0.0,0.0,0.0,0.0,59,nan,nan,0,T_JUNCTION,108,4,2,0
112.19577527046204,0.0,0.0,0.0,0.0,0.0,0.0,0.0,59,nan,nan,0,T_JUNCTION,108,4,2,0
112.21579337120056,0.0,0.0,0.0,0.0,0.0,0.0,0.0,59,nan,nan,0,T_JUNCTION,108,4,2,0
112.23577523231506,0.0,0.0,0.0,0.0,0.0,0.0,0.0,59,nan,nan,0,T_JUNCTION,108,4,2,0
112.25579047203064,0.0,0.0,0.0,0.0,0.0,0.0,0.0,59,nan,nan,0,T_JUNCTION,108,4,2,0
112.27577829360962,0.0,0.0,0.0,0.0,0.0,0.0,0.0,59,nan,nan,0,T_JUNCTION,108,4,2,0
112.29582691192627,0.0,0.0,0.0,0.0,0.0,0.0,0.0,59,nan,nan,0,T_JUNCTION,108,4,2,0
112.31578874588013,0.0,0.0,0.0,0.0,0.0,0.0,0.0,59,nan,nan,0,T_JUNCTION,108,4,2,0
112.3357663154602,0.0,0.0,0.0,0.0,0.0,0.0,0.0,59,nan,nan,0,T_JUNCTION,108,4,2,0
112.3557653427124,0.0,0.0,0.0,0.0,0.0,0.0,0.0,59,nan,nan,0,T_JUNCTION,108,4,2,0
112.375803232193,0.0,0.0,0.0,0.0,0.0,0.0,0.0,59,nan,nan,0,T_JUNCTION,108,4,2,0
112.39577913284302,0.0,0.0,0.0,0.0,0.0,0.0,0.0,59,nan,nan,0,T_JUNCTION,108,4,2,0
112.41578435897827,0.0,0.0,0.0,0.0,0.0,0.0,0.0,59,nan,nan,0,T_JUNCTION,108,4,2,0
112.43577742576599,0.0,0.0,0.0,0.0,0.0,0.0,0.0,59,nan,nan,0,T_JUNCTION,108,4,2,0
112.45579767227173,0.0,0.0,0.0,0.0,0.0,0.0,0.0,59,nan,nan,0,T_JUNCTION,108,4,2,0
112.47579550743103,0.0,0.0,0.0,0.0,0.0,0.0,0.0,59,nan,nan,0,T_JUNCTION,108,4,2,0
112.49580788612366,0.0,0.0,0.0,0.0,0.0,0.0,0.0,59,nan,nan,0,T_JUNCTION,108,4,2,0
112.51576519012451,0.0,0.0,0.0,0.0,0.0,0.0,0.0,59,nan,nan,0,T_JUNCTION,108,4,2,0
112.5357563495636,0.0,0.0,0.0,0.0,0.0,0.0,0.0,59,nan,nan,0,T_JUNCTION,108,4,2,0
112.55578184127808,0.0,0.0,0.0,0.0,0.0,0.0,0.0,59,nan,nan,0,T_JUNCTION,108,4,2,0
112.57579493522644,0.0,0.0,0.0,0.0,0.0,0.0,0.0,59,nan,nan,0,T_JUNCTION,108,4,2,0
112.59577250480652,0.0,0.0,0.0,0.0,0.0,0.0,0.0,59,nan,nan,0,T_JUNCTION,108,4,2,0
112.61576652526855,0.0,0.0,0.0,0.0,0.0,0.0,0.0,59,nan,nan,0,T_JUNCTION,108,4,2,0
112.63576292991638,0.0,0.0,0.0,0.0,0.0,0.0,0.0,59,nan,nan,0,T_JUNCTION,108,4,2,0
112.65582847595215,0.0,0.0,0.0,0.0,0.0,0.0,0.0,59,nan,nan,0,T_JUNCTION,108,4,2,0
112.67580342292786,0.0,0.0,0.0,0.0,0.0,0.0,0.0,59,nan,nan,0,T_JUNCTION,108,4,2,0
112.69577479362488,0.0,0.0,0.0,0.0,0.0,0.0,0.0,59,nan,nan,0,T_JUNCTION,108,4,2,0
112.71579265594482,0.0,0.0,0.0,0.0,0.0,0.0,0.0,59,nan,nan,0,T_JUNCTION,108,4,2,0
112.73574924468994,0.0,0.0,0.0,0.0,0.0,0.0,0.0,59,nan,nan,0,T_JUNCTION,108,4,2,0
112.75579905509949,0.0,0.0,0.0,0.0,0.0,0.0,0.0,59,nan,nan,0,T_JUNCTION,108,4,2,0
112.77581882476807,0.0,0.0,0.0,0.0,0.0,0.0,0.0,59,nan,nan,0,T_JUNCTION,108,4,2,0
112.79577326774597,0.0,0.0,0.0,0.0,0.0,0.0,0.0,59,nan,nan,0,T_JUNCTION,108,4,2,0
112.81576037406921,0.0,0.0,0.0,0.0,0.0,0.0,0.0,59,nan,nan,0,T_JUNCTION,108,4,2,0
112.8357629776001,0.0,0.0,0.0,0.0,0.0,0.0,0.0,59,nan,nan,0,T_JUNCTION,108,4,2,0
112.85577487945557,0.0,0.0,0.0,0.0,0.0,0.0,0.0,59,nan,nan,0,T_JUNCTION,108,4,2,0
112.87580847740173,0.0,0.0,0.0,0.0,0.0,0.0,0.0,59,nan,nan,0,T_JUNCTION,108,4,2,0
112.89578413963318,0.0,0.0,0.0,0.0,0.0,0.0,0.0,59,nan,nan,0,T_JUNCTION,108,4,2,0
112.91577458381653,0.0,0.0,0.0,0.0,0.0,0.0,0.0,59,nan,nan,0,T_JUNCTION,108,4,2,0
112.93577861785889,0.0,0.0,0.0,0.0,0.0,0.0,0.0,59,nan,nan,0,T_JUNCTION,108,4,2,0
112.95575547218323,0.0,0.0,0.0,0.0,0.0,0.0,0.0,59,nan,nan,0,T_JUNCTION,108,4,2,0
112.97580480575562,0.0,0.0,0.0,0.0,0.0,0.0,0.0,59,nan,nan,0,T_JUNCTION,108,4,2,0
112.99576830863953,0.0,0.0,0.0,0.0,0.0,0.0,0.0,59,nan,nan,0,T_JUNCTION,108,4,2,0
113.01576781272888,0.0,0.0,0.0,0.0,0.0,0.0,0.0,59,nan,nan,0,T_JUNCTION,108,4,2,0
113.03576278686523,0.0,0.0,0.0,0.0,0.0,0.0,0.0,59,nan,nan,0,T_JUNCTION,108,4,2,0
113.05578684806824,0.0,0.0,0.0,0.0,0.0,0.0,0.0,59,nan,nan,0,T_JUNCTION,108,4,2,0
113.07580041885376,0.0,0.0,0.0,0.0,0.0,0.0,0.0,59,nan,nan,0,T_JUNCTION,108,4,2,0
113.09577775001526,0.0,0.0,0.0,0.0,0.0,0.0,0.0,59,nan,nan,0,T_JUNCTION,108,4,2,0
113.11576271057129,0.0,0.0,0.0,0.0,0.0,0.0,0.0,59,nan,nan,0,T_JUNCTION,108,4,2,0
113.13575458526611,0.0,0.0,0.0,0.0,0.0,0.0,0.0,59,nan,nan,0,T_JUNCTION,108,4,2,0
113.1557788848877,0.0,0.0,0.0,0.0,0.0,0.0,0.0,59,nan,nan,0,T_JUNCTION,108,4,2,0
113.17579245567322,0.0,0.0,0.0,0.0,0.0,0.0,0.0,59,nan,nan,0,T_JUNCTION,108,4,2,0
113.1957631111145,0.0,0.0,0.0,0.0,0.0,0.0,0.0,59,nan,nan,0,T_JUNCTION,108,4,2,0
113.21575975418091,0.0,0.0,0.0,0.0,0.0,0.0,0.0,59,nan,nan,0,T_JUNCTION,108,4,2,0
113.23576140403748,0.0,0.0,0.0,0.0,0.0,0.0,0.0,59,nan,nan,0,T_JUNCTION,108,4,2,0
113.25576829910278,0.0,0.0,0.0,0.0,0.0,0.0,0.0,59,nan,nan,0,T_JUNCTION,108,4,2,0
113.27579522132874,0.0,0.0,0.0,0.0,0.0,0.0,0.0,59,nan,nan,0,T_JUNCTION,108,4,2,0
113.29580640792847,0.0,0.0,0.0,0.0,0.0,0.0,0.0,59,nan,nan,0,T_JUNCTION,108,4,2,0
113.3157708644867,0.0,0.0,0.0,0.0,0.0,0.0,0.0,59,nan,nan,0,T_JUNCTION,108,4,2,0
113.33578491210938,0.0,0.0,0.0,0.0,0.0,0.0,0.0,59,nan,nan,0,T_JUNCTION,108,4,2,0
113.35575413703918,0.0,0.0,0.0,0.0,0.0,0.0,0.0,59,nan,nan,0,T_JUNCTION,108,4,2,0
113.37582564353943,0.0,0.0,0.0,0.0,0.0,0.0,0.0,59,nan,nan,0,T_JUNCTION,108,4,2,0
113.39579176902771,0.0,0.0,0.0,0.0,0.0,0.0,0.0,59,nan,nan,0,T_JUNCTION,108,4,2,0
113.41577482223511,0.0,0.0,0.0,0.0,0.0,0.0,0.0,59,nan,nan,0,T_JUNCTION,108,4,2,0
113.43576169013977,0.0,0.0,0.0,0.0,0.0,0.0,0.0,59,nan,nan,0,T_JUNCTION,108,4,2,0
113.45578145980835,0.0,0.0,0.0,0.0,0.0,0.0,0.0,59,nan,nan,0,T_JUNCTION,108,4,2,0
113.47581505775452,0.0,0.0,0.0,0.0,0.0,0.0,0.0,59,nan,nan,0,T_JUNCTION,108,4,2,0
113.49577498435974,0.0,0.0,0.0,0.0,0.0,0.0,0.0,59,nan,nan,0,T_JUNCTION,108,4,2,0
113.51578187942505,0.0,0.0,0.0,0.0,0.0,0.0,0.0,59,nan,nan,0,T_JUNCTION,108,4,2,0
113.53579425811768,0.0,0.0,0.0,0.0,0.0,0.0,0.0,59,nan,nan,0,T_JUNCTION,108,4,2,0
113.55576086044312,0.0,0.0,0.0,0.0,0.0,0.0,0.0,59,nan,nan,0,T_JUNCTION,108,4,2,0
113.57579469680786,0.0,0.0,0.0,0.0,0.0,0.0,0.0,59,nan,nan,0,T_JUNCTION,108,4,2,0
113.59576296806335,0.0,0.0,0.0,0.0,0.0,0.0,0.0,59,nan,nan,0,T_JUNCTION,108,4,2,0
113.61578011512756,0.0,0.0,0.0,0.0,0.0,0.0,0.0,59,nan,nan,0,T_JUNCTION,108,4,2,0
113.63576674461365,0.0,0.0,0.0,0.0,0.0,0.0,0.0,59,nan,nan,0,T_JUNCTION,108,4,2,0
113.65577554702759,0.0,0.0,0.0,0.0,0.0,0.0,0.0,59,nan,nan,0,T_JUNCTION,108,4,2,0
113.67583513259888,0.0,0.0,0.0,0.0,0.0,0.0,0.0,59,nan,nan,0,T_JUNCTION,108,4,2,0
113.69577670097351,0.0,0.0,0.0,0.0,0.0,0.0,0.0,59,nan,nan,0,T_JUNCTION,108,4,2,0
113.71577978134155,0.0,0.0,0.0,0.0,0.0,0.0,0.0,59,nan,nan,0,T_JUNCTION,108,4,2,0
113.73577404022217,0.0,0.0,0.0,0.0,0.0,0.0,0.0,59,nan,nan,0,T_JUNCTION,108,4,2,0
113.75577306747437,0.0,0.0,0.0,0.0,0.0,0.0,0.0,59,nan,nan,0,T_JUNCTION,108,4,2,0
113.77580189704895,0.0,0.0,0.0,0.0,0.0,0.0,0.0,59,nan,nan,0,T_JUNCTION,108,4,2,0
113.79577589035034,0.0,0.0,0.0,0.0,0.0,0.0,0.0,59,nan,nan,0,T_JUNCTION,108,4,2,0
113.81577038764954,0.0,0.0,0.0,0.0,0.0,0.0,0.0,59,nan,nan,0,T_JUNCTION,108,4,2,0
113.83575940132141,0.0,0.0,0.0,0.0,0.0,0.0,0.0,59,nan,nan,0,T_JUNCTION,108,4,2,0
113.8557722568512,0.0,0.0,0.0,0.0,0.0,0.0,0.0,59,nan,nan,0,T_JUNCTION,108,4,2,0
113.875821352005,0.0,0.0,0.0,0.0,0.0,0.0,0.0,59,nan,nan,0,T_JUNCTION,108,4,2,0
113.8957691192627,0.0,0.0,0.0,0.0,0.0,0.0,0.0,59,nan,nan,0,T_JUNCTION,108,4,2,0
113.91577100753784,0.0,0.0,0.0,0.0,0.0,0.0,0.0,59,nan,nan,0,T_JUNCTION,108,4,2,0
113.93576169013977,0.0,0.0,0.0,0.0,0.0,0.0,0.0,59,nan,nan,0,T_JUNCTION,108,4,2,0
113.9557626247406,0.0,0.0,0.0,0.0,0.0,0.0,0.0,59,nan,nan,0,T_JUNCTION,108,4,2,0
113.97580242156982,0.0,0.0,0.0,0.0,0.0,0.0,0.0,59,nan,nan,0,T_JUNCTION,108,4,2,0
113.9957799911499,0.0,0.0,0.0,0.0,0.0,0.0,0.0,59,nan,nan,0,T_JUNCTION,108,4,2,0
114.01577806472778,0.0,0.0,0.0,0.0,0.0,0.0,0.0,59,nan,nan,0,T_JUNCTION,108,4,2,0
114.03577184677124,0.0,0.0,0.0,0.0,0.0,0.0,0.0,59,nan,nan,0,T_JUNCTION,108,4,2,0
114.05579733848572,0.0,0.0,0.0,0.0,0.0,0.0,0.0,59,nan,nan,0,T_JUNCTION,108,4,2,0
114.07579708099365,0.0,0.0,0.0,0.0,0.0,0.0,0.0,59,nan,nan,0,T_JUNCTION,108,4,2,0
114.09579968452454,0.0,0.0,0.0,0.0,0.0,0.0,0.0,59,nan,nan,0,T_JUNCTION,108,4,2,0
114.11579298973083,0.0,0.0,0.0,0.0,0.0,0.0,0.0,59,nan,nan,0,T_JUNCTION,108,4,2,0
114.13575410842896,0.0,0.0,0.0,0.0,0.0,0.0,0.0,59,nan,nan,0,T_JUNCTION,108,4,2,0
114.15576267242432,0.0,0.0,0.0,0.0,0.0,0.0,0.0,59,nan,nan,0,T_JUNCTION,108,4,2,0
114.1757881641388,0.0,0.0,0.0,0.0,0.0,0.0,0.0,59,nan,nan,0,T_JUNCTION,108,4,2,0
114.1957790851593,0.0,0.0,0.0,0.0,0.0,0.0,0.0,59,nan,nan,0,T_JUNCTION,108,4,2,0
114.21576929092407,0.0,0.0,0.0,0.0,0.0,0.0,0.0,59,nan,nan,0,T_JUNCTION,108,4,2,0
114.23577308654785,0.0,0.0,0.0,0.0,0.0,0.0,0.0,59,nan,nan,0,T_JUNCTION,108,4,2,0
114.2557921409607,0.0,0.0,0.0,0.0,0.0,0.0,0.0,59,nan,nan,0,T_JUNCTION,108,4,2,0
114.27580070495605,0.0,0.0,0.0,0.0,0.0,0.0,0.0,59,nan,nan,0,T_JUNCTION,108,4,2,0
114.29580760002136,0.0,0.0,0.0,0.0,0.0,0.0,0.0,59,nan,nan,0,T_JUNCTION,108,4,2,0
114.3157868385315,0.0,0.0,0.0,0.0,0.0,0.0,0.0,59,nan,nan,0,T_JUNCTION,108,4,2,0
114.33575510978699,0.0,0.0,0.0,0.0,0.0,0.0,0.0,59,nan,nan,0,T_JUNCTION,108,4,2,0
114.35575819015503,0.0,0.0,0.0,0.0,0.0,0.0,0.0,59,nan,nan,0,T_JUNCTION,108,4,2,0
114.37579774856567,0.0,0.0,0.0,0.0,0.0,0.0,0.0,59,nan,nan,0,T_JUNCTION,108,4,2,0
114.39576387405396,0.0,0.0,0.0,0.0,0.0,0.0,0.0,59,nan,nan,0,T_JUNCTION,108,4,2,0
114.41576409339905,0.0,0.0,0.0,0.0,0.0,0.0,0.0,59,nan,nan,0,T_JUNCTION,108,4,2,0
114.43577170372009,0.0,0.0,0.0,0.0,0.0,0.0,0.0,59,nan,nan,0,T_JUNCTION,108,4,2,0
114.4557876586914,0.0,0.0,0.0,0.0,0.0,0.0,0.0,59,nan,nan,0,T_JUNCTION,108,4,2,0
114.47581315040588,0.0,0.0,0.0,0.0,0.0,0.0,0.0,59,nan,nan,0,T_JUNCTION,108,4,2,0
114.49579048156738,0.0,0.0,0.0,0.0,0.0,0.0,0.0,59,nan,nan,0,T_JUNCTION,108,4,2,0
114.51576948165894,0.0,0.0,0.0,0.0,0.0,0.0,0.0,59,nan,nan,0,T_JUNCTION,108,4,2,0
114.53576016426086,0.0,0.0,0.0,0.0,0.0,0.0,0.0,59,nan,nan,0,T_JUNCTION,108,4,2,0
114.5557792186737,0.0,0.0,0.0,0.0,0.0,0.0,0.0,59,nan,nan,0,T_JUNCTION,108,4,2,0
114.57579708099365,0.0,0.0,0.0,0.0,0.0,0.0,0.0,59,nan,nan,0,T_JUNCTION,108,4,2,0
114.59577226638794,0.0,0.0,0.0,0.0,0.0,0.0,0.0,59,nan,nan,0,T_JUNCTION,108,4,2,0
114.61576318740845,0.0,0.0,0.0,0.0,0.0,0.0,0.0,59,nan,nan,0,T_JUNCTION,108,4,2,0
114.63577151298523,0.0,0.0,0.0,0.0,0.0,0.0,0.0,59,nan,nan,0,T_JUNCTION,108,4,2,0
114.65578508377075,0.0,0.0,0.0,0.0,0.0,0.0,0.0,59,nan,nan,0,T_JUNCTION,108,4,2,0
114.67578339576721,0.0,0.0,0.0,0.0,0.0,0.0,0.0,59,nan,nan,0,T_JUNCTION,108,4,2,0
114.6957688331604,0.0,0.0,0.0,0.0,0.0,0.0,0.0,59,nan,nan,0,T_JUNCTION,108,4,2,0
114.71576929092407,0.0,0.0,0.0,0.0,0.0,0.0,0.0,59,nan,nan,0,T_JUNCTION,108,4,2,0
114.7357873916626,0.0,0.0,0.0,0.0,0.0,0.0,0.0,59,nan,nan,0,T_JUNCTION,108,4,2,0
114.75575923919678,0.0,0.0,0.0,0.0,0.0,0.0,0.0,59,nan,nan,0,T_JUNCTION,108,4,2,0
114.77580952644348,0.0,0.0,0.0,0.0,0.0,0.0,0.0,59,nan,nan,0,T_JUNCTION,108,4,2,0
114.79578137397766,0.0,0.0,0.0,0.0,0.0,0.0,0.0,59,nan,nan,0,T_JUNCTION,108,4,2,0
114.81576299667358,0.0,0.0,0.0,0.0,0.0,0.0,0.0,59,nan,nan,0,T_JUNCTION,108,4,2,0
114.83576917648315,0.0,0.0,0.0,0.0,0.0,0.0,0.0,59,nan,nan,0,T_JUNCTION,108,4,2,0
114.85577416419983,0.0,0.0,0.0,0.0,0.0,0.0,0.0,59,nan,nan,0,T_JUNCTION,108,4,2,0
114.87580466270447,0.0,0.0,0.0,0.0,0.0,0.0,0.0,59,nan,nan,0,T_JUNCTION,108,4,2,0
114.8957736492157,0.0,0.0,0.0,0.0,0.0,0.0,0.0,59,nan,nan,0,T_JUNCTION,108,4,2,0
114.91578364372253,0.0,0.0,0.0,0.0,0.0,0.0,0.0,59,nan,nan,0,T_JUNCTION,108,4,2,0
114.93577671051025,0.0,0.0,0.0,0.0,0.0,0.0,0.0,59,nan,nan,0,T_JUNCTION,108,4,2,0
114.9557740688324,0.0,0.0,0.0,0.0,0.0,0.0,0.0,59,nan,nan,0,T_JUNCTION,108,4,2,0
114.97579312324524,0.0,0.0,0.0,0.0,0.0,0.0,0.0,59,nan,nan,0,T_JUNCTION,108,4,2,0
114.99578166007996,0.0,0.0,0.0,0.0,0.0,0.0,0.0,59,nan,nan,0,T_JUNCTION,108,4,2,0
115.01576852798462,0.0,0.0,0.0,0.0,0.0,0.0,0.0,59,nan,nan,0,T_JUNCTION,108,4,2,0
115.03577637672424,0.0,0.0,0.0,0.0,0.0,0.0,0.0,59,nan,nan,0,T_JUNCTION,108,4,2,0
115.05576157569885,0.0,0.0,0.0,0.0,0.0,0.0,0.0,59,nan,nan,0,T_JUNCTION,108,4,2,0
115.07581233978271,0.0,0.0,0.0,0.0,0.0,0.0,0.0,59,nan,nan,0,T_JUNCTION,108,4,2,0
115.09577870368958,0.0,0.0,0.0,0.0,0.0,0.0,0.0,59,nan,nan,0,T_JUNCTION,108,4,2,0
115.11576843261719,0.0,0.0,0.0,0.0,0.0,0.0,0.0,59,nan,nan,0,T_JUNCTION,108,4,2,0
115.13576602935791,0.0,0.0,0.0,0.0,0.0,0.0,0.0,59,nan,nan,0,T_JUNCTION,108,4,2,0
115.15576601028442,0.0,0.0,0.0,0.0,0.0,0.0,0.0,59,nan,nan,0,T_JUNCTION,108,4,2,0
115.17579174041748,0.0,0.0,0.0,0.0,0.0,0.0,0.0,59,nan,nan,0,T_JUNCTION,108,4,2,0
115.19576120376587,0.0,0.0,0.0,0.0,0.0,0.0,0.0,59,nan,nan,0,T_JUNCTION,108,4,2,0
115.21576356887817,0.0,0.0,0.0,0.0,0.0,0.0,0.0,59,nan,nan,0,T_JUNCTION,108,4,2,0
115.23577332496643,0.0,0.0,0.0,0.0,0.0,0.0,0.0,59,nan,nan,0,T_JUNCTION,108,4,2,0
115.25578165054321,0.0,0.0,0.0,0.0,0.0,0.0,0.0,59,nan,nan,0,T_JUNCTION,108,4,2,0
115.27578091621399,0.0,0.0,0.0,0.0,0.0,0.0,0.0,59,nan,nan,0,T_JUNCTION,108,4,2,0
115.29582214355469,0.0,0.0,0.0,0.0,0.0,0.0,0.0,59,nan,nan,0,T_JUNCTION,108,4,2,0
115.31575632095337,0.0,0.0,0.0,0.0,0.0,0.0,0.0,59,nan,nan,0,T_JUNCTION,108,4,2,0
115.3357629776001,0.0,0.0,0.0,0.0,0.0,0.0,0.0,59,nan,nan,0,T_JUNCTION,108,4,2,0
115.35576224327087,0.0,0.0,0.0,0.0,0.0,0.0,0.0,59,nan,nan,0,T_JUNCTION,108,4,2,0
115.37580060958862,0.0,0.0,0.0,0.0,0.0,0.0,0.0,59,nan,nan,0,T_JUNCTION,108,4,2,0
115.39577460289001,0.0,0.0,0.0,0.0,0.0,0.0,0.0,59,nan,nan,0,T_JUNCTION,108,4,2,0
115.41579389572144,0.0,0.0,0.0,0.0,0.0,0.0,0.0,59,nan,nan,0,T_JUNCTION,108,4,2,0
115.43577432632446,0.0,0.0,0.0,0.0,0.0,0.0,0.0,59,nan,nan,0,T_JUNCTION,108,4,2,0
115.4557933807373,0.0,0.0,0.0,0.0,0.0,0.0,0.0,59,nan,nan,0,T_JUNCTION,108,4,2,0
115.47577261924744,0.0,0.0,0.0,0.0,0.0,0.0,0.0,59,nan,nan,0,T_JUNCTION,108,4,2,0
115.49580121040344,0.0,0.0,0.0,0.0,0.0,0.0,0.0,59,nan,nan,0,T_JUNCTION,108,4,2,0
115.51579117774963,0.0,0.0,0.0,0.0,0.0,0.0,0.0,59,nan,nan,0,T_JUNCTION,108,4,2,0
115.53575658798218,0.0,0.0,0.0,0.0,0.0,0.0,0.0,59,nan,nan,0,T_JUNCTION,108,4,2,0
115.55577039718628,0.0,0.0,0.0,0.0,0.0,0.0,0.0,59,nan,nan,0,T_JUNCTION,108,4,2,0
115.57579302787781,0.0,0.0,0.0,0.0,0.0,0.0,0.0,59,nan,nan,0,T_JUNCTION,108,4,2,0
115.59578204154968,0.0,0.0,0.0,0.0,0.0,0.0,0.0,59,nan,nan,0,T_JUNCTION,108,4,2,0
115.61577296257019,0.0,0.0,0.0,0.0,0.0,0.0,0.0,59,nan,nan,0,T_JUNCTION,108,4,2,0
115.63577318191528,0.0,0.0,0.0,0.0,0.0,0.0,0.0,59,nan,nan,0,T_JUNCTION,108,4,2,0
115.6558039188385,0.0,0.0,0.0,0.0,0.0,0.0,0.0,59,nan,nan,0,T_JUNCTION,108,4,2,0
115.67580533027649,0.0,0.0,0.0,0.0,0.0,0.0,0.0,59,nan,nan,0,T_JUNCTION,108,4,2,0
115.69575929641724,0.0,0.0,0.0,0.0,0.0,0.0,0.0,59,nan,nan,0,T_JUNCTION,108,4,2,0
115.71576476097107,0.0,0.0,0.0,0.0,0.0,0.0,0.0,59,nan,nan,0,T_JUNCTION,108,4,2,0
115.73576068878174,0.0,0.0,0.0,0.0,0.0,0.0,0.0,59,nan,nan,0,T_JUNCTION,108,4,2,0
115.75582098960876,0.0,0.0,0.0,0.0,0.0,0.0,0.0,59,nan,nan,0,T_JUNCTION,108,4,2,0
115.7757887840271,0.0,0.0,0.0,0.0,0.0,0.0,0.0,59,nan,nan,0,T_JUNCTION,108,4,2,0
115.79577374458313,0.0,0.0,0.0,0.0,0.0,0.0,0.0,59,nan,nan,0,T_JUNCTION,108,4,2,0
115.81576347351074,0.0,0.0,0.0,0.0,0.0,0.0,0.0,59,nan,nan,0,T_JUNCTION,108,4,2,0
115.83575487136841,0.0,0.0,0.0,0.0,0.0,0.0,0.0,59,nan,nan,0,T_JUNCTION,108,4,2,0
115.85576963424683,0.0,0.0,0.0,0.0,0.0,0.0,0.0,59,nan,nan,0,T_JUNCTION,108,4,2,0
115.87579774856567,0.0,0.0,0.0,0.0,0.0,0.0,0.0,59,nan,nan,0,T_JUNCTION,108,4,2,0
115.89577865600586,0.0,0.0,0.0,0.0,0.0,0.0,0.0,59,nan,nan,0,T_JUNCTION,108,4,2,0
115.91575908660889,0.0,0.0,0.0,0.0,0.0,0.0,0.0,59,nan,nan,0,T_JUNCTION,108,4,2,0
115.93576502799988,0.0,0.0,0.0,0.0,0.0,0.0,0.0,59,nan,nan,0,T_JUNCTION,108,4,2,0
115.95576047897339,0.0,0.0,0.0,0.0,0.0,0.0,0.0,59,nan,nan,0,T_JUNCTION,108,4,2,0
115.97578883171082,0.0,0.0,0.0,0.0,0.0,0.0,0.0,59,nan,nan,0,T_JUNCTION,108,4,2,0
115.99576759338379,0.0,0.0,0.0,0.0,0.0,0.0,0.0,59,nan,nan,0,T_JUNCTION,108,4,2,0
116.01578378677368,0.0,0.0,0.0,0.0,0.0,0.0,0.0,59,nan,nan,0,T_JUNCTION,108,4,2,0
116.03578472137451,0.0,0.0,0.0,0.0,0.0,0.0,0.0,59,nan,nan,0,T_JUNCTION,108,4,2,0
116.05578780174255,0.0,0.0,0.0,0.0,0.0,0.0,0.0,59,nan,nan,0,T_JUNCTION,108,4,2,0
116.07579493522644,0.0,0.0,0.0,0.0,0.0,0.0,0.0,59,nan,nan,0,T_JUNCTION,108,4,2,0
116.09578657150269,0.0,0.0,0.0,0.0,0.0,0.0,0.0,59,nan,nan,0,T_JUNCTION,108,4,2,0
116.1157636642456,0.0,0.0,0.0,0.0,0.0,0.0,0.0,59,nan,nan,0,T_JUNCTION,108,4,2,0
116.13575577735901,0.0,0.0,0.0,0.0,0.0,0.0,0.0,59,nan,nan,0,T_JUNCTION,108,4,2,0
116.15578365325928,0.0,0.0,0.0,0.0,0.0,0.0,0.0,59,nan,nan,0,T_JUNCTION,108,4,2,0
116.17580199241638,0.0,0.0,0.0,0.0,0.0,0.0,0.0,59,nan,nan,0,T_JUNCTION,108,4,2,0
116.19576358795166,0.0,0.0,0.0,0.0,0.0,0.0,0.0,59,nan,nan,0,T_JUNCTION,108,4,2,0
116.21576356887817,0.0,0.0,0.0,0.0,0.0,0.0,0.0,59,nan,nan,0,T_JUNCTION,108,4,2,0
116.23576331138611,0.0,0.0,0.0,0.0,0.0,0.0,0.0,59,nan,nan,0,T_JUNCTION,108,4,2,0
116.25577807426453,0.0,0.0,0.0,0.0,0.0,0.0,0.0,59,nan,nan,0,T_JUNCTION,108,4,2,0
116.2757875919342,0.0,0.0,0.0,0.0,0.0,0.0,0.0,59,nan,nan,0,T_JUNCTION,108,4,2,0
116.29577827453613,0.0,0.0,0.0,0.0,0.0,0.0,0.0,59,nan,nan,0,T_JUNCTION,108,4,2,0
116.31579399108887,0.0,0.0,0.0,0.0,0.0,0.0,0.0,59,nan,nan,0,T_JUNCTION,108,4,2,0
116.33577275276184,0.0,0.0,0.0,0.0,0.0,0.0,0.0,59,nan,nan,0,T_JUNCTION,108,4,2,0
116.35575652122498,0.0,0.0,0.0,0.0,0.0,0.0,0.0,59,nan,nan,0,T_JUNCTION,108,4,2,0
116.3758237361908,0.0,0.0,0.0,0.0,0.0,0.0,0.0,59,nan,nan,0,T_JUNCTION,108,4,2,0
116.39579224586487,0.0,0.0,0.0,0.0,0.0,0.0,0.0,59,nan,nan,0,T_JUNCTION,108,4,2,0
116.41575479507446,0.0,0.0,0.0,0.0,0.0,0.0,0.0,59,nan,nan,0,T_JUNCTION,108,4,2,0
116.43576431274414,0.0,0.0,0.0,0.0,0.0,0.0,0.0,59,nan,nan,0,T_JUNCTION,108,4,2,0
116.4557876586914,0.0,0.0,0.0,0.0,0.0,0.0,0.0,59,nan,nan,0,T_JUNCTION,108,4,2,0
116.47578310966492,0.0,0.0,0.0,0.0,0.0,0.0,0.0,59,nan,nan,0,T_JUNCTION,108,4,2,0
116.49577569961548,0.0,0.0,0.0,0.0,0.0,0.0,0.0,59,nan,nan,0,T_JUNCTION,108,4,2,0
116.51577425003052,0.0,0.0,0.0,0.0,0.0,0.0,0.0,59,nan,nan,0,T_JUNCTION,108,4,2,0
116.53577256202698,0.0,0.0,0.0,0.0,0.0,0.0,0.0,59,nan,nan,0,T_JUNCTION,108,4,2,0
116.55577492713928,0.0,0.0,0.0,0.0,0.0,0.0,0.0,59,nan,nan,0,T_JUNCTION,108,4,2,0
116.57579493522644,0.0,0.0,0.0,0.0,0.0,0.0,0.0,59,nan,nan,0,T_JUNCTION,108,4,2,0
116.5957932472229,0.0,0.0,0.0,0.0,0.0,0.0,0.0,59,nan,nan,0,T_JUNCTION,108,4,2,0
116.61577367782593,0.0,0.0,0.0,0.0,0.0,0.0,0.0,59,nan,nan,0,T_JUNCTION,108,4,2,0
116.63578915596008,0.0,0.0,0.0,0.0,0.0,0.0,0.0,59,nan,nan,0,T_JUNCTION,108,4,2,0
116.65575814247131,0.0,0.0,0.0,0.0,0.0,0.0,0.0,59,nan,nan,0,T_JUNCTION,108,4,2,0
116.67585945129395,0.0,0.0,0.0,0.0,0.0,0.0,0.0,59,nan,nan,0,T_JUNCTION,108,4,2,0
116.69577074050903,0.0,0.0,0.0,0.0,0.0,0.0,0.0,59,nan,nan,0,T_JUNCTION,108,4,2,0
116.71577596664429,0.0,0.0,0.0,0.0,0.0,0.0,0.0,59,nan,nan,0,T_JUNCTION,108,4,2,0
116.73577904701233,0.0,0.0,0.0,0.0,0.0,0.0,0.0,59,nan,nan,0,T_JUNCTION,108,4,2,0
116.75577211380005,0.0,0.0,0.0,0.0,0.0,0.0,0.0,59,nan,nan,0,T_JUNCTION,108,4,2,0
116.7757797241211,0.0,0.0,0.0,0.0,0.0,0.0,0.0,59,nan,nan,0,T_JUNCTION,108,4,2,0
116.7957718372345,0.0,0.0,0.0,0.0,0.0,0.0,0.0,59,nan,nan,0,T_JUNCTION,108,4,2,0
116.81577348709106,0.0,0.0,0.0,0.0,0.0,0.0,0.0,59,nan,nan,0,T_JUNCTION,108,4,2,0
116.8357720375061,0.0,0.0,0.0,0.0,0.0,0.0,0.0,59,nan,nan,0,T_JUNCTION,108,4,2,0
116.8557801246643,0.0,0.0,0.0,0.0,0.0,0.0,0.0,59,nan,nan,0,T_JUNCTION,108,4,2,0
116.87579226493835,0.0,0.0,0.0,0.0,0.0,0.0,0.0,59,nan,nan,0,T_JUNCTION,108,4,2,0
116.89576268196106,0.0,0.0,0.0,0.0,0.0,0.0,0.0,59,nan,nan,0,T_JUNCTION,108,4,2,0
116.91577053070068,0.0,0.0,0.0,0.0,0.0,0.0,0.0,59,nan,nan,0,T_JUNCTION,108,4,2,0
116.93577527999878,0.0,0.0,0.0,0.0,0.0,0.0,0.0,59,nan,nan,0,T_JUNCTION,108,4,2,0
116.9557695388794,0.0,0.0,0.0,0.0,0.0,0.0,0.0,59,nan,nan,0,T_JUNCTION,108,4,2,0
116.97576570510864,0.0,0.0,0.0,0.0,0.0,0.0,0.0,59,nan,nan,0,T_JUNCTION,108,4,2,0
116.99577760696411,0.0,0.0,0.0,0.0,0.0,0.0,0.0,59,nan,nan,0,T_JUNCTION,108,4,2,0
117.01576614379883,0.0,0.0,0.0,0.0,0.0,0.0,0.0,59,nan,nan,0,T_JUNCTION,108,4,2,0
117.03575491905212,0.0,0.0,0.0,0.0,0.0,0.0,0.0,59,nan,nan,0,T_JUNCTION,108,4,2,0
117.05577278137207,0.0,0.0,0.0,0.0,0.0,0.0,0.0,59,nan,nan,0,T_JUNCTION,108,4,2,0
117.0757703781128,0.0,0.0,0.0,0.0,0.0,0.0,0.0,59,nan,nan,0,T_JUNCTION,108,4,2,0
117.09577894210815,0.0,0.0,0.0,0.0,0.0,0.0,0.0,59,nan,nan,0,T_JUNCTION,108,4,2,0
117.11576223373413,0.0,0.0,0.0,0.0,0.0,0.0,0.0,59,nan,nan,0,T_JUNCTION,108,4,2,0
117.13576316833496,0.0,0.0,0.0,0.0,0.0,0.0,0.0,59,nan,nan,0,T_JUNCTION,108,4,2,0
117.1557788848877,0.0,0.0,0.0,0.0,0.0,0.0,0.0,59,nan,nan,0,T_JUNCTION,108,4,2,0
117.17580008506775,0.0,0.0,0.0,0.0,0.0,0.0,0.0,59,nan,nan,0,T_JUNCTION,108,4,2,0
117.19577550888062,0.0,0.0,0.0,0.0,0.0,0.0,0.0,59,nan,nan,0,T_JUNCTION,108,4,2,0
117.21576046943665,0.0,0.0,0.0,0.0,0.0,0.0,0.0,59,nan,nan,0,T_JUNCTION,108,4,2,0
117.23576354980469,0.0,0.0,0.0,0.0,0.0,0.0,0.0,59,nan,nan,0,T_JUNCTION,108,4,2,0
117.25578689575195,0.0,0.0,0.0,0.0,0.0,0.0,0.0,59,nan,nan,0,T_JUNCTION,108,4,2,0
117.27577519416809,0.0,0.0,0.0,0.0,0.0,0.0,0.0,59,nan,nan,0,T_JUNCTION,108,4,2,0
117.29583716392517,0.0,0.0,0.0,0.0,0.0,0.0,0.0,59,nan,nan,0,T_JUNCTION,108,4,2,0
117.3157639503479,0.0,0.0,0.0,0.0,0.0,0.0,0.0,59,nan,nan,0,T_JUNCTION,108,4,2,0
117.33576369285583,0.0,0.0,0.0,0.0,0.0,0.0,0.0,59,nan,nan,0,T_JUNCTION,108,4,2,0
117.35576272010803,0.0,0.0,0.0,0.0,0.0,0.0,0.0,59,nan,nan,0,T_JUNCTION,108,4,2,0
117.37577795982361,0.0,0.0,0.0,0.0,0.0,0.0,0.0,59,nan,nan,0,T_JUNCTION,108,4,2,0
117.39577388763428,0.0,0.0,0.0,0.0,0.0,0.0,0.0,59,nan,nan,0,T_JUNCTION,108,4,2,0
117.41576671600342,0.0,0.0,0.0,0.0,0.0,0.0,0.0,59,nan,nan,0,T_JUNCTION,108,4,2,0
117.43577337265015,0.0,0.0,0.0,0.0,0.0,0.0,0.0,59,nan,nan,0,T_JUNCTION,108,4,2,0
117.45579838752747,0.0,0.0,0.0,0.0,0.0,0.0,0.0,59,nan,nan,0,T_JUNCTION,108,4,2,0
117.4757969379425,0.0,0.0,0.0,0.0,0.0,0.0,0.0,59,nan,nan,0,T_JUNCTION,108,4,2,0
117.49576210975647,0.0,0.0,0.0,0.0,0.0,0.0,0.0,59,nan,nan,0,T_JUNCTION,108,4,2,0
117.51576375961304,0.0,0.0,0.0,0.0,0.0,0.0,0.0,59,nan,nan,0,T_JUNCTION,108,4,2,0
117.53576898574829,0.0,0.0,0.0,0.0,0.0,0.0,0.0,59,nan,nan,0,T_JUNCTION,108,4,2,0
117.55576252937317,0.0,0.0,0.0,0.0,0.0,0.0,0.0,59,nan,nan,0,T_JUNCTION,108,4,2,0
117.57577133178711,0.0,0.0,0.0,0.0,0.0,0.0,0.0,59,nan,nan,0,T_JUNCTION,108,4,2,0
117.59578895568848,0.0,0.0,0.0,0.0,0.0,0.0,0.0,59,nan,nan,0,T_JUNCTION,108,4,2,0
117.61576581001282,0.0,0.0,0.0,0.0,0.0,0.0,0.0,59,nan,nan,0,T_JUNCTION,108,4,2,0
117.6357626914978,0.0,0.0,0.0,0.0,0.0,0.0,0.0,59,nan,nan,0,T_JUNCTION,108,4,2,0
117.65576386451721,0.0,0.0,0.0,0.0,0.0,0.0,0.0,59,nan,nan,0,T_JUNCTION,108,4,2,0
117.67577648162842,0.0,0.0,0.0,0.0,0.0,0.0,0.0,59,nan,nan,0,T_JUNCTION,108,4,2,0
117.6957905292511,0.0,0.0,0.0,0.0,0.0,0.0,0.0,59,nan,nan,0,T_JUNCTION,108,4,2,0
117.71577000617981,0.0,0.0,0.0,0.0,0.0,0.0,0.0,59,nan,nan,0,T_JUNCTION,108,4,2,0
117.73578190803528,0.0,0.0,0.0,0.0,0.0,0.0,0.0,59,nan,nan,0,T_JUNCTION,108,4,2,0
117.75577187538147,0.0,0.0,0.0,0.0,0.0,0.0,0.0,59,nan,nan,0,T_JUNCTION,108,4,2,0
117.77578473091125,0.0,0.0,0.0,0.0,0.0,0.0,0.0,59,nan,nan,0,T_JUNCTION,108,4,2,0
117.79575538635254,0.0,0.0,0.0,0.0,0.0,0.0,0.0,59,nan,nan,0,T_JUNCTION,108,4,2,0
117.81576299667358,0.0,0.0,0.0,0.0,0.0,0.0,0.0,59,nan,nan,0,T_JUNCTION,108,4,2,0
117.83576822280884,0.0,0.0,0.0,0.0,0.0,0.0,0.0,59,nan,nan,0,T_JUNCTION,108,4,2,0
117.85575842857361,0.0,0.0,0.0,0.0,0.0,0.0,0.0,59,nan,nan,0,T_JUNCTION,108,4,2,0
117.8757860660553,0.0,0.0,0.0,0.0,0.0,0.0,0.0,59,nan,nan,0,T_JUNCTION,108,4,2,0
117.8957908153534,0.0,0.0,0.0,0.0,0.0,0.0,0.0,59,nan,nan,0,T_JUNCTION,108,4,2,0
117.91580533981323,0.0,0.0,0.0,0.0,0.0,0.0,0.0,59,nan,nan,0,T_JUNCTION,108,4,2,0
117.93578100204468,0.0,0.0,0.0,0.0,0.0,0.0,0.0,59,nan,nan,0,T_JUNCTION,108,4,2,0
117.95577478408813,0.0,0.0,0.0,0.0,0.0,0.0,0.0,59,nan,nan,0,T_JUNCTION,108,4,2,0
117.97579884529114,0.0,0.0,0.0,0.0,0.0,0.0,0.0,59,nan,nan,0,T_JUNCTION,108,4,2,0
117.99578166007996,0.0,0.0,0.0,0.0,0.0,0.0,0.0,59,nan,nan,0,T_JUNCTION,108,4,2,0
118.01578116416931,0.0,0.0,0.0,0.0,0.0,0.0,0.0,59,nan,nan,0,T_JUNCTION,108,4,2,0
118.03577184677124,0.0,0.0,0.0,0.0,0.0,0.0,0.0,59,nan,nan,0,T_JUNCTION,108,4,2,0
118.05577397346497,0.0,0.0,0.0,0.0,0.0,0.0,0.0,59,nan,nan,0,T_JUNCTION,108,4,2,0
118.07578134536743,0.0,0.0,0.0,0.0,0.0,0.0,0.0,59,nan,nan,0,T_JUNCTION,108,4,2,0
118.09578657150269,0.0,0.0,0.0,0.0,0.0,0.0,0.0,59,nan,nan,0,T_JUNCTION,108,4,2,0
118.11578011512756,0.0,0.0,0.0,0.0,0.0,0.0,0.0,59,nan,nan,0,T_JUNCTION,108,4,2,0
118.13577461242676,0.0,0.0,0.0,0.0,0.0,0.0,0.0,59,nan,nan,0,T_JUNCTION,108,4,2,0
118.15577864646912,0.0,0.0,0.0,0.0,0.0,0.0,0.0,59,nan,nan,0,T_JUNCTION,108,4,2,0
118.17578864097595,0.0,0.0,0.0,0.0,0.0,0.0,0.0,59,nan,nan,0,T_JUNCTION,108,4,2,0
118.1957745552063,0.0,0.0,0.0,0.0,0.0,0.0,0.0,59,nan,nan,0,T_JUNCTION,108,4,2,0
118.21576833724976,0.0,0.0,0.0,0.0,0.0,0.0,0.0,59,nan,nan,0,T_JUNCTION,108,4,2,0
118.23575639724731,0.0,0.0,0.0,0.0,0.0,0.0,0.0,59,nan,nan,0,T_JUNCTION,108,4,2,0
118.2557783126831,0.0,0.0,0.0,0.0,0.0,0.0,0.0,59,nan,nan,0,T_JUNCTION,108,4,2,0
118.27582120895386,0.0,0.0,0.0,0.0,0.0,0.0,0.0,59,nan,nan,0,T_JUNCTION,108,4,2,0
118.29581570625305,0.0,0.0,0.0,0.0,0.0,0.0,0.0,59,nan,nan,0,T_JUNCTION,108,4,2,0
118.31578516960144,0.0,0.0,0.0,0.0,0.0,0.0,0.0,59,nan,nan,0,T_JUNCTION,108,4,2,0
118.33576154708862,0.0,0.0,0.0,0.0,0.0,0.0,0.0,59,nan,nan,0,T_JUNCTION,108,4,2,0
118.35576725006104,0.0,0.0,0.0,0.0,0.0,0.0,0.0,59,nan,nan,0,T_JUNCTION,108,4,2,0
118.3757872581482,0.0,0.0,0.0,0.0,0.0,0.0,0.0,59,nan,nan,0,T_JUNCTION,108,4,2,0
118.39576625823975,0.0,0.0,0.0,0.0,0.0,0.0,0.0,59,nan,nan,0,T_JUNCTION,108,4,2,0
118.41578555107117,0.0,0.0,0.0,0.0,0.0,0.0,0.0,59,nan,nan,0,T_JUNCTION,108,4,2,0
118.4357750415802,0.0,0.0,0.0,0.0,0.0,0.0,0.0,59,nan,nan,0,T_JUNCTION,108,4,2,0
118.45578980445862,0.0,0.0,0.0,0.0,0.0,0.0,0.0,59,nan,nan,0,T_JUNCTION,108,4,2,0
118.47579884529114,0.0,0.0,0.0,0.0,0.0,0.0,0.0,59,nan,nan,0,T_JUNCTION,108,4,2,0
118.49583220481873,0.0,0.0,0.0,0.0,0.0,0.0,0.0,59,nan,nan,0,T_JUNCTION,108,4,2,0
118.5157675743103,0.0,0.0,0.0,0.0,0.0,0.0,0.0,59,nan,nan,0,T_JUNCTION,108,4,2,0
118.5357620716095,0.0,0.0,0.0,0.0,0.0,0.0,0.0,59,nan,nan,0,T_JUNCTION,108,4,2,0
118.5557656288147,0.0,0.0,0.0,0.0,0.0,0.0,0.0,59,nan,nan,0,T_JUNCTION,108,4,2,0
118.5757884979248,0.0,0.0,0.0,0.0,0.0,0.0,0.0,59,nan,nan,0,T_JUNCTION,108,4,2,0
118.59578967094421,0.0,0.0,0.0,0.0,0.0,0.0,0.0,59,nan,nan,0,T_JUNCTION,108,4,2,0
118.61576890945435,0.0,0.0,0.0,0.0,0.0,0.0,0.0,59,nan,nan,0,T_JUNCTION,108,4,2,0
118.63576292991638,0.0,0.0,0.0,0.0,0.0,0.0,0.0,59,nan,nan,0,T_JUNCTION,108,4,2,0
118.6558165550232,0.0,0.0,0.0,0.0,0.0,0.0,0.0,59,nan,nan,0,T_JUNCTION,108,4,2,0
118.6757881641388,0.0,0.0,0.0,0.0,0.0,0.0,0.0,59,nan,nan,0,T_JUNCTION,108,4,2,0
118.69577717781067,0.0,0.0,0.0,0.0,0.0,0.0,0.0,59,nan,nan,0,T_JUNCTION,108,4,2,0
118.71578121185303,0.0,0.0,0.0,0.0,0.0,0.0,0.0,59,nan,nan,0,T_JUNCTION,108,4,2,0
118.73577451705933,0.0,0.0,0.0,0.0,0.0,0.0,0.0,59,nan,nan,0,T_JUNCTION,108,4,2,0
118.7558159828186,0.0,0.0,0.0,0.0,0.0,0.0,0.0,59,nan,nan,0,T_JUNCTION,108,4,2,0
118.77580714225769,0.0,0.0,0.0,0.0,0.0,0.0,0.0,59,nan,nan,0,T_JUNCTION,108,4,2,0
118.79579496383667,0.0,0.0,0.0,0.0,0.0,0.0,0.0,59,nan,nan,0,T_JUNCTION,108,4,2,0
118.81576490402222,0.0,0.0,0.0,0.0,0.0,0.0,0.0,59,nan,nan,0,T_JUNCTION,108,4,2,0
118.83577036857605,0.0,0.0,0.0,0.0,0.0,0.0,0.0,59,nan,nan,0,T_JUNCTION,108,4,2,0
118.85575866699219,0.0,0.0,0.0,0.0,0.0,0.0,0.0,59,nan,nan,0,T_JUNCTION,108,4,2,0
118.87578630447388,0.0,0.0,0.0,0.0,0.0,0.0,0.0,59,nan,nan,0,T_JUNCTION,108,4,2,0
118.8957633972168,0.0,0.0,0.0,0.0,0.0,0.0,0.0,59,nan,nan,0,T_JUNCTION,108,4,2,0
118.91577363014221,0.0,0.0,0.0,0.0,0.0,0.0,0.0,59,nan,nan,0,T_JUNCTION,108,4,2,0
118.93577337265015,0.0,0.0,0.0,0.0,0.0,0.0,0.0,59,nan,nan,0,T_JUNCTION,108,4,2,0
118.95577144622803,0.0,0.0,0.0,0.0,0.0,0.0,0.0,59,nan,nan,0,T_JUNCTION,108,4,2,0
118.9757776260376,0.0,0.0,0.0,0.0,0.0,0.0,0.0,59,nan,nan,0,T_JUNCTION,108,4,2,0
118.99577450752258,0.0,0.0,0.0,0.0,0.0,0.0,0.0,59,nan,nan,0,T_JUNCTION,108,4,2,0
119.01577305793762,0.0,0.0,0.0,0.0,0.0,0.0,0.0,59,nan,nan,0,T_JUNCTION,108,4,2,0
119.03576970100403,0.0,0.0,0.0,0.0,0.0,0.0,0.0,59,nan,nan,0,T_JUNCTION,108,4,2,0
119.05576038360596,0.0,0.0,0.0,0.0,0.0,0.0,0.0,59,nan,nan,0,T_JUNCTION,108,4,2,0
119.07580661773682,0.0,0.0,0.0,0.0,0.0,0.0,0.0,59,nan,nan,0,T_JUNCTION,108,4,2,0
119.09578728675842,0.0,0.0,0.0,0.0,0.0,0.0,0.0,59,nan,nan,0,T_JUNCTION,108,4,2,0
119.11576890945435,0.0,0.0,0.0,0.0,0.0,0.0,0.0,59,nan,nan,0,T_JUNCTION,108,4,2,0
119.13577699661255,0.0,0.0,0.0,0.0,0.0,0.0,0.0,59,nan,nan,0,T_JUNCTION,108,4,2,0
119.15577101707458,0.0,0.0,0.0,0.0,0.0,0.0,0.0,59,nan,nan,0,T_JUNCTION,108,4,2,0
119.17577981948853,0.0,0.0,0.0,0.0,0.0,0.0,0.0,59,nan,nan,0,T_JUNCTION,108,4,2,0
119.19577431678772,0.0,0.0,0.0,0.0,0.0,0.0,0.0,59,nan,nan,0,T_JUNCTION,108,4,2,0
119.21577429771423,0.0,0.0,0.0,0.0,0.0,0.0,0.0,59,nan,nan,0,T_JUNCTION,108,4,2,0
119.23577451705933,0.0,0.0,0.0,0.0,0.0,0.0,0.0,59,nan,nan,0,T_JUNCTION,108,4,2,0
119.25577425956726,0.0,0.0,0.0,0.0,0.0,0.0,0.0,59,nan,nan,0,T_JUNCTION,108,4,2,0
119.27577042579651,0.0,0.0,0.0,0.0,0.0,0.0,0.0,59,nan,nan,0,T_JUNCTION,108,4,2,0
119.29576253890991,0.0,0.0,0.0,0.0,0.0,0.0,0.0,59,nan,nan,0,T_JUNCTION,108,4,2,0
119.3157410621643,0.0,0.0,0.0,0.0,0.0,0.0,0.0,59,nan,nan,0,T_JUNCTION,108,4,2,0
119.3357663154602,0.0,0.0,0.0,0.0,0.0,0.0,0.0,59,nan,nan,0,T_JUNCTION,108,4,2,0
119.3557562828064,0.0,0.0,0.0,0.0,0.0,0.0,0.0,59,nan,nan,0,T_JUNCTION,108,4,2,0
119.3757836818695,0.0,0.0,0.0,0.0,0.0,0.0,0.0,59,nan,nan,0,T_JUNCTION,108,4,2,0
119.39577126502991,0.0,0.0,0.0,0.0,0.0,0.0,0.0,59,nan,nan,0,T_JUNCTION,108,4,2,0
119.41577911376953,0.0,0.0,0.0,0.0,0.0,0.0,0.0,59,nan,nan,0,T_JUNCTION,108,4,2,0
119.43577408790588,0.0,0.0,0.0,0.0,0.0,0.0,0.0,59,nan,nan,0,T_JUNCTION,108,4,2,0
119.45577907562256,0.0,0.0,0.0,0.0,0.0,0.0,0.0,59,nan,nan,0,T_JUNCTION,108,4,2,0
119.47579550743103,0.0,0.0,0.0,0.0,0.0,0.0,0.0,59,nan,nan,0,T_JUNCTION,108,4,2,0
119.49576783180237,0.0,0.0,0.0,0.0,0.0,0.0,0.0,59,nan,nan,0,T_JUNCTION,108,4,2,0
119.51575565338135,0.0,0.0,0.0,0.0,0.0,0.0,0.0,59,nan,nan,0,T_JUNCTION,108,4,2,0
119.53576326370239,0.0,0.0,0.0,0.0,0.0,0.0,0.0,59,nan,nan,0,T_JUNCTION,108,4,2,0
119.55576276779175,0.0,0.0,0.0,0.0,0.0,0.0,0.0,59,nan,nan,0,T_JUNCTION,108,4,2,0
119.57578158378601,0.0,0.0,0.0,0.0,0.0,0.0,0.0,59,nan,nan,0,T_JUNCTION,108,4,2,0
119.59577083587646,0.0,0.0,0.0,0.0,0.0,0.0,0.0,59,nan,nan,0,T_JUNCTION,108,4,2,0
119.61577606201172,0.0,0.0,0.0,0.0,0.0,0.0,0.0,59,nan,nan,0,T_JUNCTION,108,4,2,0
119.63577222824097,0.0,0.0,0.0,0.0,0.0,0.0,0.0,59,nan,nan,0,T_JUNCTION,108,4,2,0
119.65577626228333,0.0,0.0,0.0,0.0,0.0,0.0,0.0,59,nan,nan,0,T_JUNCTION,108,4,2,0
119.6758120059967,0.0,0.0,0.0,0.0,0.0,0.0,0.0,59,nan,nan,0,T_JUNCTION,108,4,2,0
119.69579434394836,0.0,0.0,0.0,0.0,0.0,0.0,0.0,59,nan,nan,0,T_JUNCTION,108,4,2,0
119.71575498580933,0.0,0.0,0.0,0.0,0.0,0.0,0.0,59,nan,nan,0,T_JUNCTION,108,4,2,0
119.73576402664185,0.0,0.0,0.0,0.0,0.0,0.0,0.0,59,nan,nan,0,T_JUNCTION,108,4,2,0
119.75577473640442,0.0,0.0,0.0,0.0,0.0,0.0,0.0,59,nan,nan,0,T_JUNCTION,108,4,2,0
119.77575707435608,0.0,0.0,0.0,0.0,0.0,0.0,0.0,59,nan,nan,0,T_JUNCTION,108,4,2,0
119.79578018188477,0.0,0.0,0.0,0.0,0.0,0.0,0.0,59,nan,nan,0,T_JUNCTION,108,4,2,0
119.81576347351074,0.0,0.0,0.0,0.0,0.0,0.0,0.0,59,nan,nan,0,T_JUNCTION,108,4,2,0
119.83578252792358,0.0,0.0,0.0,0.0,0.0,0.0,0.0,59,nan,nan,0,T_JUNCTION,108,4,2,0
119.85577607154846,0.0,0.0,0.0,0.0,0.0,0.0,0.0,59,nan,nan,0,T_JUNCTION,108,4,2,0
119.8757860660553,0.0,0.0,0.0,0.0,0.0,0.0,0.0,59,nan,nan,0,T_JUNCTION,108,4,2,0
119.89576745033264,0.0,0.0,0.0,0.0,0.0,0.0,0.0,59,nan,nan,0,T_JUNCTION,108,4,2,0
119.91575837135315,0.0,0.0,0.0,0.0,0.0,0.0,0.0,59,nan,nan,0,T_JUNCTION,108,4,2,0
119.93578314781189,0.0,0.0,0.0,0.0,0.0,0.0,0.0,59,nan,nan,0,T_JUNCTION,108,4,2,0
119.95576691627502,0.0,0.0,0.0,0.0,0.0,0.0,0.0,59,nan,nan,0,T_JUNCTION,108,4,2,0
119.97576236724854,0.0,0.0,0.0,0.0,0.0,0.0,0.0,59,nan,nan,0,T_JUNCTION,108,4,2,0
119.99577355384827,0.0,0.0,0.0,0.0,0.0,0.0,0.0,59,nan,nan,0,T_JUNCTION,108,4,2,0
120.0157732963562,0.0,0.0,0.0,0.0,0.0,0.0,0.0,59,nan,nan,0,T_JUNCTION,108,4,2,0
120.03576421737671,0.0,0.0,0.0,0.0,0.0,0.0,0.0,59,nan,nan,0,T_JUNCTION,108,4,2,0
120.05579733848572,0.0,0.0,0.0,0.0,0.0,0.0,0.0,59,nan,nan,0,T_JUNCTION,108,4,2,0
120.07577657699585,0.0,0.0,0.0,0.0,0.0,0.0,0.0,59,nan,nan,0,T_JUNCTION,108,4,2,0
120.09579014778137,0.0,0.0,0.0,0.0,0.0,0.0,0.0,59,nan,nan,0,T_JUNCTION,108,4,2,0
120.11576390266418,0.0,0.0,0.0,0.0,0.0,0.0,0.0,59,nan,nan,0,T_JUNCTION,108,4,2,0
120.13575387001038,0.0,0.0,0.0,0.0,0.0,0.0,0.0,59,nan,nan,0,T_JUNCTION,108,4,2,0
120.15575623512268,0.0,0.0,0.0,0.0,0.0,0.0,0.0,59,nan,nan,0,T_JUNCTION,108,4,2,0
120.17577481269836,0.0,0.0,0.0,0.0,0.0,0.0,0.0,59,nan,nan,0,T_JUNCTION,108,4,2,0
120.19576120376587,0.0,0.0,0.0,0.0,0.0,0.0,0.0,59,nan,nan,0,T_JUNCTION,108,4,2,0
120.21578073501587,0.0,0.0,0.0,0.0,0.0,0.0,0.0,59,nan,nan,0,T_JUNCTION,108,4,2,0
120.23576331138611,0.0,0.0,0.0,0.0,0.0,0.0,0.0,59,nan,nan,0,T_JUNCTION,108,4,2,0
120.25577855110168,0.0,0.0,0.0,0.0,0.0,0.0,0.0,59,nan,nan,0,T_JUNCTION,108,4,2,0
120.2757740020752,0.0,0.0,0.0,0.0,0.0,0.0,0.0,59,nan,nan,0,T_JUNCTION,108,4,2,0
120.29581427574158,0.0,0.0,0.0,0.0,0.0,0.0,0.0,59,nan,nan,0,T_JUNCTION,108,4,2,0
120.31576347351074,0.0,0.0,0.0,0.0,0.0,0.0,0.0,59,nan,nan,0,T_JUNCTION,108,4,2,0
120.33575510978699,0.0,0.0,0.0,0.0,0.0,0.0,0.0,59,nan,nan,0,T_JUNCTION,108,4,2,0
120.35577893257141,0.0,0.0,0.0,0.0,0.0,0.0,0.0,59,nan,nan,0,T_JUNCTION,108,4,2,0
120.37575721740723,0.0,0.0,0.0,0.0,0.0,0.0,0.0,59,nan,nan,0,T_JUNCTION,108,4,2,0
120.39576125144958,0.0,0.0,0.0,0.0,0.0,0.0,0.0,59,nan,nan,0,T_JUNCTION,108,4,2,0
120.41576552391052,0.0,0.0,0.0,0.0,0.0,0.0,0.0,59,nan,nan,0,T_JUNCTION,108,4,2,0
120.43576431274414,0.0,0.0,0.0,0.0,0.0,0.0,0.0,59,nan,nan,0,T_JUNCTION,108,4,2,0
120.45579385757446,0.0,0.0,0.0,0.0,0.0,0.0,0.0,59,nan,nan,0,T_JUNCTION,108,4,2,0
120.47577095031738,0.0,0.0,0.0,0.0,0.0,0.0,0.0,59,nan,nan,0,T_JUNCTION,108,4,2,0
120.49578094482422,0.0,0.0,0.0,0.0,0.0,0.0,0.0,59,nan,nan,0,T_JUNCTION,108,4,2,0
120.51576232910156,0.0,0.0,0.0,0.0,0.0,0.0,0.0,59,nan,nan,0,T_JUNCTION,108,4,2,0
120.5357654094696,0.0,0.0,0.0,0.0,0.0,0.0,0.0,59,nan,nan,0,T_JUNCTION,108,4,2,0
120.55577397346497,0.0,0.0,0.0,0.0,0.0,0.0,0.0,59,nan,nan,0,T_JUNCTION,108,4,2,0
120.57578420639038,0.0,0.0,0.0,0.0,0.0,0.0,0.0,59,nan,nan,0,T_JUNCTION,108,4,2,0
120.59576725959778,0.0,0.0,0.0,0.0,0.0,0.0,0.0,59,nan,nan,0,T_JUNCTION,108,4,2,0
120.61576223373413,0.0,0.0,0.0,0.0,0.0,0.0,0.0,59,nan,nan,0,T_JUNCTION,108,4,2,0
120.63575959205627,0.0,0.0,0.0,0.0,0.0,0.0,0.0,59,nan,nan,0,T_JUNCTION,108,4,2,0
120.65578150749207,0.0,0.0,0.0,0.0,0.0,0.0,0.0,59,nan,nan,0,T_JUNCTION,108,4,2,0
120.67578625679016,0.0,0.0,0.0,0.0,0.0,0.0,0.0,59,nan,nan,0,T_JUNCTION,108,4,2,0
120.69577717781067,0.0,0.0,0.0,0.0,0.0,0.0,0.0,59,nan,nan,0,T_JUNCTION,108,4,2,0
120.71577477455139,0.0,0.0,0.0,0.0,0.0,0.0,0.0,59,nan,nan,0,T_JUNCTION,108,4,2,0
120.73577237129211,0.0,0.0,0.0,0.0,0.0,0.0,0.0,59,nan,nan,0,T_JUNCTION,108,4,2,0
120.75578093528748,0.0,0.0,0.0,0.0,0.0,0.0,0.0,59,nan,nan,0,T_JUNCTION,108,4,2,0
120.77577137947083,0.0,0.0,0.0,0.0,0.0,0.0,0.0,59,nan,nan,0,T_JUNCTION,108,4,2,0
120.7957592010498,0.0,0.0,0.0,0.0,0.0,0.0,0.0,59,nan,nan,0,T_JUNCTION,108,4,2,0
120.81576418876648,0.0,0.0,0.0,0.0,0.0,0.0,0.0,59,nan,nan,0,T_JUNCTION,108,4,2,0
120.83576369285583,0.0,0.0,0.0,0.0,0.0,0.0,0.0,59,nan,nan,0,T_JUNCTION,108,4,2,0
120.85578727722168,0.0,0.0,0.0,0.0,0.0,0.0,0.0,59,nan,nan,0,T_JUNCTION,108,4,2,0
120.87577486038208,0.0,0.0,0.0,0.0,0.0,0.0,0.0,59,nan,nan,0,T_JUNCTION,108,4,2,0
120.89577126502991,0.0,0.0,0.0,0.0,0.0,0.0,0.0,59,nan,nan,0,T_JUNCTION,108,4,2,0
120.91577506065369,0.0,0.0,0.0,0.0,0.0,0.0,0.0,59,nan,nan,0,T_JUNCTION,108,4,2,0
120.93578314781189,0.0,0.0,0.0,0.0,0.0,0.0,0.0,59,nan,nan,0,T_JUNCTION,108,4,2,0
120.9557728767395,0.0,0.0,0.0,0.0,0.0,0.0,0.0,59,nan,nan,0,T_JUNCTION,108,4,2,0
120.97577381134033,0.0,0.0,0.0,0.0,0.0,0.0,0.0,59,nan,nan,0,T_JUNCTION,108,4,2,0
120.99577641487122,0.0,0.0,0.0,0.0,0.0,0.0,0.0,59,nan,nan,0,T_JUNCTION,108,4,2,0
121.01575517654419,0.0,0.0,0.0,0.0,0.0,0.0,0.0,59,nan,nan,0,T_JUNCTION,108,4,2,0
121.03575992584229,0.0,0.0,0.0,0.0,0.0,0.0,0.0,59,nan,nan,0,T_JUNCTION,108,4,2,0
121.05577421188354,0.0,0.0,0.0,0.0,0.0,0.0,0.0,59,nan,nan,0,T_JUNCTION,108,4,2,0
121.07576322555542,0.0,0.0,0.0,0.0,0.0,0.0,0.0,59,nan,nan,0,T_JUNCTION,108,4,2,0
121.0958354473114,0.0,0.0,0.0,0.0,0.0,0.0,0.0,59,nan,nan,0,T_JUNCTION,108,4,2,0
121.11574840545654,0.0,0.0,0.0,0.0,0.0,0.0,0.0,59,nan,nan,0,T_JUNCTION,108,4,2,0
121.1357958316803,0.0,0.0,0.0,0.0,0.0,0.0,0.0,59,nan,nan,0,T_JUNCTION,108,4,2,0
121.15586256980896,0.0,0.0,0.0,0.0,0.0,0.0,0.0,59,nan,nan,0,T_JUNCTION,108,4,2,0
121.17588639259338,0.0,0.0,0.0,0.0,0.0,0.0,0.0,59,nan,nan,0,T_JUNCTION,108,4,2,0
121.19588971138,0.0,0.0,0.0,0.0,0.0,0.0,0.0,59,nan,nan,0,T_JUNCTION,108,4,2,0
121.21576738357544,0.0,0.0,0.0,0.0,0.0,0.0,0.0,59,nan,nan,0,T_JUNCTION,108,4,2,0
121.23580241203308,0.0,0.0,0.0,0.0,0.0,0.0,0.0,59,nan,nan,0,T_JUNCTION,108,4,2,0
121.25583553314209,0.0,0.0,0.0,0.0,0.0,0.0,0.0,59,nan,nan,0,T_JUNCTION,108,4,2,0
121.27594947814941,0.0,0.0,0.0,0.0,0.0,0.0,0.0,59,nan,nan,0,T_JUNCTION,108,4,2,0
121.2958996295929,0.0,0.0,0.0,0.0,0.0,0.0,0.0,59,nan,nan,0,T_JUNCTION,108,4,2,0
121.31576156616211,0.0,0.0,0.0,0.0,0.0,0.0,0.0,59,nan,nan,0,T_JUNCTION,108,4,2,0
121.33577418327332,0.0,0.0,0.0,0.0,0.0,0.0,0.0,59,nan,nan,0,T_JUNCTION,108,4,2,0
121.35576629638672,0.0,0.0,0.0,0.0,0.0,0.0,0.0,59,nan,nan,0,T_JUNCTION,108,4,2,0
121.37593102455139,0.0,0.0,0.0,0.0,0.0,0.0,0.0,59,nan,nan,0,T_JUNCTION,108,4,2,0
121.39581108093262,0.0,0.0,0.0,0.0,0.0,0.0,0.0,59,nan,nan,0,T_JUNCTION,108,4,2,0
121.41591811180115,0.0,0.0,0.0,0.0,0.0,0.0,0.0,59,nan,nan,0,T_JUNCTION,108,4,2,0
121.43592047691345,0.0,0.0,0.0,0.0,0.0,0.0,0.0,59,nan,nan,0,T_JUNCTION,108,4,2,0
121.45590782165527,0.0,0.0,0.0,0.0,0.0,0.0,0.0,59,nan,nan,0,T_JUNCTION,108,4,2,0
121.47588562965393,0.0,0.0,0.0,0.0,0.0,0.0,0.0,59,nan,nan,0,T_JUNCTION,108,4,2,0
121.49590635299683,0.0,0.0,0.0,0.0,0.0,0.0,0.0,59,nan,nan,0,T_JUNCTION,108,4,2,0
121.5157790184021,0.0,0.0,0.0,0.0,0.0,0.0,0.0,59,nan,nan,0,T_JUNCTION,108,4,2,0
121.53583931922913,0.0,0.0,0.0,0.0,0.0,0.0,0.0,59,nan,nan,0,T_JUNCTION,108,4,2,0
121.55580592155457,0.0,0.0,0.0,0.0,0.0,0.0,0.0,59,nan,nan,0,T_JUNCTION,108,4,2,0
121.57581639289856,0.0,0.0,0.0,0.0,0.0,0.0,0.0,59,nan,nan,0,T_JUNCTION,108,4,2,0
121.59580159187317,0.0,0.0,0.0,0.0,0.0,0.0,0.0,59,nan,nan,0,T_JUNCTION,108,4,2,0
121.6157717704773,0.0,0.0,0.0,0.0,0.0,0.0,0.0,59,nan,nan,0,T_JUNCTION,108,4,2,0
121.63581395149231,0.0,0.0,0.0,0.0,0.0,0.0,0.0,59,nan,nan,0,T_JUNCTION,108,4,2,0
121.65586137771606,0.0,0.0,0.0,0.0,0.0,0.0,0.0,59,nan,nan,0,T_JUNCTION,108,4,2,0
121.67580461502075,0.0,0.0,0.0,0.0,0.0,0.0,0.0,59,nan,nan,0,T_JUNCTION,108,4,2,0
121.69578647613525,0.0,0.0,0.0,0.0,0.0,0.0,0.0,59,nan,nan,0,T_JUNCTION,108,4,2,0
121.71577167510986,0.0,0.0,0.0,0.0,0.0,0.0,0.0,59,nan,nan,0,T_JUNCTION,108,4,2,0
121.73579287528992,0.0,0.0,0.0,0.0,0.0,0.0,0.0,59,nan,nan,0,T_JUNCTION,108,4,2,0
121.75586795806885,0.0,0.0,0.0,0.0,0.0,0.0,0.0,59,nan,nan,0,T_JUNCTION,108,4,2,0
121.77579617500305,0.0,0.0,0.0,0.0,0.0,0.0,0.0,59,nan,nan,0,T_JUNCTION,108,4,2,0
121.79579591751099,0.0,0.0,0.0,0.0,0.0,0.0,0.0,59,nan,nan,0,T_JUNCTION,108,4,2,0
121.81577944755554,0.0,0.0,0.0,0.0,0.0,0.0,0.0,59,nan,nan,0,T_JUNCTION,108,4,2,0
121.835862159729,0.0,0.0,0.0,0.0,0.0,0.0,0.0,59,nan,nan,0,T_JUNCTION,108,4,2,0
121.85590958595276,0.0,0.0,0.0,0.0,0.0,0.0,0.0,59,nan,nan,0,T_JUNCTION,108,4,2,0
121.87588906288147,0.0,0.0,0.0,0.0,0.0,0.0,0.0,59,nan,nan,0,T_JUNCTION,108,4,2,0
122.09723687171936,0.0,0.0,0.0,0.0,0.0,0.0,0.0,59,nan,nan,0,T_JUNCTION,108,4,2,0
122.11580014228821,0.0,0.0,0.0,0.0,0.0,0.0,0.0,59,nan,nan,0,T_JUNCTION,108,4,2,0
122.13579750061035,0.0,0.0,0.0,0.0,0.0,0.0,0.0,59,nan,nan,0,T_JUNCTION,108,4,2,0
122.15582203865051,0.0,0.0,0.0,0.0,0.0,0.0,0.0,59,nan,nan,0,T_JUNCTION,108,4,2,0
122.17596435546875,0.0,0.0,0.0,0.0,0.0,0.0,0.0,59,nan,nan,0,T_JUNCTION,108,4,2,0
122.19586873054504,0.0,0.0,0.0,0.0,0.0,0.0,0.0,59,nan,nan,0,T_JUNCTION,108,4,2,0
122.21577405929565,0.0,0.0,0.0,0.0,0.0,0.0,0.0,59,nan,nan,0,T_JUNCTION,108,4,2,0
122.2357702255249,0.0,0.0,0.0,0.0,0.0,0.0,0.0,59,nan,nan,0,T_JUNCTION,108,4,2,0
122.25581049919128,0.0,0.0,0.0,0.0,0.0,0.0,0.0,59,nan,nan,0,T_JUNCTION,108,4,2,0
122.27586388587952,0.0,0.0,0.0,0.0,0.0,0.0,0.0,59,nan,nan,0,T_JUNCTION,108,4,2,0
122.29581117630005,0.0,0.0,0.0,0.0,0.0,0.0,0.0,59,nan,nan,0,T_JUNCTION,108,4,2,0
122.31577706336975,0.0,0.0,0.0,0.0,0.0,0.0,0.0,59,nan,nan,0,T_JUNCTION,108,4,2,0
122.33578729629517,0.0,0.0,0.0,0.0,0.0,0.0,0.0,59,nan,nan,0,T_JUNCTION,108,4,2,0
122.3558120727539,0.0,0.0,0.0,0.0,0.0,0.0,0.0,59,nan,nan,0,T_JUNCTION,108,4,2,0
122.37591576576233,0.0,0.0,0.0,0.0,0.0,0.0,0.0,59,nan,nan,0,T_JUNCTION,108,4,2,0
122.39578294754028,0.0,0.0,0.0,0.0,0.0,0.0,0.0,59,nan,nan,0,T_JUNCTION,108,4,2,0
122.41578936576843,0.0,0.0,0.0,0.0,0.0,0.0,0.0,59,nan,nan,0,T_JUNCTION,108,4,2,0
122.43587231636047,0.0,0.0,0.0,0.0,0.0,0.0,0.0,59,nan,nan,0,T_JUNCTION,108,4,2,0
122.45596361160278,0.0,0.0,0.0,0.0,0.0,0.0,0.0,59,nan,nan,0,T_JUNCTION,108,4,2,0
122.47578835487366,0.0,0.0,0.0,0.0,0.0,0.0,0.0,59,nan,nan,0,T_JUNCTION,108,4,2,0
122.49578428268433,0.0,0.0,0.0,0.0,0.0,0.0,0.0,59,nan,nan,0,T_JUNCTION,108,4,2,0
122.51578783988953,0.0,0.0,0.0,0.0,0.0,0.0,0.0,59,nan,nan,0,T_JUNCTION,108,4,2,0
122.53577542304993,0.0,0.0,0.0,0.0,0.0,0.0,0.0,59,nan,nan,0,T_JUNCTION,108,4,2,0
122.55588245391846,0.0,0.0,0.0,0.0,0.0,0.0,0.0,59,nan,nan,0,T_JUNCTION,108,4,2,0
122.57586598396301,0.0,0.0,0.0,0.0,0.0,0.0,0.0,59,nan,nan,0,T_JUNCTION,108,4,2,0
122.59579610824585,0.0,0.0,0.0,0.0,0.0,0.0,0.0,59,nan,nan,0,T_JUNCTION,108,4,2,0
122.61577892303467,0.0,0.0,0.0,0.0,0.0,0.0,0.0,59,nan,nan,0,T_JUNCTION,108,4,2,0
122.63578987121582,0.0,0.0,0.0,0.0,0.0,0.0,0.0,59,nan,nan,0,T_JUNCTION,108,4,2,0
122.65584659576416,0.0,0.0,0.0,0.0,0.0,0.0,0.0,59,nan,nan,0,T_JUNCTION,108,4,2,0
122.67585825920105,0.0,0.0,0.0,0.0,0.0,0.0,0.0,59,nan,nan,0,T_JUNCTION,108,4,2,0
122.6958270072937,0.0,0.0,0.0,0.0,0.0,0.0,0.0,59,nan,nan,0,T_JUNCTION,108,4,2,0
122.71577453613281,0.0,0.0,0.0,0.0,0.0,0.0,0.0,59,nan,nan,0,T_JUNCTION,108,4,2,0
122.73579502105713,0.0,0.0,0.0,0.0,0.0,0.0,0.0,59,nan,nan,0,T_JUNCTION,108,4,2,0
122.75580215454102,0.0,0.0,0.0,0.0,0.0,0.0,0.0,59,nan,nan,0,T_JUNCTION,108,4,2,0
122.77580189704895,0.0,0.0,0.0,0.0,0.0,0.0,0.0,59,nan,nan,0,T_JUNCTION,108,4,2,0
122.79582524299622,0.0,0.0,0.0,0.0,0.0,0.0,0.0,59,nan,nan,0,T_JUNCTION,108,4,2,0
122.81580972671509,0.0,0.0,0.0,0.0,0.0,0.0,0.0,59,nan,nan,0,T_JUNCTION,108,4,2,0
122.83582592010498,0.0,0.0,0.0,0.0,0.0,0.0,0.0,59,nan,nan,0,T_JUNCTION,108,4,2,0
122.85585856437683,0.0,0.0,0.0,0.0,0.0,0.0,0.0,59,nan,nan,0,T_JUNCTION,108,4,2,0
122.87581658363342,0.0,0.0,0.0,0.0,0.0,0.0,0.0,59,nan,nan,0,T_JUNCTION,108,4,2,0
122.89579820632935,0.0,0.0,0.0,0.0,0.0,0.0,0.0,59,nan,nan,0,T_JUNCTION,108,4,2,0
122.91572332382202,0.0,0.0,0.0,0.0,0.0,0.0,0.0,59,nan,nan,0,T_JUNCTION,108,4,2,0
122.93577098846436,0.0,0.0,0.0,0.0,0.0,0.0,0.0,59,nan,nan,0,T_JUNCTION,108,4,2,0
122.95642733573914,0.0,0.0,0.0,0.0,0.0,0.0,0.0,59,nan,nan,0,T_JUNCTION,108,4,2,0
122.97591972351074,0.0,0.0,0.0,0.0,0.0,0.0,0.0,59,nan,nan,0,T_JUNCTION,108,4,2,0
122.99589705467224,0.0,0.0,0.0,0.0,0.0,0.0,0.0,59,nan,nan,0,T_JUNCTION,108,4,2,0
123.015780210495,0.0,0.0,0.0,0.0,0.0,0.0,0.0,59,nan,nan,0,T_JUNCTION,108,4,2,0
123.03588509559631,0.0,0.0,0.0,0.0,0.0,0.0,0.0,59,nan,nan,0,T_JUNCTION,108,4,2,0
123.05589628219604,0.0,0.0,0.0,0.0,0.0,0.0,0.0,59,nan,nan,0,T_JUNCTION,108,4,2,0
123.07603096961975,0.0,0.0,0.0,0.0,0.0,0.0,0.0,59,nan,nan,0,T_JUNCTION,108,4,2,0
123.09604024887085,0.0,0.0,0.0,0.0,0.0,0.0,0.0,59,nan,nan,0,T_JUNCTION,108,4,2,0
123.11592650413513,0.0,0.0,0.0,0.0,0.0,0.0,0.0,59,nan,nan,0,T_JUNCTION,108,4,2,0
123.13609838485718,0.0,0.0,0.0,0.0,0.0,0.0,0.0,59,nan,nan,0,T_JUNCTION,108,4,2,0
123.15606594085693,0.0,0.0,0.0,0.0,0.0,0.0,0.0,59,nan,nan,0,T_JUNCTION,108,4,2,0
123.17589735984802,0.0,0.0,0.0,0.0,0.0,0.0,0.0,59,nan,nan,0,T_JUNCTION,108,4,2,0
123.19586610794067,0.0,0.0,0.0,0.0,0.0,0.0,0.0,59,nan,nan,0,T_JUNCTION,108,4,2,0
123.21582269668579,0.0,0.0,0.0,0.0,0.0,0.0,0.0,59,nan,nan,0,T_JUNCTION,108,4,2,0
123.23581957817078,0.0,0.0,0.0,0.0,0.0,0.0,0.0,59,nan,nan,0,T_JUNCTION,108,4,2,0
123.25584173202515,0.0,0.0,0.0,0.0,0.0,0.0,0.0,59,nan,nan,0,T_JUNCTION,108,4,2,0
123.27582716941833,0.0,0.0,0.0,0.0,0.0,0.0,0.0,59,nan,nan,0,T_JUNCTION,108,4,2,0
123.29586744308472,0.0,0.0,0.0,0.0,0.0,0.0,0.0,59,nan,nan,0,T_JUNCTION,108,4,2,0
123.31578803062439,0.0,0.0,0.0,0.0,0.0,0.0,0.0,59,nan,nan,0,T_JUNCTION,108,4,2,0
123.33581686019897,0.0,0.0,0.0,0.0,0.0,0.0,0.0,59,nan,nan,0,T_JUNCTION,108,4,2,0
123.35581302642822,0.0,0.0,0.0,0.0,0.0,0.0,0.0,59,nan,nan,0,T_JUNCTION,108,4,2,0
123.37595796585083,0.0,0.0,0.0,0.0,0.0,0.0,0.0,59,nan,nan,0,T_JUNCTION,108,4,2,0
123.39582872390747,0.0,0.0,0.0,0.0,0.0,0.0,0.0,59,nan,nan,0,T_JUNCTION,108,4,2,0
123.4158284664154,0.0,0.0,0.0,0.0,0.0,0.0,0.0,59,nan,nan,0,T_JUNCTION,108,4,2,0
123.43582129478455,0.0,0.0,0.0,0.0,0.0,0.0,0.0,59,nan,nan,0,T_JUNCTION,108,4,2,0
123.45587015151978,0.0,0.0,0.0,0.0,0.0,0.0,0.0,59,nan,nan,0,T_JUNCTION,108,4,2,0
123.47584199905396,0.0,0.0,0.0,0.0,0.0,0.0,0.0,59,nan,nan,0,T_JUNCTION,108,4,2,0
123.49588871002197,0.0,0.0,0.0,0.0,0.0,0.0,0.0,59,nan,nan,0,T_JUNCTION,108,4,2,0
123.51577019691467,0.0,0.0,0.0,0.0,0.0,0.0,0.0,59,nan,nan,0,T_JUNCTION,108,4,2,0
123.53592157363892,0.0,0.0,0.0,0.0,0.0,0.0,0.0,59,nan,nan,0,T_JUNCTION,108,4,2,0
123.55591058731079,0.0,0.0,0.0,0.0,0.0,0.0,0.0,59,nan,nan,0,T_JUNCTION,108,4,2,0
123.5758273601532,0.0,0.0,0.0,0.0,0.0,0.0,0.0,59,nan,nan,0,T_JUNCTION,108,4,2,0
123.59582948684692,0.0,0.0,0.0,0.0,0.0,0.0,0.0,59,nan,nan,0,T_JUNCTION,108,4,2,0
123.61577653884888,0.0,0.0,0.0,0.0,0.0,0.0,0.0,59,nan,nan,0,T_JUNCTION,108,4,2,0
123.63581037521362,0.0,0.0,0.0,0.0,0.0,0.0,0.0,59,nan,nan,0,T_JUNCTION,108,4,2,0
123.65586256980896,0.0,0.0,0.0,0.0,0.0,0.0,0.0,59,nan,nan,0,T_JUNCTION,108,4,2,0
123.67581152915955,0.0,0.0,0.0,0.0,0.0,0.0,0.0,59,nan,nan,0,T_JUNCTION,108,4,2,0
123.69584202766418,0.0,0.0,0.0,0.0,0.0,0.0,0.0,59,nan,nan,0,T_JUNCTION,108,4,2,0
123.71580743789673,0.0,0.0,0.0,0.0,0.0,0.0,0.0,59,nan,nan,0,T_JUNCTION,108,4,2,0
123.73583841323853,0.0,0.0,0.0,0.0,0.0,0.0,0.0,59,nan,nan,0,T_JUNCTION,108,4,2,0
123.75586199760437,0.0,0.0,0.0,0.0,0.0,0.0,0.0,59,nan,nan,0,T_JUNCTION,108,4,2,0
123.77589964866638,0.0,0.0,0.0,0.0,0.0,0.0,0.0,59,nan,nan,0,T_JUNCTION,108,4,2,0
123.79583597183228,0.0,0.0,0.0,0.0,0.0,0.0,0.0,59,nan,nan,0,T_JUNCTION,108,4,2,0
123.81580257415771,0.0,0.0,0.0,0.0,0.0,0.0,0.0,59,nan,nan,0,T_JUNCTION,108,4,2,0
123.83582854270935,0.0,0.0,0.0,0.0,0.0,0.0,0.0,59,nan,nan,0,T_JUNCTION,108,4,2,0
123.85591125488281,0.0,0.0,0.0,0.0,0.0,0.0,0.0,59,nan,nan,0,T_JUNCTION,108,4,2,0
123.87593531608582,0.0,0.0,0.0,0.0,0.0,0.0,0.0,59,nan,nan,0,T_JUNCTION,108,4,2,0
123.8958945274353,0.0,0.0,0.0,0.0,0.0,0.0,0.0,59,nan,nan,0,T_JUNCTION,108,4,2,0
123.91586256027222,0.0,0.0,0.0,0.0,0.0,0.0,0.0,59,nan,nan,0,T_JUNCTION,108,4,2,0
123.93595957756042,0.0,0.0,0.0,0.0,0.0,0.0,0.0,59,nan,nan,0,T_JUNCTION,108,4,2,0
123.95590329170227,0.0,0.0,0.0,0.0,0.0,0.0,0.0,59,nan,nan,0,T_JUNCTION,108,4,2,0
123.97591757774353,0.0,0.0,0.0,0.0,0.0,0.0,0.0,59,nan,nan,0,T_JUNCTION,108,4,2,0
123.99591112136841,0.0,0.0,0.0,0.0,0.0,0.0,0.0,59,nan,nan,0,T_JUNCTION,108,4,2,0
124.0158474445343,0.0,0.0,0.0,0.0,0.0,0.0,0.0,59,nan,nan,0,T_JUNCTION,108,4,2,0
124.03599143028259,0.0,0.0,0.0,0.0,0.0,0.0,0.0,59,nan,nan,0,T_JUNCTION,108,4,2,0
124.05588102340698,0.0,0.0,0.0,0.0,0.0,0.0,0.0,59,nan,nan,0,T_JUNCTION,108,4,2,0
124.07575964927673,0.0,0.0,0.0,0.0,0.0,0.0,0.0,59,nan,nan,0,T_JUNCTION,108,4,2,0
124.09578537940979,0.0,0.0,0.0,0.0,0.0,0.0,0.0,59,nan,nan,0,T_JUNCTION,108,4,2,0
124.1157910823822,0.0,0.0,0.0,0.0,0.0,0.0,0.0,59,nan,nan,0,T_JUNCTION,108,4,2,0
124.13576817512512,0.0,0.0,0.0,0.0,0.0,0.0,0.0,59,nan,nan,0,T_JUNCTION,108,4,2,0
124.1557867527008,0.0,0.0,0.0,0.0,0.0,0.0,0.0,59,nan,nan,0,T_JUNCTION,108,4,2,0
124.17576026916504,0.0,0.0,0.0,0.0,0.0,0.0,0.0,59,nan,nan,0,T_JUNCTION,108,4,2,0
124.19576454162598,0.0,0.0,0.0,0.0,0.0,0.0,0.0,59,nan,nan,0,T_JUNCTION,108,4,2,0
124.21578407287598,0.0,0.0,0.0,0.0,0.0,0.0,0.0,59,nan,nan,0,T_JUNCTION,108,4,2,0
124.23578429222107,0.0,0.0,0.0,0.0,0.0,0.0,0.0,59,nan,nan,0,T_JUNCTION,108,4,2,0
124.25579810142517,0.0,0.0,0.0,0.0,0.0,0.0,0.0,59,nan,nan,0,T_JUNCTION,108,4,2,0
124.27576923370361,0.0,0.0,0.0,0.0,0.0,0.0,0.0,59,nan,nan,0,T_JUNCTION,108,4,2,0
124.29580092430115,0.0,0.0,0.0,0.0,0.0,0.0,0.0,59,nan,nan,0,T_JUNCTION,108,4,2,0
124.31578540802002,0.0,0.0,0.0,0.0,0.0,0.0,0.0,59,nan,nan,0,T_JUNCTION,108,4,2,0
124.33575868606567,0.0,0.0,0.0,0.0,0.0,0.0,0.0,59,nan,nan,0,T_JUNCTION,108,4,2,0
124.35579562187195,0.0,0.0,0.0,0.0,0.0,0.0,0.0,59,nan,nan,0,T_JUNCTION,108,4,2,0
124.37576985359192,0.0,0.0,0.0,0.0,0.0,0.0,0.0,59,nan,nan,0,T_JUNCTION,108,4,2,0
124.3957724571228,0.0,0.0,0.0,0.0,0.0,0.0,0.0,59,nan,nan,0,T_JUNCTION,108,4,2,0
124.41579413414001,0.0,0.0,0.0,0.0,0.0,0.0,0.0,59,nan,nan,0,T_JUNCTION,108,4,2,0
124.43576765060425,0.0,0.0,0.0,0.0,0.0,0.0,0.0,59,nan,nan,0,T_JUNCTION,108,4,2,0
124.45582008361816,0.0,0.0,0.0,0.0,0.0,0.0,0.0,59,nan,nan,0,T_JUNCTION,108,4,2,0
124.47576570510864,0.0,0.0,0.0,0.0,0.0,0.0,0.0,59,nan,nan,0,T_JUNCTION,108,4,2,0
124.49579954147339,0.0,0.0,0.0,0.0,0.0,0.0,0.0,59,nan,nan,0,T_JUNCTION,108,4,2,0
124.51575946807861,0.0,0.0,0.0,0.0,0.0,0.0,0.0,59,nan,nan,0,T_JUNCTION,108,4,2,0
124.53576803207397,0.0,0.0,0.0,0.0,0.0,0.0,0.0,59,nan,nan,0,T_JUNCTION,108,4,2,0
124.55577325820923,0.0,0.0,0.0,0.0,0.0,0.0,0.0,59,nan,nan,0,T_JUNCTION,108,4,2,0
124.57575678825378,0.0,0.0,0.0,0.0,0.0,0.0,0.0,59,nan,nan,0,T_JUNCTION,108,4,2,0
124.59576654434204,0.0,0.0,0.0,0.0,0.0,0.0,0.0,59,nan,nan,0,T_JUNCTION,108,4,2,0
124.61577582359314,0.0,0.0,0.0,0.0,0.0,0.0,0.0,59,nan,nan,0,T_JUNCTION,108,4,2,0
124.63577461242676,0.0,0.0,0.0,0.0,0.0,0.0,0.0,59,nan,nan,0,T_JUNCTION,108,4,2,0
124.65586805343628,0.0,0.0,0.0,0.0,0.0,0.0,0.0,59,nan,nan,0,T_JUNCTION,108,4,2,0
124.67578840255737,0.0,0.0,0.0,0.0,0.0,0.0,0.0,59,nan,nan,0,T_JUNCTION,108,4,2,0
124.69578099250793,0.0,0.0,0.0,0.0,0.0,0.0,0.0,59,nan,nan,0,T_JUNCTION,108,4,2,0
124.7157633304596,0.0,0.0,0.0,0.0,0.0,0.0,0.0,59,nan,nan,0,T_JUNCTION,108,4,2,0
124.73575782775879,0.0,0.0,0.0,0.0,0.0,0.0,0.0,59,nan,nan,0,T_JUNCTION,108,4,2,0
124.75585627555847,0.0,0.0,0.0,0.0,0.0,0.0,0.0,59,nan,nan,0,T_JUNCTION,108,4,2,0
124.77577495574951,0.0,0.0,0.0,0.0,0.0,0.0,0.0,59,nan,nan,0,T_JUNCTION,108,4,2,0
124.79577231407166,0.0,0.0,0.0,0.0,0.0,0.0,0.0,59,nan,nan,0,T_JUNCTION,108,4,2,0
124.81577372550964,0.0,0.0,0.0,0.0,0.0,0.0,0.0,59,nan,nan,0,T_JUNCTION,108,4,2,0
124.83578610420227,0.0,0.0,0.0,0.0,0.0,0.0,0.0,59,nan,nan,0,T_JUNCTION,108,4,2,0
124.855801820755,0.0,0.0,0.0,0.0,0.0,0.0,0.0,59,nan,nan,0,T_JUNCTION,108,4,2,0
124.8757700920105,0.0,0.0,0.0,0.0,0.0,0.0,0.0,59,nan,nan,0,T_JUNCTION,108,4,2,0
124.8957576751709,0.0,0.0,0.0,0.0,0.0,0.0,0.0,59,nan,nan,0,T_JUNCTION,108,4,2,0
124.91576671600342,0.0,0.0,0.0,0.0,0.0,0.0,0.0,59,nan,nan,0,T_JUNCTION,108,4,2,0
124.9357659816742,0.0,0.0,0.0,0.0,0.0,0.0,0.0,59,nan,nan,0,T_JUNCTION,108,4,2,0
124.95579838752747,0.0,0.0,0.0,0.0,0.0,0.0,0.0,59,nan,nan,0,T_JUNCTION,108,4,2,0
124.97576093673706,0.0,0.0,0.0,0.0,0.0,0.0,0.0,59,nan,nan,0,T_JUNCTION,108,4,2,0
124.99577140808105,0.0,0.0,0.0,0.0,0.0,0.0,0.0,59,nan,nan,0,T_JUNCTION,108,4,2,0
125.01577353477478,0.0,0.0,0.0,0.0,0.0,0.0,0.0,59,nan,nan,0,T_JUNCTION,108,4,2,0
125.03577518463135,0.0,0.0,0.0,0.0,0.0,0.0,0.0,59,nan,nan,0,T_JUNCTION,108,4,2,0
125.05581736564636,0.0,0.0,0.0,0.0,0.0,0.0,0.0,59,nan,nan,0,T_JUNCTION,108,4,2,0
125.07576298713684,0.0,0.0,0.0,0.0,0.0,0.0,0.0,59,nan,nan,0,T_JUNCTION,108,4,2,0
125.0957760810852,0.0,0.0,0.0,0.0,0.0,0.0,0.0,59,nan,nan,0,T_JUNCTION,108,4,2,0
125.11576223373413,0.0,0.0,0.0,0.0,0.0,0.0,0.0,59,nan,nan,0,T_JUNCTION,108,4,2,0
125.13575959205627,0.0,0.0,0.0,0.0,0.0,0.0,0.0,59,nan,nan,0,T_JUNCTION,108,4,2,0
125.15580105781555,0.0,0.0,0.0,0.0,0.0,0.0,0.0,59,nan,nan,0,T_JUNCTION,108,4,2,0
125.1757652759552,0.0,0.0,0.0,0.0,0.0,0.0,0.0,59,nan,nan,0,T_JUNCTION,108,4,2,0
125.19576382637024,0.0,0.0,0.0,0.0,0.0,0.0,0.0,59,nan,nan,0,T_JUNCTION,108,4,2,0
125.21577787399292,0.0,0.0,0.0,0.0,0.0,0.0,0.0,59,nan,nan,0,T_JUNCTION,108,4,2,0
125.23577761650085,0.0,0.0,0.0,0.0,0.0,0.0,0.0,59,nan,nan,0,T_JUNCTION,108,4,2,0
125.25582194328308,0.0,0.0,0.0,0.0,0.0,0.0,0.0,59,nan,nan,0,T_JUNCTION,108,4,2,0
125.27579045295715,0.0,0.0,0.0,0.0,0.0,0.0,0.0,59,nan,nan,0,T_JUNCTION,108,4,2,0
125.29578876495361,0.0,0.0,0.0,0.0,0.0,0.0,0.0,59,nan,nan,0,T_JUNCTION,108,4,2,0
125.3157696723938,0.0,0.0,0.0,0.0,0.0,0.0,0.0,59,nan,nan,0,T_JUNCTION,108,4,2,0
125.33576703071594,0.0,0.0,0.0,0.0,0.0,0.0,0.0,59,nan,nan,0,T_JUNCTION,108,4,2,0
125.35579633712769,0.0,0.0,0.0,0.0,0.0,0.0,0.0,59,nan,nan,0,T_JUNCTION,108,4,2,0
125.37576341629028,0.0,0.0,0.0,0.0,0.0,0.0,0.0,59,nan,nan,0,T_JUNCTION,108,4,2,0
125.39576625823975,0.0,0.0,0.0,0.0,0.0,0.0,0.0,59,nan,nan,0,T_JUNCTION,108,4,2,0
125.41576743125916,0.0,0.0,0.0,0.0,0.0,0.0,0.0,59,nan,nan,0,T_JUNCTION,108,4,2,0
125.43576574325562,0.0,0.0,0.0,0.0,0.0,0.0,0.0,59,nan,nan,0,T_JUNCTION,108,4,2,0
125.45582437515259,0.0,0.0,0.0,0.0,0.0,0.0,0.0,59,nan,nan,0,T_JUNCTION,108,4,2,0
125.47577142715454,0.0,0.0,0.0,0.0,0.0,0.0,0.0,59,nan,nan,0,T_JUNCTION,108,4,2,0
125.49576544761658,0.0,0.0,0.0,0.0,0.0,0.0,0.0,59,nan,nan,0,T_JUNCTION,108,4,2,0
125.5157630443573,0.0,0.0,0.0,0.0,0.0,0.0,0.0,59,nan,nan,0,T_JUNCTION,108,4,2,0
125.53576469421387,0.0,0.0,0.0,0.0,0.0,0.0,0.0,59,nan,nan,0,T_JUNCTION,108,4,2,0
125.55579829216003,0.0,0.0,0.0,0.0,0.0,0.0,0.0,59,nan,nan,0,T_JUNCTION,108,4,2,0
125.57578229904175,0.0,0.0,0.0,0.0,0.0,0.0,0.0,59,nan,nan,0,T_JUNCTION,108,4,2,0
125.5957601070404,0.0,0.0,0.0,0.0,0.0,0.0,0.0,59,nan,nan,0,T_JUNCTION,108,4,2,0
125.61575508117676,0.0,0.0,0.0,0.0,0.0,0.0,0.0,59,nan,nan,0,T_JUNCTION,108,4,2,0
125.63576364517212,0.0,0.0,0.0,0.0,0.0,0.0,0.0,59,nan,nan,0,T_JUNCTION,108,4,2,0
125.65580749511719,0.0,0.0,0.0,0.0,0.0,0.0,0.0,59,nan,nan,0,T_JUNCTION,108,4,2,0
125.67580223083496,0.0,0.0,0.0,0.0,0.0,0.0,0.0,59,nan,nan,0,T_JUNCTION,108,4,2,0
125.69577097892761,0.0,0.0,0.0,0.0,0.0,0.0,0.0,59,nan,nan,0,T_JUNCTION,108,4,2,0
125.71576523780823,0.0,0.0,0.0,0.0,0.0,0.0,0.0,59,nan,nan,0,T_JUNCTION,108,4,2,0
125.735764503479,0.0,0.0,0.0,0.0,0.0,0.0,0.0,59,nan,nan,0,T_JUNCTION,108,4,2,0
125.75580430030823,0.0,0.0,0.0,0.0,0.0,0.0,0.0,59,nan,nan,0,T_JUNCTION,108,4,2,0
125.77577304840088,0.0,0.0,0.0,0.0,0.0,0.0,0.0,59,nan,nan,0,T_JUNCTION,108,4,2,0
125.79577851295471,0.0,0.0,0.0,0.0,0.0,0.0,0.0,59,nan,nan,0,T_JUNCTION,108,4,2,0
125.81575298309326,0.0,0.0,0.0,0.0,0.0,0.0,0.0,59,nan,nan,0,T_JUNCTION,108,4,2,0
125.83576655387878,0.0,0.0,0.0,0.0,0.0,0.0,0.0,59,nan,nan,0,T_JUNCTION,108,4,2,0
125.85583329200745,0.0,0.0,0.0,0.0,0.0,0.0,0.0,59,nan,nan,0,T_JUNCTION,108,4,2,0
125.87575793266296,0.0,0.0,0.0,0.0,0.0,0.0,0.0,59,nan,nan,0,T_JUNCTION,108,4,2,0
125.89577341079712,0.0,0.0,0.0,0.0,0.0,0.0,0.0,59,nan,nan,0,T_JUNCTION,108,4,2,0
125.91576385498047,0.0,0.0,0.0,0.0,0.0,0.0,0.0,59,nan,nan,0,T_JUNCTION,108,4,2,0
125.93576550483704,0.0,0.0,0.0,0.0,0.0,0.0,0.0,59,nan,nan,0,T_JUNCTION,108,4,2,0
125.95579934120178,0.0,0.0,0.0,0.0,0.0,0.0,0.0,59,nan,nan,0,T_JUNCTION,108,4,2,0
125.97576475143433,0.0,0.0,0.0,0.0,0.0,0.0,0.0,59,nan,nan,0,T_JUNCTION,108,4,2,0
125.99578022956848,0.0,0.0,0.0,0.0,0.0,0.0,0.0,59,nan,nan,0,T_JUNCTION,108,4,2,0
126.01577186584473,0.0,0.0,0.0,0.0,0.0,0.0,0.0,59,nan,nan,0,T_JUNCTION,108,4,2,0
126.03578686714172,0.0,0.0,0.0,0.0,0.0,0.0,0.0,59,nan,nan,0,T_JUNCTION,108,4,2,0
126.05581736564636,0.0,0.0,0.0,0.0,0.0,0.0,0.0,59,nan,nan,0,T_JUNCTION,108,4,2,0
126.07578372955322,0.0,0.0,0.0,0.0,0.0,0.0,0.0,59,nan,nan,0,T_JUNCTION,108,4,2,0
126.0957670211792,0.0,0.0,0.0,0.0,0.0,0.0,0.0,59,nan,nan,0,T_JUNCTION,108,4,2,0
126.11575627326965,0.0,0.0,0.0,0.0,0.0,0.0,0.0,59,nan,nan,0,T_JUNCTION,108,4,2,0
126.13576364517212,0.0,0.0,0.0,0.0,0.0,0.0,0.0,59,nan,nan,0,T_JUNCTION,108,4,2,0
126.15579533576965,0.0,0.0,0.0,0.0,0.0,0.0,0.0,59,nan,nan,0,T_JUNCTION,108,4,2,0
126.17577195167542,0.0,0.0,0.0,0.0,0.0,0.0,0.0,59,nan,nan,0,T_JUNCTION,108,4,2,0
126.19576978683472,0.0,0.0,0.0,0.0,0.0,0.0,0.0,59,nan,nan,0,T_JUNCTION,108,4,2,0
126.21577191352844,0.0,0.0,0.0,0.0,0.0,0.0,0.0,59,nan,nan,0,T_JUNCTION,108,4,2,0
126.23577833175659,0.0,0.0,0.0,0.0,0.0,0.0,0.0,59,nan,nan,0,T_JUNCTION,108,4,2,0
126.25581979751587,0.0,0.0,0.0,0.0,0.0,0.0,0.0,59,nan,nan,0,T_JUNCTION,108,4,2,0
126.27577066421509,0.0,0.0,0.0,0.0,0.0,0.0,0.0,59,nan,nan,0,T_JUNCTION,108,4,2,0
126.29581260681152,0.0,0.0,0.0,0.0,0.0,0.0,0.0,59,nan,nan,0,T_JUNCTION,108,4,2,0
126.31575727462769,0.0,0.0,0.0,0.0,0.0,0.0,0.0,59,nan,nan,0,T_JUNCTION,108,4,2,0
126.33576583862305,0.0,0.0,0.0,0.0,0.0,0.0,0.0,59,nan,nan,0,T_JUNCTION,108,4,2,0
126.35591959953308,0.0,0.0,0.0,0.0,0.0,0.0,0.0,59,nan,nan,0,T_JUNCTION,108,4,2,0
126.37575459480286,0.0,0.0,0.0,0.0,0.0,0.0,0.0,59,nan,nan,0,T_JUNCTION,108,4,2,0
126.39576315879822,0.0,0.0,0.0,0.0,0.0,0.0,0.0,59,nan,nan,0,T_JUNCTION,108,4,2,0
126.41576504707336,0.0,0.0,0.0,0.0,0.0,0.0,0.0,59,nan,nan,0,T_JUNCTION,108,4,2,0
126.43576645851135,0.0,0.0,0.0,0.0,0.0,0.0,0.0,59,nan,nan,0,T_JUNCTION,108,4,2,0
126.45583295822144,0.0,0.0,0.0,0.0,0.0,0.0,0.0,59,nan,nan,0,T_JUNCTION,108,4,2,0
126.47577905654907,0.0,0.0,0.0,0.0,0.0,0.0,0.0,59,nan,nan,0,T_JUNCTION,108,4,2,0
126.49578380584717,0.0,0.0,0.0,0.0,0.0,0.0,0.0,59,nan,nan,0,T_JUNCTION,108,4,2,0
126.51576781272888,0.0,0.0,0.0,0.0,0.0,0.0,0.0,59,nan,nan,0,T_JUNCTION,108,4,2,0
126.53576111793518,0.0,0.0,0.0,0.0,0.0,0.0,0.0,59,nan,nan,0,T_JUNCTION,108,4,2,0
126.55580687522888,0.0,0.0,0.0,0.0,0.0,0.0,0.0,59,nan,nan,0,T_JUNCTION,108,4,2,0
126.57575559616089,0.0,0.0,0.0,0.0,0.0,0.0,0.0,59,nan,nan,0,T_JUNCTION,108,4,2,0
126.59577798843384,0.0,0.0,0.0,0.0,0.0,0.0,0.0,59,nan,nan,0,T_JUNCTION,108,4,2,0
126.6157751083374,0.0,0.0,0.0,0.0,0.0,0.0,0.0,59,nan,nan,0,T_JUNCTION,108,4,2,0
126.6357958316803,0.0,0.0,0.0,0.0,0.0,0.0,0.0,59,nan,nan,0,T_JUNCTION,108,4,2,0
126.65580987930298,0.0,0.0,0.0,0.0,0.0,0.0,0.0,59,nan,nan,0,T_JUNCTION,108,4,2,0
126.67576241493225,0.0,0.0,0.0,0.0,0.0,0.0,0.0,59,nan,nan,0,T_JUNCTION,108,4,2,0
126.6957619190216,0.0,0.0,0.0,0.0,0.0,0.0,0.0,59,nan,nan,0,T_JUNCTION,108,4,2,0
126.71575880050659,0.0,0.0,0.0,0.0,0.0,0.0,0.0,59,nan,nan,0,T_JUNCTION,108,4,2,0
126.73577046394348,0.0,0.0,0.0,0.0,0.0,0.0,0.0,59,nan,nan,0,T_JUNCTION,108,4,2,0
126.75579905509949,0.0,0.0,0.0,0.0,0.0,0.0,0.0,59,nan,nan,0,T_JUNCTION,108,4,2,0
126.77575707435608,0.0,0.0,0.0,0.0,0.0,0.0,0.0,59,nan,nan,0,T_JUNCTION,108,4,2,0
126.79576778411865,0.0,0.0,0.0,0.0,0.0,0.0,0.0,59,nan,nan,0,T_JUNCTION,108,4,2,0
126.81579303741455,0.0,0.0,0.0,0.0,0.0,0.0,0.0,59,nan,nan,0,T_JUNCTION,108,4,2,0
126.83577752113342,0.0,0.0,0.0,0.0,0.0,0.0,0.0,59,nan,nan,0,T_JUNCTION,108,4,2,0
126.8558144569397,0.0,0.0,0.0,0.0,0.0,0.0,0.0,59,nan,nan,0,T_JUNCTION,108,4,2,0
126.87577390670776,0.0,0.0,0.0,0.0,0.0,0.0,0.0,59,nan,nan,0,T_JUNCTION,108,4,2,0
126.89578032493591,0.0,0.0,0.0,0.0,0.0,0.0,0.0,59,nan,nan,0,T_JUNCTION,108,4,2,0
126.91578149795532,0.0,0.0,0.0,0.0,0.0,0.0,0.0,59,nan,nan,0,T_JUNCTION,108,4,2,0
126.93577098846436,0.0,0.0,0.0,0.0,0.0,0.0,0.0,59,nan,nan,0,T_JUNCTION,108,4,2,0
126.95580387115479,0.0,0.0,0.0,0.0,0.0,0.0,0.0,59,nan,nan,0,T_JUNCTION,108,4,2,0
126.97576022148132,0.0,0.0,0.0,0.0,0.0,0.0,0.0,59,nan,nan,0,T_JUNCTION,108,4,2,0
126.99576711654663,0.0,0.0,0.0,0.0,0.0,0.0,0.0,59,nan,nan,0,T_JUNCTION,108,4,2,0
127.01576328277588,0.0,0.0,0.0,0.0,0.0,0.0,0.0,59,nan,nan,0,T_JUNCTION,108,4,2,0
127.03576755523682,0.0,0.0,0.0,0.0,0.0,0.0,0.0,59,nan,nan,0,T_JUNCTION,108,4,2,0
127.05582547187805,0.0,0.0,0.0,0.0,0.0,0.0,0.0,59,nan,nan,0,T_JUNCTION,108,4,2,0
127.07577419281006,0.0,0.0,0.0,0.0,0.0,0.0,0.0,59,nan,nan,0,T_JUNCTION,108,4,2,0
127.09578275680542,0.0,0.0,0.0,0.0,0.0,0.0,0.0,59,nan,nan,0,T_JUNCTION,108,4,2,0
127.11577820777893,0.0,0.0,0.0,0.0,0.0,0.0,0.0,59,nan,nan,0,T_JUNCTION,108,4,2,0
127.13577580451965,0.0,0.0,0.0,0.0,0.0,0.0,0.0,59,nan,nan,0,T_JUNCTION,108,4,2,0
127.15578651428223,0.0,0.0,0.0,0.0,0.0,0.0,0.0,59,nan,nan,0,T_JUNCTION,108,4,2,0
127.17575550079346,0.0,0.0,0.0,0.0,0.0,0.0,0.0,59,nan,nan,0,T_JUNCTION,108,4,2,0
127.19575548171997,0.0,0.0,0.0,0.0,0.0,0.0,0.0,59,nan,nan,0,T_JUNCTION,108,4,2,0
127.21576476097107,0.0,0.0,0.0,0.0,0.0,0.0,0.0,59,nan,nan,0,T_JUNCTION,108,4,2,0
127.23576617240906,0.0,0.0,0.0,0.0,0.0,0.0,0.0,59,nan,nan,0,T_JUNCTION,108,4,2,0
127.2557806968689,0.0,0.0,0.0,0.0,0.0,0.0,0.0,59,nan,nan,0,T_JUNCTION,108,4,2,0
127.2757773399353,0.0,0.0,0.0,0.0,0.0,0.0,0.0,59,nan,nan,0,T_JUNCTION,108,4,2,0
127.29582834243774,0.0,0.0,0.0,0.0,0.0,0.0,0.0,59,nan,nan,0,T_JUNCTION,108,4,2,0
127.31577706336975,0.0,0.0,0.0,0.0,0.0,0.0,0.0,59,nan,nan,0,T_JUNCTION,108,4,2,0
127.33577609062195,0.0,0.0,0.0,0.0,0.0,0.0,0.0,59,nan,nan,0,T_JUNCTION,108,4,2,0
127.35577154159546,0.0,0.0,0.0,0.0,0.0,0.0,0.0,59,nan,nan,0,T_JUNCTION,108,4,2,0
127.37577509880066,0.0,0.0,0.0,0.0,0.0,0.0,0.0,59,nan,nan,0,T_JUNCTION,108,4,2,0
127.39577603340149,0.0,0.0,0.0,0.0,0.0,0.0,0.0,59,nan,nan,0,T_JUNCTION,108,4,2,0
127.41575503349304,0.0,0.0,0.0,0.0,0.0,0.0,0.0,59,nan,nan,0,T_JUNCTION,108,4,2,0
127.43577241897583,0.0,0.0,0.0,0.0,0.0,0.0,0.0,59,nan,nan,0,T_JUNCTION,108,4,2,0
127.45579648017883,0.0,0.0,0.0,0.0,0.0,0.0,0.0,59,nan,nan,0,T_JUNCTION,108,4,2,0
127.47576785087585,0.0,0.0,0.0,0.0,0.0,0.0,0.0,59,nan,nan,0,T_JUNCTION,108,4,2,0
127.4958176612854,0.0,0.0,0.0,0.0,0.0,0.0,0.0,59,nan,nan,0,T_JUNCTION,108,4,2,0
127.5157642364502,0.0,0.0,0.0,0.0,0.0,0.0,0.0,59,nan,nan,0,T_JUNCTION,108,4,2,0
127.53577041625977,0.0,0.0,0.0,0.0,0.0,0.0,0.0,59,nan,nan,0,T_JUNCTION,108,4,2,0
127.5557701587677,0.0,0.0,0.0,0.0,0.0,0.0,0.0,59,nan,nan,0,T_JUNCTION,108,4,2,0
127.57578492164612,0.0,0.0,0.0,0.0,0.0,0.0,0.0,59,nan,nan,0,T_JUNCTION,108,4,2,0
127.59576368331909,0.0,0.0,0.0,0.0,0.0,0.0,0.0,59,nan,nan,0,T_JUNCTION,108,4,2,0
127.61575627326965,0.0,0.0,0.0,0.0,0.0,0.0,0.0,59,nan,nan,0,T_JUNCTION,108,4,2,0
127.63575863838196,0.0,0.0,0.0,0.0,0.0,0.0,0.0,59,nan,nan,0,T_JUNCTION,108,4,2,0
127.65584540367126,0.0,0.0,0.0,0.0,0.0,0.0,0.0,59,nan,nan,0,T_JUNCTION,108,4,2,0
127.6757869720459,0.0,0.0,0.0,0.0,0.0,0.0,0.0,59,nan,nan,0,T_JUNCTION,108,4,2,0
127.69576525688171,0.0,0.0,0.0,0.0,0.0,0.0,0.0,59,nan,nan,0,T_JUNCTION,108,4,2,0
127.71576499938965,0.0,0.0,0.0,0.0,0.0,0.0,0.0,59,nan,nan,0,T_JUNCTION,108,4,2,0
127.73576283454895,0.0,0.0,0.0,0.0,0.0,0.0,0.0,59,nan,nan,0,T_JUNCTION,108,4,2,0
127.75584769248962,0.0,0.0,0.0,0.0,0.0,0.0,0.0,59,nan,nan,0,T_JUNCTION,108,4,2,0
127.77577304840088,0.0,0.0,0.0,0.0,0.0,0.0,0.0,59,nan,nan,0,T_JUNCTION,108,4,2,0
127.79577112197876,0.0,0.0,0.0,0.0,0.0,0.0,0.0,59,nan,nan,0,T_JUNCTION,108,4,2,0
127.8157639503479,0.0,0.0,0.0,0.0,0.0,0.0,0.0,59,nan,nan,0,T_JUNCTION,108,4,2,0
127.8357663154602,0.0,0.0,0.0,0.0,0.0,0.0,0.0,59,nan,nan,0,T_JUNCTION,108,4,2,0
127.85583281517029,0.0,0.0,0.0,0.0,0.0,0.0,0.0,59,nan,nan,0,T_JUNCTION,108,4,2,0
127.87575888633728,0.0,0.0,0.0,0.0,0.0,0.0,0.0,59,nan,nan,0,T_JUNCTION,108,4,2,0
127.89578247070312,0.0,0.0,0.0,0.0,0.0,0.0,0.0,59,nan,nan,0,T_JUNCTION,108,4,2,0
127.91575860977173,0.0,0.0,0.0,0.0,0.0,0.0,0.0,59,nan,nan,0,T_JUNCTION,108,4,2,0
127.93576765060425,0.0,0.0,0.0,0.0,0.0,0.0,0.0,59,nan,nan,0,T_JUNCTION,108,4,2,0
127.95576786994934,0.0,0.0,0.0,0.0,0.0,0.0,0.0,59,nan,nan,0,T_JUNCTION,108,4,2,0
127.9757661819458,0.0,0.0,0.0,0.0,0.0,0.0,0.0,59,nan,nan,0,T_JUNCTION,108,4,2,0
127.99578905105591,0.0,0.0,0.0,0.0,0.0,0.0,0.0,59,nan,nan,0,T_JUNCTION,108,4,2,0
128.01578164100647,0.0,0.0,0.0,0.0,0.0,0.0,0.0,59,nan,nan,0,T_JUNCTION,108,4,2,0
128.03577733039856,0.0,0.0,0.0,0.0,0.0,0.0,0.0,59,nan,nan,0,T_JUNCTION,108,4,2,0
128.05581378936768,0.0,0.0,0.0,0.0,0.0,0.0,0.0,59,nan,nan,0,T_JUNCTION,108,4,2,0
128.07577967643738,0.0,0.0,0.0,0.0,0.0,0.0,0.0,59,nan,nan,0,T_JUNCTION,108,4,2,0
128.0957612991333,0.0,0.0,0.0,0.0,0.0,0.0,0.0,59,nan,nan,0,T_JUNCTION,108,4,2,0
128.1157636642456,0.0,0.0,0.0,0.0,0.0,0.0,0.0,59,nan,nan,0,T_JUNCTION,108,4,2,0
128.13577556610107,0.0,0.0,0.0,0.0,0.0,0.0,0.0,59,nan,nan,0,T_JUNCTION,108,4,2,0
128.15578818321228,0.0,0.0,0.0,0.0,0.0,0.0,0.0,59,nan,nan,0,T_JUNCTION,108,4,2,0
128.17577075958252,0.0,0.0,0.0,0.0,0.0,0.0,0.0,59,nan,nan,0,T_JUNCTION,108,4,2,0
128.1957666873932,0.0,0.0,0.0,0.0,0.0,0.0,0.0,59,nan,nan,0,T_JUNCTION,108,4,2,0
128.2157666683197,0.0,0.0,0.0,0.0,0.0,0.0,0.0,59,nan,nan,0,T_JUNCTION,108,4,2,0
128.2357738018036,0.0,0.0,0.0,0.0,0.0,0.0,0.0,59,nan,nan,0,T_JUNCTION,108,4,2,0
128.25580263137817,0.0,0.0,0.0,0.0,0.0,0.0,0.0,59,nan,nan,0,T_JUNCTION,108,4,2,0
128.2757740020752,0.0,0.0,0.0,0.0,0.0,0.0,0.0,59,nan,nan,0,T_JUNCTION,108,4,2,0
128.29577445983887,0.0,0.0,0.0,0.0,0.0,0.0,0.0,59,nan,nan,0,T_JUNCTION,108,4,2,0
128.31577706336975,0.0,0.0,0.0,0.0,0.0,0.0,0.0,59,nan,nan,0,T_JUNCTION,108,4,2,0
128.3357572555542,0.0,0.0,0.0,0.0,0.0,0.0,0.0,59,nan,nan,0,T_JUNCTION,108,4,2,0
128.35577154159546,0.0,0.0,0.0,0.0,0.0,0.0,0.0,59,nan,nan,0,T_JUNCTION,108,4,2,0
128.3758842945099,0.0,0.0,0.0,0.0,0.0,0.0,0.0,59,nan,nan,0,T_JUNCTION,108,4,2,0
128.39576506614685,0.0,0.0,0.0,0.0,0.0,0.0,0.0,59,nan,nan,0,T_JUNCTION,108,4,2,0
128.41578602790833,0.0,0.0,0.0,0.0,0.0,0.0,0.0,59,nan,nan,0,T_JUNCTION,108,4,2,0
128.4357681274414,0.0,0.0,0.0,0.0,0.0,0.0,0.0,59,nan,nan,0,T_JUNCTION,108,4,2,0
128.4558141231537,0.0,0.0,0.0,0.0,0.0,0.0,0.0,59,nan,nan,0,T_JUNCTION,108,4,2,0
128.47575783729553,0.0,0.0,0.0,0.0,0.0,0.0,0.0,59,nan,nan,0,T_JUNCTION,108,4,2,0
128.49576616287231,0.0,0.0,0.0,0.0,0.0,0.0,0.0,59,nan,nan,0,T_JUNCTION,108,4,2,0
128.51578068733215,0.0,0.0,0.0,0.0,0.0,0.0,0.0,59,nan,nan,0,T_JUNCTION,108,4,2,0
128.53578543663025,0.0,0.0,0.0,0.0,0.0,0.0,0.0,59,nan,nan,0,T_JUNCTION,108,4,2,0
128.55579662322998,0.0,0.0,0.0,0.0,0.0,0.0,0.0,59,nan,nan,0,T_JUNCTION,108,4,2,0
128.57577896118164,0.0,0.0,0.0,0.0,0.0,0.0,0.0,59,nan,nan,0,T_JUNCTION,108,4,2,0
128.5957624912262,0.0,0.0,0.0,0.0,0.0,0.0,0.0,59,nan,nan,0,T_JUNCTION,108,4,2,0
128.61579585075378,0.0,0.0,0.0,0.0,0.0,0.0,0.0,59,nan,nan,0,T_JUNCTION,108,4,2,0
128.63576698303223,0.0,0.0,0.0,0.0,0.0,0.0,0.0,59,nan,nan,0,T_JUNCTION,108,4,2,0
128.6557958126068,0.0,0.0,0.0,0.0,0.0,0.0,0.0,59,nan,nan,0,T_JUNCTION,108,4,2,0
128.67580938339233,0.0,0.0,0.0,0.0,0.0,0.0,0.0,59,nan,nan,0,T_JUNCTION,108,4,2,0
128.69578075408936,0.0,0.0,0.0,0.0,0.0,0.0,0.0,59,nan,nan,0,T_JUNCTION,108,4,2,0
128.71580052375793,0.0,0.0,0.0,0.0,0.0,0.0,0.0,59,nan,nan,0,T_JUNCTION,108,4,2,0
128.73576736450195,0.0,0.0,0.0,0.0,0.0,0.0,0.0,59,nan,nan,0,T_JUNCTION,108,4,2,0
128.7558000087738,0.0,0.0,0.0,0.0,0.0,0.0,0.0,59,nan,nan,0,T_JUNCTION,108,4,2,0
128.77575206756592,0.0,0.0,0.0,0.0,0.0,0.0,0.0,59,nan,nan,0,T_JUNCTION,108,4,2,0
128.795756816864,0.0,0.0,0.0,0.0,0.0,0.0,0.0,59,nan,nan,0,T_JUNCTION,108,4,2,0
128.81575417518616,0.0,0.0,0.0,0.0,0.0,0.0,0.0,59,nan,nan,0,T_JUNCTION,108,4,2,0
128.8357651233673,0.0,0.0,0.0,0.0,0.0,0.0,0.0,59,nan,nan,0,T_JUNCTION,108,4,2,0
128.85580706596375,0.0,0.0,0.0,0.0,0.0,0.0,0.0,59,nan,nan,0,T_JUNCTION,108,4,2,0
128.8757791519165,0.0,0.0,0.0,0.0,0.0,0.0,0.0,59,nan,nan,0,T_JUNCTION,108,4,2,0
128.8957633972168,0.0,0.0,0.0,0.0,0.0,0.0,0.0,59,nan,nan,0,T_JUNCTION,108,4,2,0
128.91577696800232,0.0,0.0,0.0,0.0,0.0,0.0,0.0,59,nan,nan,0,T_JUNCTION,108,4,2,0
128.9357750415802,0.0,0.0,0.0,0.0,0.0,0.0,0.0,59,nan,nan,0,T_JUNCTION,108,4,2,0
128.9558048248291,0.0,0.0,0.0,0.0,0.0,0.0,0.0,59,nan,nan,0,T_JUNCTION,108,4,2,0
128.97576570510864,0.0,0.0,0.0,0.0,0.0,0.0,0.0,59,nan,nan,0,T_JUNCTION,108,4,2,0
128.99576425552368,0.0,0.0,0.0,0.0,0.0,0.0,0.0,59,nan,nan,0,T_JUNCTION,108,4,2,0
129.01576399803162,0.0,0.0,0.0,0.0,0.0,0.0,0.0,59,nan,nan,0,T_JUNCTION,108,4,2,0
129.03577256202698,0.0,0.0,0.0,0.0,0.0,0.0,0.0,59,nan,nan,0,T_JUNCTION,108,4,2,0
129.05580115318298,0.0,0.0,0.0,0.0,0.0,0.0,0.0,59,nan,nan,0,T_JUNCTION,108,4,2,0
129.07576036453247,0.0,0.0,0.0,0.0,0.0,0.0,0.0,59,nan,nan,0,T_JUNCTION,108,4,2,0
129.09578037261963,0.0,0.0,0.0,0.0,0.0,0.0,0.0,59,nan,nan,0,T_JUNCTION,108,4,2,0
129.11577558517456,0.0,0.0,0.0,0.0,0.0,0.0,0.0,59,nan,nan,0,T_JUNCTION,108,4,2,0
129.1357765197754,0.0,0.0,0.0,0.0,0.0,0.0,0.0,59,nan,nan,0,T_JUNCTION,108,4,2,0
129.15580320358276,0.0,0.0,0.0,0.0,0.0,0.0,0.0,59,nan,nan,0,T_JUNCTION,108,4,2,0
129.17576622962952,0.0,0.0,0.0,0.0,0.0,0.0,0.0,59,nan,nan,0,T_JUNCTION,108,4,2,0
129.19576692581177,0.0,0.0,0.0,0.0,0.0,0.0,0.0,59,nan,nan,0,T_JUNCTION,108,4,2,0
129.2157564163208,0.0,0.0,0.0,0.0,0.0,0.0,0.0,59,nan,nan,0,T_JUNCTION,108,4,2,0
129.23576402664185,0.0,0.0,0.0,0.0,0.0,0.0,0.0,59,nan,nan,0,T_JUNCTION,108,4,2,0
129.25580954551697,0.0,0.0,0.0,0.0,0.0,0.0,0.0,59,nan,nan,0,T_JUNCTION,108,4,2,0
129.27577471733093,0.0,0.0,0.0,0.0,0.0,0.0,0.0,59,nan,nan,0,T_JUNCTION,108,4,2,0
129.2958104610443,0.0,0.0,0.0,0.0,0.0,0.0,0.0,59,nan,nan,0,T_JUNCTION,108,4,2,0
129.31577968597412,0.0,0.0,0.0,0.0,0.0,0.0,0.0,59,nan,nan,0,T_JUNCTION,108,4,2,0
129.33576345443726,0.0,0.0,0.0,0.0,0.0,0.0,0.0,59,nan,nan,0,T_JUNCTION,108,4,2,0
129.35576510429382,0.0,0.0,0.0,0.0,0.0,0.0,0.0,59,nan,nan,0,T_JUNCTION,108,4,2,0
129.37578773498535,0.0,0.0,0.0,0.0,0.0,0.0,0.0,59,nan,nan,0,T_JUNCTION,108,4,2,0
129.39577221870422,0.0,0.0,0.0,0.0,0.0,0.0,0.0,59,nan,nan,0,T_JUNCTION,108,4,2,0
129.41579580307007,0.0,0.0,0.0,0.0,0.0,0.0,0.0,59,nan,nan,0,T_JUNCTION,108,4,2,0
129.43576860427856,0.0,0.0,0.0,0.0,0.0,0.0,0.0,59,nan,nan,0,T_JUNCTION,108,4,2,0
129.4558129310608,0.0,0.0,0.0,0.0,0.0,0.0,0.0,59,nan,nan,0,T_JUNCTION,108,4,2,0
129.47577452659607,0.0,0.0,0.0,0.0,0.0,0.0,0.0,59,nan,nan,0,T_JUNCTION,108,4,2,0
129.49576139450073,0.0,0.0,0.0,0.0,0.0,0.0,0.0,59,nan,nan,0,T_JUNCTION,108,4,2,0
129.51575803756714,0.0,0.0,0.0,0.0,0.0,0.0,0.0,59,nan,nan,0,T_JUNCTION,108,4,2,0
129.53576636314392,0.0,0.0,0.0,0.0,0.0,0.0,0.0,59,nan,nan,0,T_JUNCTION,108,4,2,0
129.5557849407196,0.0,0.0,0.0,0.0,0.0,0.0,0.0,59,nan,nan,0,T_JUNCTION,108,4,2,0
129.57576179504395,0.0,0.0,0.0,0.0,0.0,0.0,0.0,59,nan,nan,0,T_JUNCTION,108,4,2,0
129.5957727432251,0.0,0.0,0.0,0.0,0.0,0.0,0.0,59,nan,nan,0,T_JUNCTION,108,4,2,0
129.6157627105713,0.0,0.0,0.0,0.0,0.0,0.0,0.0,59,nan,nan,0,T_JUNCTION,108,4,2,0
129.63577151298523,0.0,0.0,0.0,0.0,0.0,0.0,0.0,59,nan,nan,0,T_JUNCTION,108,4,2,0
129.65580701828003,0.0,0.0,0.0,0.0,0.0,0.0,0.0,59,nan,nan,0,T_JUNCTION,108,4,2,0
129.6757628917694,0.0,0.0,0.0,0.0,0.0,0.0,0.0,59,nan,nan,0,T_JUNCTION,108,4,2,0
129.69577383995056,0.0,0.0,0.0,0.0,0.0,0.0,0.0,59,nan,nan,0,T_JUNCTION,108,4,2,0
129.71575355529785,0.0,0.0,0.0,0.0,0.0,0.0,0.0,59,nan,nan,0,T_JUNCTION,108,4,2,0
129.73575520515442,0.0,0.0,0.0,0.0,0.0,0.0,0.0,59,nan,nan,0,T_JUNCTION,108,4,2,0
129.75579047203064,0.0,0.0,0.0,0.0,0.0,0.0,0.0,59,nan,nan,0,T_JUNCTION,108,4,2,0
129.77574825286865,0.0,0.0,0.0,0.0,0.0,0.0,0.0,59,nan,nan,0,T_JUNCTION,108,4,2,0
129.79576563835144,0.0,0.0,0.0,0.0,0.0,0.0,0.0,59,nan,nan,0,T_JUNCTION,108,4,2,0
129.81576371192932,0.0,0.0,0.0,0.0,0.0,0.0,0.0,59,nan,nan,0,T_JUNCTION,108,4,2,0
129.83576822280884,0.0,0.0,0.0,0.0,0.0,0.0,0.0,59,nan,nan,0,T_JUNCTION,108,4,2,0
129.85580849647522,0.0,0.0,0.0,0.0,0.0,0.0,0.0,59,nan,nan,0,T_JUNCTION,108,4,2,0
129.87577366828918,0.0,0.0,0.0,0.0,0.0,0.0,0.0,59,nan,nan,0,T_JUNCTION,108,4,2,0
129.89577198028564,0.0,0.0,0.0,0.0,0.0,0.0,0.0,59,nan,nan,0,T_JUNCTION,108,4,2,0
129.9157736301422,0.0,0.0,0.0,0.0,0.0,0.0,0.0,59,nan,nan,0,T_JUNCTION,108,4,2,0
129.93576383590698,0.0,0.0,0.0,0.0,0.0,0.0,0.0,59,nan,nan,0,T_JUNCTION,108,4,2,0
129.95580410957336,0.0,0.0,0.0,0.0,0.0,0.0,0.0,59,nan,nan,0,T_JUNCTION,108,4,2,0
129.97577261924744,0.0,0.0,0.0,0.0,0.0,0.0,0.0,59,nan,nan,0,T_JUNCTION,108,4,2,0
129.99575567245483,0.0,0.0,0.0,0.0,0.0,0.0,0.0,59,nan,nan,0,T_JUNCTION,108,4,2,0
130.01575422286987,0.0,0.0,0.0,0.0,0.0,0.0,0.0,59,nan,nan,0,T_JUNCTION,108,4,2,0
130.0357689857483,0.0,0.0,0.0,0.0,0.0,0.0,0.0,59,nan,nan,0,T_JUNCTION,108,4,2,0
130.0557942390442,0.0,0.0,0.0,0.0,0.0,0.0,0.0,59,nan,nan,0,T_JUNCTION,108,4,2,0
130.07576155662537,0.0,0.0,0.0,0.0,0.0,0.0,0.0,59,nan,nan,0,T_JUNCTION,108,4,2,0
130.0957646369934,0.0,0.0,0.0,0.0,0.0,0.0,0.0,59,nan,nan,0,T_JUNCTION,108,4,2,0
130.11576390266418,0.0,0.0,0.0,0.0,0.0,0.0,0.0,59,nan,nan,0,T_JUNCTION,108,4,2,0
130.13576340675354,0.0,0.0,0.0,0.0,0.0,0.0,0.0,59,nan,nan,0,T_JUNCTION,108,4,2,0
130.15580224990845,0.0,0.0,0.0,0.0,0.0,0.0,0.0,59,nan,nan,0,T_JUNCTION,108,4,2,0
130.17576241493225,0.0,0.0,0.0,0.0,0.0,0.0,0.0,59,nan,nan,0,T_JUNCTION,108,4,2,0
130.1957712173462,0.0,0.0,0.0,0.0,0.0,0.0,0.0,59,nan,nan,0,T_JUNCTION,108,4,2,0
130.21576571464539,0.0,0.0,0.0,0.0,0.0,0.0,0.0,59,nan,nan,0,T_JUNCTION,108,4,2,0
130.23577189445496,0.0,0.0,0.0,0.0,0.0,0.0,0.0,59,nan,nan,0,T_JUNCTION,108,4,2,0
130.25578379631042,0.0,0.0,0.0,0.0,0.0,0.0,0.0,59,nan,nan,0,T_JUNCTION,108,4,2,0
130.2757613658905,0.0,0.0,0.0,0.0,0.0,0.0,0.0,59,nan,nan,0,T_JUNCTION,108,4,2,0
130.29584217071533,0.0,0.0,0.0,0.0,0.0,0.0,0.0,59,nan,nan,0,T_JUNCTION,108,4,2,0
130.31579160690308,0.0,0.0,0.0,0.0,0.0,0.0,0.0,59,nan,nan,0,T_JUNCTION,108,4,2,0
130.33576822280884,0.0,0.0,0.0,0.0,0.0,0.0,0.0,59,nan,nan,0,T_JUNCTION,108,4,2,0
130.3557915687561,0.0,0.0,0.0,0.0,0.0,0.0,0.0,59,nan,nan,0,T_JUNCTION,108,4,2,0
130.3757679462433,0.0,0.0,0.0,0.0,0.0,0.0,0.0,59,nan,nan,0,T_JUNCTION,108,4,2,0
130.39577317237854,0.0,0.0,0.0,0.0,0.0,0.0,0.0,59,nan,nan,0,T_JUNCTION,108,4,2,0
130.41576409339905,0.0,0.0,0.0,0.0,0.0,0.0,0.0,59,nan,nan,0,T_JUNCTION,108,4,2,0
130.43575835227966,0.0,0.0,0.0,0.0,0.0,0.0,0.0,59,nan,nan,0,T_JUNCTION,108,4,2,0
130.4558024406433,0.0,0.0,0.0,0.0,0.0,0.0,0.0,59,nan,nan,0,T_JUNCTION,108,4,2,0
130.4757857322693,0.0,0.0,0.0,0.0,0.0,0.0,0.0,59,nan,nan,0,T_JUNCTION,108,4,2,0
130.49580359458923,0.0,0.0,0.0,0.0,0.0,0.0,0.0,59,nan,nan,0,T_JUNCTION,108,4,2,0
130.5157928466797,0.0,0.0,0.0,0.0,0.0,0.0,0.0,59,nan,nan,0,T_JUNCTION,108,4,2,0
130.53576493263245,0.0,0.0,0.0,0.0,0.0,0.0,0.0,59,nan,nan,0,T_JUNCTION,108,4,2,0
130.55578136444092,0.0,0.0,0.0,0.0,0.0,0.0,0.0,59,nan,nan,0,T_JUNCTION,108,4,2,0
130.57577776908875,0.0,0.0,0.0,0.0,0.0,0.0,0.0,59,nan,nan,0,T_JUNCTION,108,4,2,0
130.5957841873169,0.0,0.0,0.0,0.0,0.0,0.0,0.0,59,nan,nan,0,T_JUNCTION,108,4,2,0
130.61576390266418,0.0,0.0,0.0,0.0,0.0,0.0,0.0,59,nan,nan,0,T_JUNCTION,108,4,2,0
130.63577580451965,0.0,0.0,0.0,0.0,0.0,0.0,0.0,59,nan,nan,0,T_JUNCTION,108,4,2,0
130.65585613250732,0.0,0.0,0.0,0.0,0.0,0.0,0.0,59,nan,nan,0,T_JUNCTION,108,4,2,0
130.6757915019989,0.0,0.0,0.0,0.0,0.0,0.0,0.0,59,nan,nan,0,T_JUNCTION,108,4,2,0
130.6957745552063,0.0,0.0,0.0,0.0,0.0,0.0,0.0,59,nan,nan,0,T_JUNCTION,108,4,2,0
130.71577739715576,0.0,0.0,0.0,0.0,0.0,0.0,0.0,59,nan,nan,0,T_JUNCTION,108,4,2,0
130.73576140403748,0.0,0.0,0.0,0.0,0.0,0.0,0.0,59,nan,nan,0,T_JUNCTION,108,4,2,0
130.7558319568634,0.0,0.0,0.0,0.0,0.0,0.0,0.0,59,nan,nan,0,T_JUNCTION,108,4,2,0
130.7757818698883,0.0,0.0,0.0,0.0,0.0,0.0,0.0,59,nan,nan,0,T_JUNCTION,108,4,2,0
130.79576921463013,0.0,0.0,0.0,0.0,0.0,0.0,0.0,59,nan,nan,0,T_JUNCTION,108,4,2,0
130.81576538085938,0.0,0.0,0.0,0.0,0.0,0.0,0.0,59,nan,nan,0,T_JUNCTION,108,4,2,0
130.835777759552,0.0,0.0,0.0,0.0,0.0,0.0,0.0,59,nan,nan,0,T_JUNCTION,108,4,2,0
130.8558189868927,0.0,0.0,0.0,0.0,0.0,0.0,0.0,59,nan,nan,0,T_JUNCTION,108,4,2,0
130.8757712841034,0.0,0.0,0.0,0.0,0.0,0.0,0.0,59,nan,nan,0,T_JUNCTION,108,4,2,0
130.89578413963318,0.0,0.0,0.0,0.0,0.0,0.0,0.0,59,nan,nan,0,T_JUNCTION,108,4,2,0
130.91576504707336,0.0,0.0,0.0,0.0,0.0,0.0,0.0,59,nan,nan,0,T_JUNCTION,108,4,2,0
130.93576335906982,0.0,0.0,0.0,0.0,0.0,0.0,0.0,59,nan,nan,0,T_JUNCTION,108,4,2,0
130.95579075813293,0.0,0.0,0.0,0.0,0.0,0.0,0.0,59,nan,nan,0,T_JUNCTION,108,4,2,0
130.97576022148132,0.0,0.0,0.0,0.0,0.0,0.0,0.0,59,nan,nan,0,T_JUNCTION,108,4,2,0
130.9957685470581,0.0,0.0,0.0,0.0,0.0,0.0,0.0,59,nan,nan,0,T_JUNCTION,108,4,2,0
131.01576447486877,0.0,0.0,0.0,0.0,0.0,0.0,0.0,59,nan,nan,0,T_JUNCTION,108,4,2,0
131.03577852249146,0.0,0.0,0.0,0.0,0.0,0.0,0.0,59,nan,nan,0,T_JUNCTION,108,4,2,0
131.05582237243652,0.0,0.0,0.0,0.0,0.0,0.0,0.0,59,nan,nan,0,T_JUNCTION,108,4,2,0
131.07576870918274,0.0,0.0,0.0,0.0,0.0,0.0,0.0,59,nan,nan,0,T_JUNCTION,108,4,2,0
131.09578824043274,0.0,0.0,0.0,0.0,0.0,0.0,0.0,59,nan,nan,0,T_JUNCTION,108,4,2,0
131.11577486991882,0.0,0.0,0.0,0.0,0.0,0.0,0.0,59,nan,nan,0,T_JUNCTION,108,4,2,0
131.1357560157776,0.0,0.0,0.0,0.0,0.0,0.0,0.0,59,nan,nan,0,T_JUNCTION,108,4,2,0
131.15576910972595,0.0,0.0,0.0,0.0,0.0,0.0,0.0,59,nan,nan,0,T_JUNCTION,108,4,2,0
131.17575931549072,0.0,0.0,0.0,0.0,0.0,0.0,0.0,59,nan,nan,0,T_JUNCTION,108,4,2,0
131.19576144218445,0.0,0.0,0.0,0.0,0.0,0.0,0.0,59,nan,nan,0,T_JUNCTION,108,4,2,0
131.21576118469238,0.0,0.0,0.0,0.0,0.0,0.0,0.0,59,nan,nan,0,T_JUNCTION,108,4,2,0
131.2357714176178,0.0,0.0,0.0,0.0,0.0,0.0,0.0,59,nan,nan,0,T_JUNCTION,108,4,2,0
131.25580048561096,0.0,0.0,0.0,0.0,0.0,0.0,0.0,59,nan,nan,0,T_JUNCTION,108,4,2,0
131.2757692337036,0.0,0.0,0.0,0.0,0.0,0.0,0.0,59,nan,nan,0,T_JUNCTION,108,4,2,0
131.29578375816345,0.0,0.0,0.0,0.0,0.0,0.0,0.0,59,nan,nan,0,T_JUNCTION,108,4,2,0
131.31575727462769,0.0,0.0,0.0,0.0,0.0,0.0,0.0,59,nan,nan,0,T_JUNCTION,108,4,2,0
131.33576822280884,0.0,0.0,0.0,0.0,0.0,0.0,0.0,59,nan,nan,0,T_JUNCTION,108,4,2,0
131.35580849647522,0.0,0.0,0.0,0.0,0.0,0.0,0.0,59,nan,nan,0,T_JUNCTION,108,4,2,0
131.3757791519165,0.0,0.0,0.0,0.0,0.0,0.0,0.0,59,nan,nan,0,T_JUNCTION,108,4,2,0
131.3957622051239,0.0,0.0,0.0,0.0,0.0,0.0,0.0,59,nan,nan,0,T_JUNCTION,108,4,2,0
131.4157636165619,0.0,0.0,0.0,0.0,0.0,0.0,0.0,59,nan,nan,0,T_JUNCTION,108,4,2,0
131.43576788902283,0.0,0.0,0.0,0.0,0.0,0.0,0.0,59,nan,nan,0,T_JUNCTION,108,4,2,0
131.45580387115479,0.0,0.0,0.0,0.0,0.0,0.0,0.0,59,nan,nan,0,T_JUNCTION,108,4,2,0
131.47575855255127,0.0,0.0,0.0,0.0,0.0,0.0,0.0,59,nan,nan,0,T_JUNCTION,108,4,2,0
131.4957733154297,0.0,0.0,0.0,0.0,0.0,0.0,0.0,59,nan,nan,0,T_JUNCTION,108,4,2,0
131.51576805114746,0.0,0.0,0.0,0.0,0.0,0.0,0.0,59,nan,nan,0,T_JUNCTION,108,4,2,0
131.53576374053955,0.0,0.0,0.0,0.0,0.0,0.0,0.0,59,nan,nan,0,T_JUNCTION,108,4,2,0
131.5557701587677,0.0,0.0,0.0,0.0,0.0,0.0,0.0,59,nan,nan,0,T_JUNCTION,108,4,2,0
131.5757839679718,0.0,0.0,0.0,0.0,0.0,0.0,0.0,59,nan,nan,0,T_JUNCTION,108,4,2,0
131.5957636833191,0.0,0.0,0.0,0.0,0.0,0.0,0.0,59,nan,nan,0,T_JUNCTION,108,4,2,0
131.61577820777893,0.0,0.0,0.0,0.0,0.0,0.0,0.0,59,nan,nan,0,T_JUNCTION,108,4,2,0
131.63577556610107,0.0,0.0,0.0,0.0,0.0,0.0,0.0,59,nan,nan,0,T_JUNCTION,108,4,2,0
131.6558005809784,0.0,0.0,0.0,0.0,0.0,0.0,0.0,59,nan,nan,0,T_JUNCTION,108,4,2,0
131.67579770088196,0.0,0.0,0.0,0.0,0.0,0.0,0.0,59,nan,nan,0,T_JUNCTION,108,4,2,0
131.69576025009155,0.0,0.0,0.0,0.0,0.0,0.0,0.0,59,nan,nan,0,T_JUNCTION,108,4,2,0
131.7157576084137,0.0,0.0,0.0,0.0,0.0,0.0,0.0,59,nan,nan,0,T_JUNCTION,108,4,2,0
131.73577737808228,0.0,0.0,0.0,0.0,0.0,0.0,0.0,59,nan,nan,0,T_JUNCTION,108,4,2,0
131.75577211380005,0.0,0.0,0.0,0.0,0.0,0.0,0.0,59,nan,nan,0,T_JUNCTION,108,4,2,0
131.7757773399353,0.0,0.0,0.0,0.0,0.0,0.0,0.0,59,nan,nan,0,T_JUNCTION,108,4,2,0
131.79576325416565,0.0,0.0,0.0,0.0,0.0,0.0,0.0,59,nan,nan,0,T_JUNCTION,108,4,2,0
131.81576323509216,0.0,0.0,0.0,0.0,0.0,0.0,0.0,59,nan,nan,0,T_JUNCTION,108,4,2,0
131.83577370643616,0.0,0.0,0.0,0.0,0.0,0.0,0.0,59,nan,nan,0,T_JUNCTION,108,4,2,0
131.8558053970337,0.0,0.0,0.0,0.0,0.0,0.0,0.0,59,nan,nan,0,T_JUNCTION,108,4,2,0
131.87578105926514,0.0,0.0,0.0,0.0,0.0,0.0,0.0,59,nan,nan,0,T_JUNCTION,108,4,2,0
131.89575457572937,0.0,0.0,0.0,0.0,0.0,0.0,0.0,59,nan,nan,0,T_JUNCTION,108,4,2,0
131.91576838493347,0.0,0.0,0.0,0.0,0.0,0.0,0.0,59,nan,nan,0,T_JUNCTION,108,4,2,0
131.93576192855835,0.0,0.0,0.0,0.0,0.0,0.0,0.0,59,nan,nan,0,T_JUNCTION,108,4,2,0
131.95577192306519,0.0,0.0,0.0,0.0,0.0,0.0,0.0,59,nan,nan,0,T_JUNCTION,108,4,2,0
131.97577500343323,0.0,0.0,0.0,0.0,0.0,0.0,0.0,59,nan,nan,0,T_JUNCTION,108,4,2,0
131.99576449394226,0.0,0.0,0.0,0.0,0.0,0.0,0.0,59,nan,nan,0,T_JUNCTION,108,4,2,0
132.01577353477478,0.0,0.0,0.0,0.0,0.0,0.0,0.0,59,nan,nan,0,T_JUNCTION,108,4,2,0
132.03576564788818,0.0,0.0,0.0,0.0,0.0,0.0,0.0,59,nan,nan,0,T_JUNCTION,108,4,2,0
132.05580019950867,0.0,0.0,0.0,0.0,0.0,0.0,0.0,59,nan,nan,0,T_JUNCTION,108,4,2,0
132.07579135894775,0.0,0.0,0.0,0.0,0.0,0.0,0.0,59,nan,nan,0,T_JUNCTION,108,4,2,0
132.09576559066772,0.0,0.0,0.0,0.0,0.0,0.0,0.0,59,nan,nan,0,T_JUNCTION,108,4,2,0
132.11576461791992,0.0,0.0,0.0,0.0,0.0,0.0,0.0,59,nan,nan,0,T_JUNCTION,108,4,2,0
132.1357660293579,0.0,0.0,0.0,0.0,0.0,0.0,0.0,59,nan,nan,0,T_JUNCTION,108,4,2,0
132.1557741165161,0.0,0.0,0.0,0.0,0.0,0.0,0.0,59,nan,nan,0,T_JUNCTION,108,4,2,0
132.17578220367432,0.0,0.0,0.0,0.0,0.0,0.0,0.0,59,nan,nan,0,T_JUNCTION,108,4,2,0
132.19575762748718,0.0,0.0,0.0,0.0,0.0,0.0,0.0,59,nan,nan,0,T_JUNCTION,108,4,2,0
132.21576499938965,0.0,0.0,0.0,0.0,0.0,0.0,0.0,59,nan,nan,0,T_JUNCTION,108,4,2,0
132.23580527305603,0.0,0.0,0.0,0.0,0.0,0.0,0.0,59,nan,nan,0,T_JUNCTION,108,4,2,0
132.25577354431152,0.0,0.0,0.0,0.0,0.0,0.0,0.0,59,nan,nan,0,T_JUNCTION,108,4,2,0
132.27575874328613,0.0,0.0,0.0,0.0,0.0,0.0,0.0,59,nan,nan,0,T_JUNCTION,108,4,2,0
132.29580402374268,0.0,0.0,0.0,0.0,0.0,0.0,0.0,59,nan,nan,0,T_JUNCTION,108,4,2,0
132.31576991081238,0.0,0.0,0.0,0.0,0.0,0.0,0.0,59,nan,nan,0,T_JUNCTION,108,4,2,0
132.33580660820007,0.0,0.0,0.0,0.0,0.0,0.0,0.0,59,nan,nan,0,T_JUNCTION,108,4,2,0
132.35578107833862,0.0,0.0,0.0,0.0,0.0,0.0,0.0,59,nan,nan,0,T_JUNCTION,108,4,2,0
132.37578558921814,0.0,0.0,0.0,0.0,0.0,0.0,0.0,59,nan,nan,0,T_JUNCTION,108,4,2,0
132.3957803249359,0.0,0.0,0.0,0.0,0.0,0.0,0.0,59,nan,nan,0,T_JUNCTION,108,4,2,0
132.41576886177063,0.0,0.0,0.0,0.0,0.0,0.0,0.0,59,nan,nan,0,T_JUNCTION,108,4,2,0
132.43576335906982,0.0,0.0,0.0,0.0,0.0,0.0,0.0,59,nan,nan,0,T_JUNCTION,108,4,2,0
132.45578742027283,0.0,0.0,0.0,0.0,0.0,0.0,0.0,59,nan,nan,0,T_JUNCTION,108,4,2,0
132.47576212882996,0.0,0.0,0.0,0.0,0.0,0.0,0.0,59,nan,nan,0,T_JUNCTION,108,4,2,0
132.49577450752258,0.0,0.0,0.0,0.0,0.0,0.0,0.0,59,nan,nan,0,T_JUNCTION,108,4,2,0
132.51576852798462,0.0,0.0,0.0,0.0,0.0,0.0,0.0,59,nan,nan,0,T_JUNCTION,108,4,2,0
132.53577280044556,0.0,0.0,0.0,0.0,0.0,0.0,0.0,59,nan,nan,0,T_JUNCTION,108,4,2,0
132.55576610565186,0.0,0.0,0.0,0.0,0.0,0.0,0.0,59,nan,nan,0,T_JUNCTION,108,4,2,0
132.57577276229858,0.0,0.0,0.0,0.0,0.0,0.0,0.0,59,nan,nan,0,T_JUNCTION,108,4,2,0
132.59576416015625,0.0,0.0,0.0,0.0,0.0,0.0,0.0,59,nan,nan,0,T_JUNCTION,108,4,2,0
132.61577320098877,0.0,0.0,0.0,0.0,0.0,0.0,0.0,59,nan,nan,0,T_JUNCTION,108,4,2,0
132.6357696056366,0.0,0.0,0.0,0.0,0.0,0.0,0.0,59,nan,nan,0,T_JUNCTION,108,4,2,0
132.65578866004944,0.0,0.0,0.0,0.0,0.0,0.0,0.0,59,nan,nan,0,T_JUNCTION,108,4,2,0
132.67578768730164,0.0,0.0,0.0,0.0,0.0,0.0,0.0,59,nan,nan,0,T_JUNCTION,108,4,2,0
132.69577622413635,0.0,0.0,0.0,0.0,0.0,0.0,0.0,59,nan,nan,0,T_JUNCTION,108,4,2,0
132.7157757282257,0.0,0.0,0.0,0.0,0.0,0.0,0.0,59,nan,nan,0,T_JUNCTION,108,4,2,0
132.73576736450195,0.0,0.0,0.0,0.0,0.0,0.0,0.0,59,nan,nan,0,T_JUNCTION,108,4,2,0
132.75575637817383,0.0,0.0,0.0,0.0,0.0,0.0,0.0,59,nan,nan,0,T_JUNCTION,108,4,2,0
132.7757658958435,0.0,0.0,0.0,0.0,0.0,0.0,0.0,59,nan,nan,0,T_JUNCTION,108,4,2,0
132.79576206207275,0.0,0.0,0.0,0.0,0.0,0.0,0.0,59,nan,nan,0,T_JUNCTION,108,4,2,0
132.81577372550964,0.0,0.0,0.0,0.0,0.0,0.0,0.0,59,nan,nan,0,T_JUNCTION,108,4,2,0
132.8357720375061,0.0,0.0,0.0,0.0,0.0,0.0,0.0,59,nan,nan,0,T_JUNCTION,108,4,2,0
132.85578989982605,0.0,0.0,0.0,0.0,0.0,0.0,0.0,59,nan,nan,0,T_JUNCTION,108,4,2,0
132.87577867507935,0.0,0.0,0.0,0.0,0.0,0.0,0.0,59,nan,nan,0,T_JUNCTION,108,4,2,0
132.8957712650299,0.0,0.0,0.0,0.0,0.0,0.0,0.0,59,nan,nan,0,T_JUNCTION,108,4,2,0
132.915757894516,0.0,0.0,0.0,0.0,0.0,0.0,0.0,59,nan,nan,0,T_JUNCTION,108,4,2,0
132.93576836585999,0.0,0.0,0.0,0.0,0.0,0.0,0.0,59,nan,nan,0,T_JUNCTION,108,4,2,0
132.9557626247406,0.0,0.0,0.0,0.0,0.0,0.0,0.0,59,nan,nan,0,T_JUNCTION,108,4,2,0
132.97576689720154,0.0,0.0,0.0,0.0,0.0,0.0,0.0,59,nan,nan,0,T_JUNCTION,108,4,2,0
132.99576544761658,0.0,0.0,0.0,0.0,0.0,0.0,0.0,59,nan,nan,0,T_JUNCTION,108,4,2,0
133.01576328277588,0.0,0.0,0.0,0.0,0.0,0.0,0.0,59,nan,nan,0,T_JUNCTION,108,4,2,0
133.03577375411987,0.0,0.0,0.0,0.0,0.0,0.0,0.0,59,nan,nan,0,T_JUNCTION,108,4,2,0
133.05578899383545,0.0,0.0,0.0,0.0,0.0,0.0,0.0,59,nan,nan,0,T_JUNCTION,108,4,2,0
133.07575702667236,0.0,0.0,0.0,0.0,0.0,0.0,0.0,59,nan,nan,0,T_JUNCTION,108,4,2,0
133.09577298164368,0.0,0.0,0.0,0.0,0.0,0.0,0.0,59,nan,nan,0,T_JUNCTION,108,4,2,0
133.11575436592102,0.0,0.0,0.0,0.0,0.0,0.0,0.0,59,nan,nan,0,T_JUNCTION,108,4,2,0
133.13579773902893,0.0,0.0,0.0,0.0,0.0,0.0,0.0,59,nan,nan,0,T_JUNCTION,108,4,2,0
133.15576267242432,0.0,0.0,0.0,0.0,0.0,0.0,0.0,59,nan,nan,0,T_JUNCTION,108,4,2,0
133.17577743530273,0.0,0.0,0.0,0.0,0.0,0.0,0.0,59,nan,nan,0,T_JUNCTION,108,4,2,0
133.19576478004456,0.0,0.0,0.0,0.0,0.0,0.0,0.0,59,nan,nan,0,T_JUNCTION,108,4,2,0
133.21577334403992,0.0,0.0,0.0,0.0,0.0,0.0,0.0,59,nan,nan,0,T_JUNCTION,108,4,2,0
133.2357678413391,0.0,0.0,0.0,0.0,0.0,0.0,0.0,59,nan,nan,0,T_JUNCTION,108,4,2,0
133.25578618049622,0.0,0.0,0.0,0.0,0.0,0.0,0.0,59,nan,nan,0,T_JUNCTION,108,4,2,0
133.27576804161072,0.0,0.0,0.0,0.0,0.0,0.0,0.0,59,nan,nan,0,T_JUNCTION,108,4,2,0
133.29583621025085,0.0,0.0,0.0,0.0,0.0,0.0,0.0,59,nan,nan,0,T_JUNCTION,108,4,2,0
133.3157913684845,0.0,0.0,0.0,0.0,0.0,0.0,0.0,59,nan,nan,0,T_JUNCTION,108,4,2,0
133.33578515052795,0.0,0.0,0.0,0.0,0.0,0.0,0.0,59,nan,nan,0,T_JUNCTION,108,4,2,0
133.3557643890381,0.0,0.0,0.0,0.0,0.0,0.0,0.0,59,nan,nan,0,T_JUNCTION,108,4,2,0
133.3757712841034,0.0,0.0,0.0,0.0,0.0,0.0,0.0,59,nan,nan,0,T_JUNCTION,108,4,2,0
133.39576601982117,0.0,0.0,0.0,0.0,0.0,0.0,0.0,59,nan,nan,0,T_JUNCTION,108,4,2,0
133.41576552391052,0.0,0.0,0.0,0.0,0.0,0.0,0.0,59,nan,nan,0,T_JUNCTION,108,4,2,0
133.43580150604248,0.0,0.0,0.0,0.0,0.0,0.0,0.0,59,nan,nan,0,T_JUNCTION,108,4,2,0
133.45577454566956,0.0,0.0,0.0,0.0,0.0,0.0,0.0,59,nan,nan,0,T_JUNCTION,108,4,2,0
133.47577667236328,0.0,0.0,0.0,0.0,0.0,0.0,0.0,59,nan,nan,0,T_JUNCTION,108,4,2,0
133.4958040714264,0.0,0.0,0.0,0.0,0.0,0.0,0.0,59,nan,nan,0,T_JUNCTION,108,4,2,0
133.5157949924469,0.0,0.0,0.0,0.0,0.0,0.0,0.0,59,nan,nan,0,T_JUNCTION,108,4,2,0
133.53580784797668,0.0,0.0,0.0,0.0,0.0,0.0,0.0,59,nan,nan,0,T_JUNCTION,108,4,2,0
133.55577301979065,0.0,0.0,0.0,0.0,0.0,0.0,0.0,59,nan,nan,0,T_JUNCTION,108,4,2,0
133.5757691860199,0.0,0.0,0.0,0.0,0.0,0.0,0.0,59,nan,nan,0,T_JUNCTION,108,4,2,0
133.5957579612732,0.0,0.0,0.0,0.0,0.0,0.0,0.0,59,nan,nan,0,T_JUNCTION,108,4,2,0
133.6157727241516,0.0,0.0,0.0,0.0,0.0,0.0,0.0,59,nan,nan,0,T_JUNCTION,108,4,2,0
133.63577127456665,0.0,0.0,0.0,0.0,0.0,0.0,0.0,59,nan,nan,0,T_JUNCTION,108,4,2,0
133.65583658218384,0.0,0.0,0.0,0.0,0.0,0.0,0.0,59,nan,nan,0,T_JUNCTION,108,4,2,0
133.6757574081421,0.0,0.0,0.0,0.0,0.0,0.0,0.0,59,nan,nan,0,T_JUNCTION,108,4,2,0
133.69576120376587,0.0,0.0,0.0,0.0,0.0,0.0,0.0,59,nan,nan,0,T_JUNCTION,108,4,2,0
133.71576285362244,0.0,0.0,0.0,0.0,0.0,0.0,0.0,59,nan,nan,0,T_JUNCTION,108,4,2,0
133.7357897758484,0.0,0.0,0.0,0.0,0.0,0.0,0.0,59,nan,nan,0,T_JUNCTION,108,4,2,0
133.75579619407654,0.0,0.0,0.0,0.0,0.0,0.0,0.0,59,nan,nan,0,T_JUNCTION,108,4,2,0
133.77577471733093,0.0,0.0,0.0,0.0,0.0,0.0,0.0,59,nan,nan,0,T_JUNCTION,108,4,2,0
133.79576587677002,0.0,0.0,0.0,0.0,0.0,0.0,0.0,59,nan,nan,0,T_JUNCTION,108,4,2,0
133.81576442718506,0.0,0.0,0.0,0.0,0.0,0.0,0.0,59,nan,nan,0,T_JUNCTION,108,4,2,0
133.83580589294434,0.0,0.0,0.0,0.0,0.0,0.0,0.0,59,nan,nan,0,T_JUNCTION,108,4,2,0
133.85580134391785,0.0,0.0,0.0,0.0,0.0,0.0,0.0,59,nan,nan,0,T_JUNCTION,108,4,2,0
133.8757758140564,0.0,0.0,0.0,0.0,0.0,0.0,0.0,59,nan,nan,0,T_JUNCTION,108,4,2,0
133.89577102661133,0.0,0.0,0.0,0.0,0.0,0.0,0.0,59,nan,nan,0,T_JUNCTION,108,4,2,0
133.91577243804932,0.0,0.0,0.0,0.0,0.0,0.0,0.0,59,nan,nan,0,T_JUNCTION,108,4,2,0
133.93579292297363,0.0,0.0,0.0,0.0,0.0,0.0,0.0,59,nan,nan,0,T_JUNCTION,108,4,2,0
133.95577359199524,0.0,0.0,0.0,0.0,0.0,0.0,0.0,59,nan,nan,0,T_JUNCTION,108,4,2,0
133.97575545310974,0.0,0.0,0.0,0.0,0.0,0.0,0.0,59,nan,nan,0,T_JUNCTION,108,4,2,0
133.99575972557068,0.0,0.0,0.0,0.0,0.0,0.0,0.0,59,nan,nan,0,T_JUNCTION,108,4,2,0
134.01575326919556,0.0,0.0,0.0,0.0,0.0,0.0,0.0,59,nan,nan,0,T_JUNCTION,108,4,2,0
134.0358021259308,0.0,0.0,0.0,0.0,0.0,0.0,0.0,59,nan,nan,0,T_JUNCTION,108,4,2,0
134.05576586723328,0.0,0.0,0.0,0.0,0.0,0.0,0.0,59,nan,nan,0,T_JUNCTION,108,4,2,0
134.07578682899475,0.0,0.0,0.0,0.0,0.0,0.0,0.0,59,nan,nan,0,T_JUNCTION,108,4,2,0
134.095782995224,0.0,0.0,0.0,0.0,0.0,0.0,0.0,59,nan,nan,0,T_JUNCTION,108,4,2,0
134.1157729625702,0.0,0.0,0.0,0.0,0.0,0.0,0.0,59,nan,nan,0,T_JUNCTION,108,4,2,0
134.1357936859131,0.0,0.0,0.0,0.0,0.0,0.0,0.0,59,nan,nan,0,T_JUNCTION,108,4,2,0
134.15577626228333,0.0,0.0,0.0,0.0,0.0,0.0,0.0,59,nan,nan,0,T_JUNCTION,108,4,2,0
134.1757538318634,0.0,0.0,0.0,0.0,0.0,0.0,0.0,59,nan,nan,0,T_JUNCTION,108,4,2,0
134.19575548171997,0.0,0.0,0.0,0.0,0.0,0.0,0.0,59,nan,nan,0,T_JUNCTION,108,4,2,0
134.21575450897217,0.0,0.0,0.0,0.0,0.0,0.0,0.0,59,nan,nan,0,T_JUNCTION,108,4,2,0
134.23579668998718,0.0,0.0,0.0,0.0,0.0,0.0,0.0,59,nan,nan,0,T_JUNCTION,108,4,2,0
134.25577020645142,0.0,0.0,0.0,0.0,0.0,0.0,0.0,59,nan,nan,0,T_JUNCTION,108,4,2,0
134.27576208114624,0.0,0.0,0.0,0.0,0.0,0.0,0.0,59,nan,nan,0,T_JUNCTION,108,4,2,0
134.2957844734192,0.0,0.0,0.0,0.0,0.0,0.0,0.0,59,nan,nan,0,T_JUNCTION,108,4,2,0
134.3157811164856,0.0,0.0,0.0,0.0,0.0,0.0,0.0,59,nan,nan,0,T_JUNCTION,108,4,2,0
134.33580899238586,0.0,0.0,0.0,0.0,0.0,0.0,0.0,59,nan,nan,0,T_JUNCTION,108,4,2,0
134.35578560829163,0.0,0.0,0.0,0.0,0.0,0.0,0.0,59,nan,nan,0,T_JUNCTION,108,4,2,0
134.3757770061493,0.0,0.0,0.0,0.0,0.0,0.0,0.0,59,nan,nan,0,T_JUNCTION,108,4,2,0
134.3959038257599,0.0,0.0,0.0,0.0,0.0,0.0,0.0,59,nan,nan,0,T_JUNCTION,108,4,2,0
134.41582655906677,0.0,0.0,0.0,0.0,0.0,0.0,0.0,59,nan,nan,0,T_JUNCTION,108,4,2,0
134.43580174446106,0.0,0.0,0.0,0.0,0.0,0.0,0.0,59,nan,nan,0,T_JUNCTION,108,4,2,0
134.45578932762146,0.0,0.0,0.0,0.0,0.0,0.0,0.0,59,nan,nan,0,T_JUNCTION,108,4,2,0
134.4757580757141,0.0,0.0,0.0,0.0,0.0,0.0,0.0,59,nan,nan,0,T_JUNCTION,108,4,2,0
134.49576592445374,0.0,0.0,0.0,0.0,0.0,0.0,0.0,59,nan,nan,0,T_JUNCTION,108,4,2,0
134.5157630443573,0.0,0.0,0.0,0.0,0.0,0.0,0.0,59,nan,nan,0,T_JUNCTION,108,4,2,0
134.53580403327942,0.0,0.0,0.0,0.0,0.0,0.0,0.0,59,nan,nan,0,T_JUNCTION,108,4,2,0
134.5557746887207,0.0,0.0,0.0,0.0,0.0,0.0,0.0,59,nan,nan,0,T_JUNCTION,108,4,2,0
134.57577109336853,0.0,0.0,0.0,0.0,0.0,0.0,0.0,59,nan,nan,0,T_JUNCTION,108,4,2,0
134.59579396247864,0.0,0.0,0.0,0.0,0.0,0.0,0.0,59,nan,nan,0,T_JUNCTION,108,4,2,0
134.61577248573303,0.0,0.0,0.0,0.0,0.0,0.0,0.0,59,nan,nan,0,T_JUNCTION,108,4,2,0
134.6358127593994,0.0,0.0,0.0,0.0,0.0,0.0,0.0,59,nan,nan,0,T_JUNCTION,108,4,2,0
134.65577626228333,0.0,0.0,0.0,0.0,0.0,0.0,0.0,59,nan,nan,0,T_JUNCTION,108,4,2,0
134.67579627037048,0.0,0.0,0.0,0.0,0.0,0.0,0.0,59,nan,nan,0,T_JUNCTION,108,4,2,0
134.6957607269287,0.0,0.0,0.0,0.0,0.0,0.0,0.0,59,nan,nan,0,T_JUNCTION,108,4,2,0
134.71575736999512,0.0,0.0,0.0,0.0,0.0,0.0,0.0,59,nan,nan,0,T_JUNCTION,108,4,2,0
134.7358090877533,0.0,0.0,0.0,0.0,0.0,0.0,0.0,59,nan,nan,0,T_JUNCTION,108,4,2,0
134.75576734542847,0.0,0.0,0.0,0.0,0.0,0.0,0.0,59,nan,nan,0,T_JUNCTION,108,4,2,0
134.7757682800293,0.0,0.0,0.0,0.0,0.0,0.0,0.0,59,nan,nan,0,T_JUNCTION,108,4,2,0
134.7957603931427,0.0,0.0,0.0,0.0,0.0,0.0,0.0,59,nan,nan,0,T_JUNCTION,108,4,2,0
134.81577801704407,0.0,0.0,0.0,0.0,0.0,0.0,0.0,59,nan,nan,0,T_JUNCTION,108,4,2,0
134.83580875396729,0.0,0.0,0.0,0.0,0.0,0.0,0.0,59,nan,nan,0,T_JUNCTION,108,4,2,0
134.8557894229889,0.0,0.0,0.0,0.0,0.0,0.0,0.0,59,nan,nan,0,T_JUNCTION,108,4,2,0
134.87576985359192,0.0,0.0,0.0,0.0,0.0,0.0,0.0,59,nan,nan,0,T_JUNCTION,108,4,2,0
134.89576864242554,0.0,0.0,0.0,0.0,0.0,0.0,0.0,59,nan,nan,0,T_JUNCTION,108,4,2,0
134.9157679080963,0.0,0.0,0.0,0.0,0.0,0.0,0.0,59,nan,nan,0,T_JUNCTION,108,4,2,0
134.93581461906433,0.0,0.0,0.0,0.0,0.0,0.0,0.0,59,nan,nan,0,T_JUNCTION,108,4,2,0
134.9557590484619,0.0,0.0,0.0,0.0,0.0,0.0,0.0,59,nan,nan,0,T_JUNCTION,108,4,2,0
134.975754737854,0.0,0.0,0.0,0.0,0.0,0.0,0.0,59,nan,nan,0,T_JUNCTION,108,4,2,0
134.9957549571991,0.0,0.0,0.0,0.0,0.0,0.0,0.0,59,nan,nan,0,T_JUNCTION,108,4,2,0
135.01576399803162,0.0,0.0,0.0,0.0,0.0,0.0,0.0,59,nan,nan,0,T_JUNCTION,108,4,2,0
135.03580284118652,0.0,0.0,0.0,0.0,0.0,0.0,0.0,59,nan,nan,0,T_JUNCTION,108,4,2,0
135.05577993392944,0.0,0.0,0.0,0.0,0.0,0.0,0.0,59,nan,nan,0,T_JUNCTION,108,4,2,0
135.07576727867126,0.0,0.0,0.0,0.0,0.0,0.0,0.0,59,nan,nan,0,T_JUNCTION,108,4,2,0
135.09577345848083,0.0,0.0,0.0,0.0,0.0,0.0,0.0,59,nan,nan,0,T_JUNCTION,108,4,2,0
135.1157546043396,0.0,0.0,0.0,0.0,0.0,0.0,0.0,59,nan,nan,0,T_JUNCTION,108,4,2,0
135.13578844070435,0.0,0.0,0.0,0.0,0.0,0.0,0.0,59,nan,nan,0,T_JUNCTION,108,4,2,0
135.1557776927948,0.0,0.0,0.0,0.0,0.0,0.0,0.0,59,nan,nan,0,T_JUNCTION,108,4,2,0
135.1757514476776,0.0,0.0,0.0,0.0,0.0,0.0,0.0,59,nan,nan,0,T_JUNCTION,108,4,2,0
135.19575428962708,0.0,0.0,0.0,0.0,0.0,0.0,0.0,59,nan,nan,0,T_JUNCTION,108,4,2,0
135.21576023101807,0.0,0.0,0.0,0.0,0.0,0.0,0.0,59,nan,nan,0,T_JUNCTION,108,4,2,0
135.23581647872925,0.0,0.0,0.0,0.0,0.0,0.0,0.0,59,nan,nan,0,T_JUNCTION,108,4,2,0
135.25578141212463,0.0,0.0,0.0,0.0,0.0,0.0,0.0,59,nan,nan,0,T_JUNCTION,108,4,2,0
135.27576231956482,0.0,0.0,0.0,0.0,0.0,0.0,0.0,59,nan,nan,0,T_JUNCTION,108,4,2,0
135.29581427574158,0.0,0.0,0.0,0.0,0.0,0.0,0.0,59,nan,nan,0,T_JUNCTION,108,4,2,0
135.31577944755554,0.0,0.0,0.0,0.0,0.0,0.0,0.0,59,nan,nan,0,T_JUNCTION,108,4,2,0
135.3358175754547,0.0,0.0,0.0,0.0,0.0,0.0,0.0,59,nan,nan,0,T_JUNCTION,108,4,2,0
135.35577487945557,0.0,0.0,0.0,0.0,0.0,0.0,0.0,59,nan,nan,0,T_JUNCTION,108,4,2,0
135.37576818466187,0.0,0.0,0.0,0.0,0.0,0.0,0.0,59,nan,nan,0,T_JUNCTION,108,4,2,0
135.39577174186707,0.0,0.0,0.0,0.0,0.0,0.0,0.0,59,nan,nan,0,T_JUNCTION,108,4,2,0
135.41576623916626,0.0,0.0,0.0,0.0,0.0,0.0,0.0,59,nan,nan,0,T_JUNCTION,108,4,2,0
135.4357988834381,0.0,0.0,0.0,0.0,0.0,0.0,0.0,59,nan,nan,0,T_JUNCTION,108,4,2,0
135.4557774066925,0.0,0.0,0.0,0.0,0.0,0.0,0.0,59,nan,nan,0,T_JUNCTION,108,4,2,0
135.47575783729553,0.0,0.0,0.0,0.0,0.0,0.0,0.0,59,nan,nan,0,T_JUNCTION,108,4,2,0
135.4957721233368,0.0,0.0,0.0,0.0,0.0,0.0,0.0,59,nan,nan,0,T_JUNCTION,108,4,2,0
135.5157778263092,0.0,0.0,0.0,0.0,0.0,0.0,0.0,59,nan,nan,0,T_JUNCTION,108,4,2,0
135.53579926490784,0.0,0.0,0.0,0.0,0.0,0.0,0.0,59,nan,nan,0,T_JUNCTION,108,4,2,0
135.5557723045349,0.0,0.0,0.0,0.0,0.0,0.0,0.0,59,nan,nan,0,T_JUNCTION,108,4,2,0
135.57576942443848,0.0,0.0,0.0,0.0,0.0,0.0,0.0,59,nan,nan,0,T_JUNCTION,108,4,2,0
135.59577298164368,0.0,0.0,0.0,0.0,0.0,0.0,0.0,59,nan,nan,0,T_JUNCTION,108,4,2,0
135.61576223373413,0.0,0.0,0.0,0.0,0.0,0.0,0.0,59,nan,nan,0,T_JUNCTION,108,4,2,0
135.6357922554016,0.0,0.0,0.0,0.0,0.0,0.0,0.0,59,nan,nan,0,T_JUNCTION,108,4,2,0
135.65575671195984,0.0,0.0,0.0,0.0,0.0,0.0,0.0,59,nan,nan,0,T_JUNCTION,108,4,2,0
135.67576122283936,0.0,0.0,0.0,0.0,0.0,0.0,0.0,59,nan,nan,0,T_JUNCTION,108,4,2,0
135.69576573371887,0.0,0.0,0.0,0.0,0.0,0.0,0.0,59,nan,nan,0,T_JUNCTION,108,4,2,0
135.71577405929565,0.0,0.0,0.0,0.0,0.0,0.0,0.0,59,nan,nan,0,T_JUNCTION,108,4,2,0
135.73583388328552,0.0,0.0,0.0,0.0,0.0,0.0,0.0,59,nan,nan,0,T_JUNCTION,108,4,2,0
135.75577545166016,0.0,0.0,0.0,0.0,0.0,0.0,0.0,59,nan,nan,0,T_JUNCTION,108,4,2,0
135.7757694721222,0.0,0.0,0.0,0.0,0.0,0.0,0.0,59,nan,nan,0,T_JUNCTION,108,4,2,0
135.79577708244324,0.0,0.0,0.0,0.0,0.0,0.0,0.0,59,nan,nan,0,T_JUNCTION,108,4,2,0
135.81577110290527,0.0,0.0,0.0,0.0,0.0,0.0,0.0,59,nan,nan,0,T_JUNCTION,108,4,2,0
135.83581376075745,0.0,0.0,0.0,0.0,0.0,0.0,0.0,59,nan,nan,0,T_JUNCTION,108,4,2,0
135.85577392578125,0.0,0.0,0.0,0.0,0.0,0.0,0.0,59,nan,nan,0,T_JUNCTION,108,4,2,0
135.87576866149902,0.0,0.0,0.0,0.0,0.0,0.0,0.0,59,nan,nan,0,T_JUNCTION,108,4,2,0
135.89576387405396,0.0,0.0,0.0,0.0,0.0,0.0,0.0,59,nan,nan,0,T_JUNCTION,108,4,2,0
135.91576194763184,0.0,0.0,0.0,0.0,0.0,0.0,0.0,59,nan,nan,0,T_JUNCTION,108,4,2,0
135.935795545578,0.0,0.0,0.0,0.0,0.0,0.0,0.0,59,nan,nan,0,T_JUNCTION,108,4,2,0
135.95577025413513,0.0,0.0,0.0,0.0,0.0,0.0,0.0,59,nan,nan,0,T_JUNCTION,108,4,2,0
135.97576427459717,0.0,0.0,0.0,0.0,0.0,0.0,0.0,59,nan,nan,0,T_JUNCTION,108,4,2,0
135.9957630634308,0.0,0.0,0.0,0.0,0.0,0.0,0.0,59,nan,nan,0,T_JUNCTION,108,4,2,0
136.01575326919556,0.0,0.0,0.0,0.0,0.0,0.0,0.0,59,nan,nan,0,T_JUNCTION,108,4,2,0
136.03579688072205,0.0,0.0,0.0,0.0,0.0,0.0,0.0,59,nan,nan,0,T_JUNCTION,108,4,2,0
136.05576395988464,0.0,0.0,0.0,0.0,0.0,0.0,0.0,59,nan,nan,0,T_JUNCTION,108,4,2,0
136.0757758617401,0.0,0.0,0.0,0.0,0.0,0.0,0.0,59,nan,nan,0,T_JUNCTION,108,4,2,0
136.09576320648193,0.0,0.0,0.0,0.0,0.0,0.0,0.0,59,nan,nan,0,T_JUNCTION,108,4,2,0
136.11577463150024,0.0,0.0,0.0,0.0,0.0,0.0,0.0,59,nan,nan,0,T_JUNCTION,108,4,2,0
136.1358003616333,0.0,0.0,0.0,0.0,0.0,0.0,0.0,59,nan,nan,0,T_JUNCTION,108,4,2,0
136.15577220916748,0.0,0.0,0.0,0.0,0.0,0.0,0.0,59,nan,nan,0,T_JUNCTION,108,4,2,0
136.1757574081421,0.0,0.0,0.0,0.0,0.0,0.0,0.0,59,nan,nan,0,T_JUNCTION,108,4,2,0
136.19576954841614,0.0,0.0,0.0,0.0,0.0,0.0,0.0,59,nan,nan,0,T_JUNCTION,108,4,2,0
136.2157781124115,0.0,0.0,0.0,0.0,0.0,0.0,0.0,59,nan,nan,0,T_JUNCTION,108,4,2,0
136.23579263687134,0.0,0.0,0.0,0.0,0.0,0.0,0.0,59,nan,nan,0,T_JUNCTION,108,4,2,0
136.25576496124268,0.0,0.0,0.0,0.0,0.0,0.0,0.0,59,nan,nan,0,T_JUNCTION,108,4,2,0
136.27578854560852,0.0,0.0,0.0,0.0,0.0,0.0,0.0,59,nan,nan,0,T_JUNCTION,108,4,2,0
136.29579305648804,0.0,0.0,0.0,0.0,0.0,0.0,0.0,59,nan,nan,0,T_JUNCTION,108,4,2,0
136.31576871871948,0.0,0.0,0.0,0.0,0.0,0.0,0.0,59,nan,nan,0,T_JUNCTION,108,4,2,0
136.3357982635498,0.0,0.0,0.0,0.0,0.0,0.0,0.0,59,nan,nan,0,T_JUNCTION,108,4,2,0
136.3557653427124,0.0,0.0,0.0,0.0,0.0,0.0,0.0,59,nan,nan,0,T_JUNCTION,108,4,2,0
136.37577033042908,0.0,0.0,0.0,0.0,0.0,0.0,0.0,59,nan,nan,0,T_JUNCTION,108,4,2,0
136.39577269554138,0.0,0.0,0.0,0.0,0.0,0.0,0.0,59,nan,nan,0,T_JUNCTION,108,4,2,0
136.41576600074768,0.0,0.0,0.0,0.0,0.0,0.0,0.0,59,nan,nan,0,T_JUNCTION,108,4,2,0
136.43581557273865,0.0,0.0,0.0,0.0,0.0,0.0,0.0,59,nan,nan,0,T_JUNCTION,108,4,2,0
136.45577907562256,0.0,0.0,0.0,0.0,0.0,0.0,0.0,59,nan,nan,0,T_JUNCTION,108,4,2,0
136.47576379776,0.0,0.0,0.0,0.0,0.0,0.0,0.0,59,nan,nan,0,T_JUNCTION,108,4,2,0
136.49581050872803,0.0,0.0,0.0,0.0,0.0,0.0,0.0,59,nan,nan,0,T_JUNCTION,108,4,2,0
136.51578664779663,0.0,0.0,0.0,0.0,0.0,0.0,0.0,59,nan,nan,0,T_JUNCTION,108,4,2,0
136.53579473495483,0.0,0.0,0.0,0.0,0.0,0.0,0.0,59,nan,nan,0,T_JUNCTION,108,4,2,0
136.5557644367218,0.0,0.0,0.0,0.0,0.0,0.0,0.0,59,nan,nan,0,T_JUNCTION,108,4,2,0
136.57575964927673,0.0,0.0,0.0,0.0,0.0,0.0,0.0,59,nan,nan,0,T_JUNCTION,108,4,2,0
136.59578013420105,0.0,0.0,0.0,0.0,0.0,0.0,0.0,59,nan,nan,0,T_JUNCTION,108,4,2,0
136.61577200889587,0.0,0.0,0.0,0.0,0.0,0.0,0.0,59,nan,nan,0,T_JUNCTION,108,4,2,0
136.63581466674805,0.0,0.0,0.0,0.0,0.0,0.0,0.0,59,nan,nan,0,T_JUNCTION,108,4,2,0
136.65582370758057,0.0,0.0,0.0,0.0,0.0,0.0,0.0,59,nan,nan,0,T_JUNCTION,108,4,2,0
136.67577075958252,0.0,0.0,0.0,0.0,0.0,0.0,0.0,59,nan,nan,0,T_JUNCTION,108,4,2,0
136.69577288627625,0.0,0.0,0.0,0.0,0.0,0.0,0.0,59,nan,nan,0,T_JUNCTION,108,4,2,0
136.71576309204102,0.0,0.0,0.0,0.0,0.0,0.0,0.0,59,nan,nan,0,T_JUNCTION,108,4,2,0
136.7358169555664,0.0,0.0,0.0,0.0,0.0,0.0,0.0,59,nan,nan,0,T_JUNCTION,108,4,2,0
136.75580668449402,0.0,0.0,0.0,0.0,0.0,0.0,0.0,59,nan,nan,0,T_JUNCTION,108,4,2,0
136.77575826644897,0.0,0.0,0.0,0.0,0.0,0.0,0.0,59,nan,nan,0,T_JUNCTION,108,4,2,0
136.7957649230957,0.0,0.0,0.0,0.0,0.0,0.0,0.0,59,nan,nan,0,T_JUNCTION,108,4,2,0
136.81577491760254,0.0,0.0,0.0,0.0,0.0,0.0,0.0,59,nan,nan,0,T_JUNCTION,108,4,2,0
136.8358175754547,0.0,0.0,0.0,0.0,0.0,0.0,0.0,59,nan,nan,0,T_JUNCTION,108,4,2,0
136.85576581954956,0.0,0.0,0.0,0.0,0.0,0.0,0.0,59,nan,nan,0,T_JUNCTION,108,4,2,0
136.8757746219635,0.0,0.0,0.0,0.0,0.0,0.0,0.0,59,nan,nan,0,T_JUNCTION,108,4,2,0
136.89578008651733,0.0,0.0,0.0,0.0,0.0,0.0,0.0,59,nan,nan,0,T_JUNCTION,108,4,2,0
136.91576528549194,0.0,0.0,0.0,0.0,0.0,0.0,0.0,59,nan,nan,0,T_JUNCTION,108,4,2,0
136.93583512306213,0.0,0.0,0.0,0.0,0.0,0.0,0.0,59,nan,nan,0,T_JUNCTION,108,4,2,0
136.9557638168335,0.0,0.0,0.0,0.0,0.0,0.0,0.0,59,nan,nan,0,T_JUNCTION,108,4,2,0
136.97575330734253,0.0,0.0,0.0,0.0,0.0,0.0,0.0,59,nan,nan,0,T_JUNCTION,108,4,2,0
136.99577593803406,0.0,0.0,0.0,0.0,0.0,0.0,0.0,59,nan,nan,0,T_JUNCTION,108,4,2,0
137.01576399803162,0.0,0.0,0.0,0.0,0.0,0.0,0.0,59,nan,nan,0,T_JUNCTION,108,4,2,0
137.03579235076904,0.0,0.0,0.0,0.0,0.0,0.0,0.0,59,nan,nan,0,T_JUNCTION,108,4,2,0
137.055805683136,0.0,0.0,0.0,0.0,0.0,0.0,0.0,59,nan,nan,0,T_JUNCTION,108,4,2,0
137.07577276229858,0.0,0.0,0.0,0.0,0.0,0.0,0.0,59,nan,nan,0,T_JUNCTION,108,4,2,0
137.09578728675842,0.0,0.0,0.0,0.0,0.0,0.0,0.0,59,nan,nan,0,T_JUNCTION,108,4,2,0
137.11575627326965,0.0,0.0,0.0,0.0,0.0,0.0,0.0,59,nan,nan,0,T_JUNCTION,108,4,2,0
137.13579320907593,0.0,0.0,0.0,0.0,0.0,0.0,0.0,59,nan,nan,0,T_JUNCTION,108,4,2,0
137.155770778656,0.0,0.0,0.0,0.0,0.0,0.0,0.0,59,nan,nan,0,T_JUNCTION,108,4,2,0
137.1757607460022,0.0,0.0,0.0,0.0,0.0,0.0,0.0,59,nan,nan,0,T_JUNCTION,108,4,2,0
137.19576406478882,0.0,0.0,0.0,0.0,0.0,0.0,0.0,59,nan,nan,0,T_JUNCTION,108,4,2,0
137.2157826423645,0.0,0.0,0.0,0.0,0.0,0.0,0.0,59,nan,nan,0,T_JUNCTION,108,4,2,0
137.23578786849976,0.0,0.0,0.0,0.0,0.0,0.0,0.0,59,nan,nan,0,T_JUNCTION,108,4,2,0
137.25579237937927,0.0,0.0,0.0,0.0,0.0,0.0,0.0,59,nan,nan,0,T_JUNCTION,108,4,2,0
137.27577090263367,0.0,0.0,0.0,0.0,0.0,0.0,0.0,59,nan,nan,0,T_JUNCTION,108,4,2,0
137.29576921463013,0.0,0.0,0.0,0.0,0.0,0.0,0.0,59,nan,nan,0,T_JUNCTION,108,4,2,0
137.3157742023468,0.0,0.0,0.0,0.0,0.0,0.0,0.0,59,nan,nan,0,T_JUNCTION,108,4,2,0
137.33579993247986,0.0,0.0,0.0,0.0,0.0,0.0,0.0,59,nan,nan,0,T_JUNCTION,108,4,2,0
137.35576272010803,0.0,0.0,0.0,0.0,0.0,0.0,0.0,59,nan,nan,0,T_JUNCTION,108,4,2,0
137.37577271461487,0.0,0.0,0.0,0.0,0.0,0.0,0.0,59,nan,nan,0,T_JUNCTION,108,4,2,0
137.39576601982117,0.0,0.0,0.0,0.0,0.0,0.0,0.0,59,nan,nan,0,T_JUNCTION,108,4,2,0
137.41577315330505,0.0,0.0,0.0,0.0,0.0,0.0,0.0,59,nan,nan,0,T_JUNCTION,108,4,2,0
137.43578457832336,0.0,0.0,0.0,0.0,0.0,0.0,0.0,59,nan,nan,0,T_JUNCTION,108,4,2,0
137.4557855129242,0.0,0.0,0.0,0.0,0.0,0.0,0.0,59,nan,nan,0,T_JUNCTION,108,4,2,0
137.47578191757202,0.0,0.0,0.0,0.0,0.0,0.0,0.0,59,nan,nan,0,T_JUNCTION,108,4,2,0
137.49575448036194,0.0,0.0,0.0,0.0,0.0,0.0,0.0,59,nan,nan,0,T_JUNCTION,108,4,2,0
137.51575565338135,0.0,0.0,0.0,0.0,0.0,0.0,0.0,59,nan,nan,0,T_JUNCTION,108,4,2,0
137.53581857681274,0.0,0.0,0.0,0.0,0.0,0.0,0.0,59,nan,nan,0,T_JUNCTION,108,4,2,0
137.55576348304749,0.0,0.0,0.0,0.0,0.0,0.0,0.0,59,nan,nan,0,T_JUNCTION,108,4,2,0
137.57577443122864,0.0,0.0,0.0,0.0,0.0,0.0,0.0,59,nan,nan,0,T_JUNCTION,108,4,2,0
137.59576725959778,0.0,0.0,0.0,0.0,0.0,0.0,0.0,59,nan,nan,0,T_JUNCTION,108,4,2,0
137.61576390266418,0.0,0.0,0.0,0.0,0.0,0.0,0.0,59,nan,nan,0,T_JUNCTION,108,4,2,0
137.6357913017273,0.0,0.0,0.0,0.0,0.0,0.0,0.0,59,nan,nan,0,T_JUNCTION,108,4,2,0
137.65576577186584,0.0,0.0,0.0,0.0,0.0,0.0,0.0,59,nan,nan,0,T_JUNCTION,108,4,2,0
137.6758155822754,0.0,0.0,0.0,0.0,0.0,0.0,0.0,59,nan,nan,0,T_JUNCTION,108,4,2,0
137.69576597213745,0.0,0.0,0.0,0.0,0.0,0.0,0.0,59,nan,nan,0,T_JUNCTION,108,4,2,0
137.71577405929565,0.0,0.0,0.0,0.0,0.0,0.0,0.0,59,nan,nan,0,T_JUNCTION,108,4,2,0
137.73580718040466,0.0,0.0,0.0,0.0,0.0,0.0,0.0,59,nan,nan,0,T_JUNCTION,108,4,2,0
137.75576448440552,0.0,0.0,0.0,0.0,0.0,0.0,0.0,59,nan,nan,0,T_JUNCTION,108,4,2,0
137.77576279640198,0.0,0.0,0.0,0.0,0.0,0.0,0.0,59,nan,nan,0,T_JUNCTION,108,4,2,0
137.7957649230957,0.0,0.0,0.0,0.0,0.0,0.0,0.0,59,nan,nan,0,T_JUNCTION,108,4,2,0
137.8157615661621,0.0,0.0,0.0,0.0,0.0,0.0,0.0,59,nan,nan,0,T_JUNCTION,108,4,2,0
137.8358006477356,0.0,0.0,0.0,0.0,0.0,0.0,0.0,59,nan,nan,0,T_JUNCTION,108,4,2,0
137.85578036308289,0.0,0.0,0.0,0.0,0.0,0.0,0.0,59,nan,nan,0,T_JUNCTION,108,4,2,0
137.8757610321045,0.0,0.0,0.0,0.0,0.0,0.0,0.0,59,nan,nan,0,T_JUNCTION,108,4,2,0
137.89576315879822,0.0,0.0,0.0,0.0,0.0,0.0,0.0,59,nan,nan,0,T_JUNCTION,108,4,2,0
137.91576051712036,0.0,0.0,0.0,0.0,0.0,0.0,0.0,59,nan,nan,0,T_JUNCTION,108,4,2,0
137.93579292297363,0.0,0.0,0.0,0.0,0.0,0.0,0.0,59,nan,nan,0,T_JUNCTION,108,4,2,0
137.9557638168335,0.0,0.0,0.0,0.0,0.0,0.0,0.0,59,nan,nan,0,T_JUNCTION,108,4,2,0
137.9757809638977,0.0,0.0,0.0,0.0,0.0,0.0,0.0,59,nan,nan,0,T_JUNCTION,108,4,2,0
137.99577236175537,0.0,0.0,0.0,0.0,0.0,0.0,0.0,59,nan,nan,0,T_JUNCTION,108,4,2,0
138.01577281951904,0.0,0.0,0.0,0.0,0.0,0.0,0.0,59,nan,nan,0,T_JUNCTION,108,4,2,0
138.03578758239746,0.0,0.0,0.0,0.0,0.0,0.0,0.0,59,nan,nan,0,T_JUNCTION,108,4,2,0
138.05579137802124,0.0,0.0,0.0,0.0,0.0,0.0,0.0,59,nan,nan,0,T_JUNCTION,108,4,2,0
138.07575821876526,0.0,0.0,0.0,0.0,0.0,0.0,0.0,59,nan,nan,0,T_JUNCTION,108,4,2,0
138.09577798843384,0.0,0.0,0.0,0.0,0.0,0.0,0.0,59,nan,nan,0,T_JUNCTION,108,4,2,0
138.1157648563385,0.0,0.0,0.0,0.0,0.0,0.0,0.0,59,nan,nan,0,T_JUNCTION,108,4,2,0
138.13579034805298,0.0,0.0,0.0,0.0,0.0,0.0,0.0,59,nan,nan,0,T_JUNCTION,108,4,2,0
138.15578389167786,0.0,0.0,0.0,0.0,0.0,0.0,0.0,59,nan,nan,0,T_JUNCTION,108,4,2,0
138.1757776737213,0.0,0.0,0.0,0.0,0.0,0.0,0.0,59,nan,nan,0,T_JUNCTION,108,4,2,0
138.19576382637024,0.0,0.0,0.0,0.0,0.0,0.0,0.0,59,nan,nan,0,T_JUNCTION,108,4,2,0
138.21577048301697,0.0,0.0,0.0,0.0,0.0,0.0,0.0,59,nan,nan,0,T_JUNCTION,108,4,2,0
138.23579239845276,0.0,0.0,0.0,0.0,0.0,0.0,0.0,59,nan,nan,0,T_JUNCTION,108,4,2,0
138.25577521324158,0.0,0.0,0.0,0.0,0.0,0.0,0.0,59,nan,nan,0,T_JUNCTION,108,4,2,0
138.27576971054077,0.0,0.0,0.0,0.0,0.0,0.0,0.0,59,nan,nan,0,T_JUNCTION,108,4,2,0
138.2958104610443,0.0,0.0,0.0,0.0,0.0,0.0,0.0,59,nan,nan,0,T_JUNCTION,108,4,2,0
138.31576919555664,0.0,0.0,0.0,0.0,0.0,0.0,0.0,59,nan,nan,0,T_JUNCTION,108,4,2,0
138.33579206466675,0.0,0.0,0.0,0.0,0.0,0.0,0.0,59,nan,nan,0,T_JUNCTION,108,4,2,0
138.35576391220093,0.0,0.0,0.0,0.0,0.0,0.0,0.0,59,nan,nan,0,T_JUNCTION,108,4,2,0
138.3757679462433,0.0,0.0,0.0,0.0,0.0,0.0,0.0,59,nan,nan,0,T_JUNCTION,108,4,2,0
138.3957884311676,0.0,0.0,0.0,0.0,0.0,0.0,0.0,59,nan,nan,0,T_JUNCTION,108,4,2,0
138.415757894516,0.0,0.0,0.0,0.0,0.0,0.0,0.0,59,nan,nan,0,T_JUNCTION,108,4,2,0
138.435786485672,0.0,0.0,0.0,0.0,0.0,0.0,0.0,59,nan,nan,0,T_JUNCTION,108,4,2,0
138.45579075813293,0.0,0.0,0.0,0.0,0.0,0.0,0.0,59,nan,nan,0,T_JUNCTION,108,4,2,0
138.47577095031738,0.0,0.0,0.0,0.0,0.0,0.0,0.0,59,nan,nan,0,T_JUNCTION,108,4,2,0
138.49578022956848,0.0,0.0,0.0,0.0,0.0,0.0,0.0,59,nan,nan,0,T_JUNCTION,108,4,2,0
138.51579308509827,0.0,0.0,0.0,0.0,0.0,0.0,0.0,59,nan,nan,0,T_JUNCTION,108,4,2,0
138.53581595420837,0.0,0.0,0.0,0.0,0.0,0.0,0.0,59,nan,nan,0,T_JUNCTION,108,4,2,0
138.55577397346497,0.0,0.0,0.0,0.0,0.0,0.0,0.0,59,nan,nan,0,T_JUNCTION,108,4,2,0
138.57575750350952,0.0,0.0,0.0,0.0,0.0,0.0,0.0,59,nan,nan,0,T_JUNCTION,108,4,2,0
138.5957579612732,0.0,0.0,0.0,0.0,0.0,0.0,0.0,59,nan,nan,0,T_JUNCTION,108,4,2,0
138.6157636642456,0.0,0.0,0.0,0.0,0.0,0.0,0.0,59,nan,nan,0,T_JUNCTION,108,4,2,0
138.63578701019287,0.0,0.0,0.0,0.0,0.0,0.0,0.0,59,nan,nan,0,T_JUNCTION,108,4,2,0
138.6557719707489,0.0,0.0,0.0,0.0,0.0,0.0,0.0,59,nan,nan,0,T_JUNCTION,108,4,2,0
138.67577195167542,0.0,0.0,0.0,0.0,0.0,0.0,0.0,59,nan,nan,0,T_JUNCTION,108,4,2,0
138.6957631111145,0.0,0.0,0.0,0.0,0.0,0.0,0.0,59,nan,nan,0,T_JUNCTION,108,4,2,0
138.71576404571533,0.0,0.0,0.0,0.0,0.0,0.0,0.0,59,nan,nan,0,T_JUNCTION,108,4,2,0
138.7357919216156,0.0,0.0,0.0,0.0,0.0,0.0,0.0,59,nan,nan,0,T_JUNCTION,108,4,2,0
138.75577116012573,0.0,0.0,0.0,0.0,0.0,0.0,0.0,59,nan,nan,0,T_JUNCTION,108,4,2,0
138.7758011817932,0.0,0.0,0.0,0.0,0.0,0.0,0.0,59,nan,nan,0,T_JUNCTION,108,4,2,0
138.79575777053833,0.0,0.0,0.0,0.0,0.0,0.0,0.0,59,nan,nan,0,T_JUNCTION,108,4,2,0
138.815767288208,0.0,0.0,0.0,0.0,0.0,0.0,0.0,59,nan,nan,0,T_JUNCTION,108,4,2,0
138.83579087257385,0.0,0.0,0.0,0.0,0.0,0.0,0.0,59,nan,nan,0,T_JUNCTION,108,4,2,0
138.85576677322388,0.0,0.0,0.0,0.0,0.0,0.0,0.0,59,nan,nan,0,T_JUNCTION,108,4,2,0
138.8757905960083,0.0,0.0,0.0,0.0,0.0,0.0,0.0,59,nan,nan,0,T_JUNCTION,108,4,2,0
138.89576768875122,0.0,0.0,0.0,0.0,0.0,0.0,0.0,59,nan,nan,0,T_JUNCTION,108,4,2,0
138.91577696800232,0.0,0.0,0.0,0.0,0.0,0.0,0.0,59,nan,nan,0,T_JUNCTION,108,4,2,0
138.93579602241516,0.0,0.0,0.0,0.0,0.0,0.0,0.0,59,nan,nan,0,T_JUNCTION,108,4,2,0
138.9557752609253,0.0,0.0,0.0,0.0,0.0,0.0,0.0,59,nan,nan,0,T_JUNCTION,108,4,2,0
138.97575736045837,0.0,0.0,0.0,0.0,0.0,0.0,0.0,59,nan,nan,0,T_JUNCTION,108,4,2,0
138.99577450752258,0.0,0.0,0.0,0.0,0.0,0.0,0.0,59,nan,nan,0,T_JUNCTION,108,4,2,0
139.0157608985901,0.0,0.0,0.0,0.0,0.0,0.0,0.0,59,nan,nan,0,T_JUNCTION,108,4,2,0
139.0357804298401,0.0,0.0,0.0,0.0,0.0,0.0,0.0,59,nan,nan,0,T_JUNCTION,108,4,2,0
139.0557622909546,0.0,0.0,0.0,0.0,0.0,0.0,0.0,59,nan,nan,0,T_JUNCTION,108,4,2,0
139.07578110694885,0.0,0.0,0.0,0.0,0.0,0.0,0.0,59,nan,nan,0,T_JUNCTION,108,4,2,0
139.09577631950378,0.0,0.0,0.0,0.0,0.0,0.0,0.0,59,nan,nan,0,T_JUNCTION,108,4,2,0
139.11576294898987,0.0,0.0,0.0,0.0,0.0,0.0,0.0,59,nan,nan,0,T_JUNCTION,108,4,2,0
139.13577508926392,0.0,0.0,0.0,0.0,0.0,0.0,0.0,59,nan,nan,0,T_JUNCTION,108,4,2,0
139.15577173233032,0.0,0.0,0.0,0.0,0.0,0.0,0.0,59,nan,nan,0,T_JUNCTION,108,4,2,0
139.1757640838623,0.0,0.0,0.0,0.0,0.0,0.0,0.0,59,nan,nan,0,T_JUNCTION,108,4,2,0
139.19576334953308,0.0,0.0,0.0,0.0,0.0,0.0,0.0,59,nan,nan,0,T_JUNCTION,108,4,2,0
139.2157804965973,0.0,0.0,0.0,0.0,0.0,0.0,0.0,59,nan,nan,0,T_JUNCTION,108,4,2,0
139.23580479621887,0.0,0.0,0.0,0.0,0.0,0.0,0.0,59,nan,nan,0,T_JUNCTION,108,4,2,0
139.2557816505432,0.0,0.0,0.0,0.0,0.0,0.0,0.0,59,nan,nan,0,T_JUNCTION,108,4,2,0
139.2757613658905,0.0,0.0,0.0,0.0,0.0,0.0,0.0,59,nan,nan,0,T_JUNCTION,108,4,2,0
139.2958152294159,0.0,0.0,0.0,0.0,0.0,0.0,0.0,59,nan,nan,0,T_JUNCTION,108,4,2,0
139.31576371192932,0.0,0.0,0.0,0.0,0.0,0.0,0.0,59,nan,nan,0,T_JUNCTION,108,4,2,0
139.33579206466675,0.0,0.0,0.0,0.0,0.0,0.0,0.0,59,nan,nan,0,T_JUNCTION,108,4,2,0
139.3557574748993,0.0,0.0,0.0,0.0,0.0,0.0,0.0,59,nan,nan,0,T_JUNCTION,108,4,2,0
139.37578082084656,0.0,0.0,0.0,0.0,0.0,0.0,0.0,59,nan,nan,0,T_JUNCTION,108,4,2,0
139.39575505256653,0.0,0.0,0.0,0.0,0.0,0.0,0.0,59,nan,nan,0,T_JUNCTION,108,4,2,0
139.41576313972473,0.0,0.0,0.0,0.0,0.0,0.0,0.0,59,nan,nan,0,T_JUNCTION,108,4,2,0
139.43578696250916,0.0,0.0,0.0,0.0,0.0,0.0,0.0,59,nan,nan,0,T_JUNCTION,108,4,2,0
139.4557876586914,0.0,0.0,0.0,0.0,0.0,0.0,0.0,59,nan,nan,0,T_JUNCTION,108,4,2,0
139.47577333450317,0.0,0.0,0.0,0.0,0.0,0.0,0.0,59,nan,nan,0,T_JUNCTION,108,4,2,0
139.49580121040344,0.0,0.0,0.0,0.0,0.0,0.0,0.0,59,nan,nan,0,T_JUNCTION,108,4,2,0
139.515771150589,0.0,0.0,0.0,0.0,0.0,0.0,0.0,59,nan,nan,0,T_JUNCTION,108,4,2,0
139.53580141067505,0.0,0.0,0.0,0.0,0.0,0.0,0.0,59,nan,nan,0,T_JUNCTION,108,4,2,0
139.55577301979065,0.0,0.0,0.0,0.0,0.0,0.0,0.0,59,nan,nan,0,T_JUNCTION,108,4,2,0
139.57576036453247,0.0,0.0,0.0,0.0,0.0,0.0,0.0,59,nan,nan,0,T_JUNCTION,108,4,2,0
139.59576559066772,0.0,0.0,0.0,0.0,0.0,0.0,0.0,59,nan,nan,0,T_JUNCTION,108,4,2,0
139.6157295703888,0.0,0.0,0.0,0.0,0.0,0.0,0.0,59,nan,nan,0,T_JUNCTION,108,4,2,0
139.6357650756836,0.0,0.0,0.0,0.0,0.0,0.0,0.0,59,nan,nan,0,T_JUNCTION,108,4,2,0
139.65580129623413,0.0,0.0,0.0,0.0,0.0,0.0,0.0,59,nan,nan,0,T_JUNCTION,108,4,2,0
139.67578530311584,0.0,0.0,0.0,0.0,0.0,0.0,0.0,59,nan,nan,0,T_JUNCTION,108,4,2,0
139.69576406478882,0.0,0.0,0.0,0.0,0.0,0.0,0.0,59,nan,nan,0,T_JUNCTION,108,4,2,0
139.71579718589783,0.0,0.0,0.0,0.0,0.0,0.0,0.0,59,nan,nan,0,T_JUNCTION,108,4,2,0
139.73582077026367,0.0,0.0,0.0,0.0,0.0,0.0,0.0,59,nan,nan,0,T_JUNCTION,108,4,2,0
139.75581908226013,0.0,0.0,0.0,0.0,0.0,0.0,0.0,59,nan,nan,0,T_JUNCTION,108,4,2,0
139.77577209472656,0.0,0.0,0.0,0.0,0.0,0.0,0.0,59,nan,nan,0,T_JUNCTION,108,4,2,0
139.79576873779297,0.0,0.0,0.0,0.0,0.0,0.0,0.0,59,nan,nan,0,T_JUNCTION,108,4,2,0
139.81577038764954,0.0,0.0,0.0,0.0,0.0,0.0,0.0,59,nan,nan,0,T_JUNCTION,108,4,2,0
139.83579754829407,0.0,0.0,0.0,0.0,0.0,0.0,0.0,59,nan,nan,0,T_JUNCTION,108,4,2,0
139.85577297210693,0.0,0.0,0.0,0.0,0.0,0.0,0.0,59,nan,nan,0,T_JUNCTION,108,4,2,0
139.87576913833618,0.0,0.0,0.0,0.0,0.0,0.0,0.0,59,nan,nan,0,T_JUNCTION,108,4,2,0
139.89577269554138,0.0,0.0,0.0,0.0,0.0,0.0,0.0,59,nan,nan,0,T_JUNCTION,108,4,2,0
139.91576290130615,0.0,0.0,0.0,0.0,0.0,0.0,0.0,59,nan,nan,0,T_JUNCTION,108,4,2,0
139.93582034111023,0.0,0.0,0.0,0.0,0.0,0.0,0.0,59,nan,nan,0,T_JUNCTION,108,4,2,0
139.95577239990234,0.0,0.0,0.0,0.0,0.0,0.0,0.0,59,nan,nan,0,T_JUNCTION,108,4,2,0
139.97576665878296,0.0,0.0,0.0,0.0,0.0,0.0,0.0,59,nan,nan,0,T_JUNCTION,108,4,2,0
139.99576473236084,0.0,0.0,0.0,0.0,0.0,0.0,0.0,59,nan,nan,0,T_JUNCTION,108,4,2,0
140.01575636863708,0.0,0.0,0.0,0.0,0.0,0.0,0.0,59,nan,nan,0,T_JUNCTION,108,4,2,0
140.0358293056488,0.0,0.0,0.0,0.0,0.0,0.0,0.0,59,nan,nan,0,T_JUNCTION,108,4,2,0
140.05576038360596,0.0,0.0,0.0,0.0,0.0,0.0,0.0,59,nan,nan,0,T_JUNCTION,108,4,2,0
140.07576274871826,0.0,0.0,0.0,0.0,0.0,0.0,0.0,59,nan,nan,0,T_JUNCTION,108,4,2,0
140.09576678276062,0.0,0.0,0.0,0.0,0.0,0.0,0.0,59,nan,nan,0,T_JUNCTION,108,4,2,0
140.1157910823822,0.0,0.0,0.0,0.0,0.0,0.0,0.0,59,nan,nan,0,T_JUNCTION,108,4,2,0
140.13581132888794,0.0,0.0,0.0,0.0,0.0,0.0,0.0,59,nan,nan,0,T_JUNCTION,108,4,2,0
140.1557812690735,0.0,0.0,0.0,0.0,0.0,0.0,0.0,59,nan,nan,0,T_JUNCTION,108,4,2,0
140.1757688522339,0.0,0.0,0.0,0.0,0.0,0.0,0.0,59,nan,nan,0,T_JUNCTION,108,4,2,0
140.19576621055603,0.0,0.0,0.0,0.0,0.0,0.0,0.0,59,nan,nan,0,T_JUNCTION,108,4,2,0
140.21576642990112,0.0,0.0,0.0,0.0,0.0,0.0,0.0,59,nan,nan,0,T_JUNCTION,108,4,2,0
140.23579907417297,0.0,0.0,0.0,0.0,0.0,0.0,0.0,59,nan,nan,0,T_JUNCTION,108,4,2,0
140.2557692527771,0.0,0.0,0.0,0.0,0.0,0.0,0.0,59,nan,nan,0,T_JUNCTION,108,4,2,0
140.27576422691345,0.0,0.0,0.0,0.0,0.0,0.0,0.0,59,nan,nan,0,T_JUNCTION,108,4,2,0
140.29576444625854,0.0,0.0,0.0,0.0,0.0,0.0,0.0,59,nan,nan,0,T_JUNCTION,108,4,2,0
140.31576418876648,0.0,0.0,0.0,0.0,0.0,0.0,0.0,59,nan,nan,0,T_JUNCTION,108,4,2,0
140.33580231666565,0.0,0.0,0.0,0.0,0.0,0.0,0.0,59,nan,nan,0,T_JUNCTION,108,4,2,0
140.35577535629272,0.0,0.0,0.0,0.0,0.0,0.0,0.0,59,nan,nan,0,T_JUNCTION,108,4,2,0
140.3759274482727,0.0,0.0,0.0,0.0,0.0,0.0,0.0,59,nan,nan,0,T_JUNCTION,108,4,2,0
140.39584398269653,0.0,0.0,0.0,0.0,0.0,0.0,0.0,59,nan,nan,0,T_JUNCTION,108,4,2,0
140.41577196121216,0.0,0.0,0.0,0.0,0.0,0.0,0.0,59,nan,nan,0,T_JUNCTION,108,4,2,0
140.435786485672,0.0,0.0,0.0,0.0,0.0,0.0,0.0,59,nan,nan,0,T_JUNCTION,108,4,2,0
140.45577907562256,0.0,0.0,0.0,0.0,0.0,0.0,0.0,59,nan,nan,0,T_JUNCTION,108,4,2,0
140.47577667236328,0.0,0.0,0.0,0.0,0.0,0.0,0.0,59,nan,nan,0,T_JUNCTION,108,4,2,0
140.49576807022095,0.0,0.0,0.0,0.0,0.0,0.0,0.0,59,nan,nan,0,T_JUNCTION,108,4,2,0
140.51576566696167,0.0,0.0,0.0,0.0,0.0,0.0,0.0,59,nan,nan,0,T_JUNCTION,108,4,2,0
140.53579592704773,0.0,0.0,0.0,0.0,0.0,0.0,0.0,59,nan,nan,0,T_JUNCTION,108,4,2,0
140.5557632446289,0.0,0.0,0.0,0.0,0.0,0.0,0.0,59,nan,nan,0,T_JUNCTION,108,4,2,0
140.57577657699585,0.0,0.0,0.0,0.0,0.0,0.0,0.0,59,nan,nan,0,T_JUNCTION,108,4,2,0
140.59577345848083,0.0,0.0,0.0,0.0,0.0,0.0,0.0,59,nan,nan,0,T_JUNCTION,108,4,2,0
140.61576676368713,0.0,0.0,0.0,0.0,0.0,0.0,0.0,59,nan,nan,0,T_JUNCTION,108,4,2,0
140.63579607009888,0.0,0.0,0.0,0.0,0.0,0.0,0.0,59,nan,nan,0,T_JUNCTION,108,4,2,0
140.65576338768005,0.0,0.0,0.0,0.0,0.0,0.0,0.0,59,nan,nan,0,T_JUNCTION,108,4,2,0
140.67579555511475,0.0,0.0,0.0,0.0,0.0,0.0,0.0,59,nan,nan,0,T_JUNCTION,108,4,2,0
140.69577360153198,0.0,0.0,0.0,0.0,0.0,0.0,0.0,59,nan,nan,0,T_JUNCTION,108,4,2,0
140.7157642841339,0.0,0.0,0.0,0.0,0.0,0.0,0.0,59,nan,nan,0,T_JUNCTION,108,4,2,0
140.73578691482544,0.0,0.0,0.0,0.0,0.0,0.0,0.0,59,nan,nan,0,T_JUNCTION,108,4,2,0
140.75576496124268,0.0,0.0,0.0,0.0,0.0,0.0,0.0,59,nan,nan,0,T_JUNCTION,108,4,2,0
140.77576422691345,0.0,0.0,0.0,0.0,0.0,0.0,0.0,59,nan,nan,0,T_JUNCTION,108,4,2,0
140.79576897621155,0.0,0.0,0.0,0.0,0.0,0.0,0.0,59,nan,nan,0,T_JUNCTION,108,4,2,0
140.81576323509216,0.0,0.0,0.0,0.0,0.0,0.0,0.0,59,nan,nan,0,T_JUNCTION,108,4,2,0
140.8357925415039,0.0,0.0,0.0,0.0,0.0,0.0,0.0,59,nan,nan,0,T_JUNCTION,108,4,2,0
140.85577130317688,0.0,0.0,0.0,0.0,0.0,0.0,0.0,59,nan,nan,0,T_JUNCTION,108,4,2,0
140.8757631778717,0.0,0.0,0.0,0.0,0.0,0.0,0.0,59,nan,nan,0,T_JUNCTION,108,4,2,0
140.895761013031,0.0,0.0,0.0,0.0,0.0,0.0,0.0,59,nan,nan,0,T_JUNCTION,108,4,2,0
140.91576433181763,0.0,0.0,0.0,0.0,0.0,0.0,0.0,59,nan,nan,0,T_JUNCTION,108,4,2,0
140.935795545578,0.0,0.0,0.0,0.0,0.0,0.0,0.0,59,nan,nan,0,T_JUNCTION,108,4,2,0
140.9557626247406,0.0,0.0,0.0,0.0,0.0,0.0,0.0,59,nan,nan,0,T_JUNCTION,108,4,2,0
140.97576355934143,0.0,0.0,0.0,0.0,0.0,0.0,0.0,59,nan,nan,0,T_JUNCTION,108,4,2,0
140.99576902389526,0.0,0.0,0.0,0.0,0.0,0.0,0.0,59,nan,nan,0,T_JUNCTION,108,4,2,0
141.01576113700867,0.0,0.0,0.0,0.0,0.0,0.0,0.0,59,nan,nan,0,T_JUNCTION,108,4,2,0
141.03579449653625,0.0,0.0,0.0,0.0,0.0,0.0,0.0,59,nan,nan,0,T_JUNCTION,108,4,2,0
141.0557827949524,0.0,0.0,0.0,0.0,0.0,0.0,0.0,59,nan,nan,0,T_JUNCTION,108,4,2,0
141.07577657699585,0.0,0.0,0.0,0.0,0.0,0.0,0.0,59,nan,nan,0,T_JUNCTION,108,4,2,0
141.09576535224915,0.0,0.0,0.0,0.0,0.0,0.0,0.0,59,nan,nan,0,T_JUNCTION,108,4,2,0
141.11577582359314,0.0,0.0,0.0,0.0,0.0,0.0,0.0,59,nan,nan,0,T_JUNCTION,108,4,2,0
141.13578271865845,0.0,0.0,0.0,0.0,0.0,0.0,0.0,59,nan,nan,0,T_JUNCTION,108,4,2,0
141.15578627586365,0.0,0.0,0.0,0.0,0.0,0.0,0.0,59,nan,nan,0,T_JUNCTION,108,4,2,0
141.17575573921204,0.0,0.0,0.0,0.0,0.0,0.0,0.0,59,nan,nan,0,T_JUNCTION,108,4,2,0
141.19579029083252,0.0,0.0,0.0,0.0,0.0,0.0,0.0,59,nan,nan,0,T_JUNCTION,108,4,2,0
141.2157597541809,0.0,0.0,0.0,0.0,0.0,0.0,0.0,59,nan,nan,0,T_JUNCTION,108,4,2,0
141.2357873916626,0.0,0.0,0.0,0.0,0.0,0.0,0.0,59,nan,nan,0,T_JUNCTION,108,4,2,0
141.2557806968689,0.0,0.0,0.0,0.0,0.0,0.0,0.0,59,nan,nan,0,T_JUNCTION,108,4,2,0
141.27576327323914,0.0,0.0,0.0,0.0,0.0,0.0,0.0,59,nan,nan,0,T_JUNCTION,108,4,2,0
141.29580545425415,0.0,0.0,0.0,0.0,0.0,0.0,0.0,59,nan,nan,0,T_JUNCTION,108,4,2,0
141.31578540802002,0.0,0.0,0.0,0.0,0.0,0.0,0.0,59,nan,nan,0,T_JUNCTION,108,4,2,0
141.33578419685364,0.0,0.0,0.0,0.0,0.0,0.0,0.0,59,nan,nan,0,T_JUNCTION,108,4,2,0
141.3557722568512,0.0,0.0,0.0,0.0,0.0,0.0,0.0,59,nan,nan,0,T_JUNCTION,108,4,2,0
141.37576293945312,0.0,0.0,0.0,0.0,0.0,0.0,0.0,59,nan,nan,0,T_JUNCTION,108,4,2,0
141.3957691192627,0.0,0.0,0.0,0.0,0.0,0.0,0.0,59,nan,nan,0,T_JUNCTION,108,4,2,0
141.41577219963074,0.0,0.0,0.0,0.0,0.0,0.0,0.0,59,nan,nan,0,T_JUNCTION,108,4,2,0
141.43579816818237,0.0,0.0,0.0,0.0,0.0,0.0,0.0,59,nan,nan,0,T_JUNCTION,108,4,2,0
141.45579314231873,0.0,0.0,0.0,0.0,0.0,0.0,0.0,59,nan,nan,0,T_JUNCTION,108,4,2,0
141.47577905654907,0.0,0.0,0.0,0.0,0.0,0.0,0.0,59,nan,nan,0,T_JUNCTION,108,4,2,0
141.4957721233368,0.0,0.0,0.0,0.0,0.0,0.0,0.0,59,nan,nan,0,T_JUNCTION,108,4,2,0
141.51576733589172,0.0,0.0,0.0,0.0,0.0,0.0,0.0,59,nan,nan,0,T_JUNCTION,108,4,2,0
141.5357699394226,0.0,0.0,0.0,0.0,0.0,0.0,0.0,59,nan,nan,0,T_JUNCTION,108,4,2,0
141.5557677745819,0.0,0.0,0.0,0.0,0.0,0.0,0.0,59,nan,nan,0,T_JUNCTION,108,4,2,0
141.57575702667236,0.0,0.0,0.0,0.0,0.0,0.0,0.0,59,nan,nan,0,T_JUNCTION,108,4,2,0
141.595764875412,0.0,0.0,0.0,0.0,0.0,0.0,0.0,59,nan,nan,0,T_JUNCTION,108,4,2,0
141.61577248573303,0.0,0.0,0.0,0.0,0.0,0.0,0.0,59,nan,nan,0,T_JUNCTION,108,4,2,0
141.63579487800598,0.0,0.0,0.0,0.0,0.0,0.0,0.0,59,nan,nan,0,T_JUNCTION,108,4,2,0
141.65579199790955,0.0,0.0,0.0,0.0,0.0,0.0,0.0,59,nan,nan,0,T_JUNCTION,108,4,2,0
141.67577624320984,0.0,0.0,0.0,0.0,0.0,0.0,0.0,59,nan,nan,0,T_JUNCTION,108,4,2,0
141.6957712173462,0.0,0.0,0.0,0.0,0.0,0.0,0.0,59,nan,nan,0,T_JUNCTION,108,4,2,0
141.71577262878418,0.0,0.0,0.0,0.0,0.0,0.0,0.0,59,nan,nan,0,T_JUNCTION,108,4,2,0
141.73577690124512,0.0,0.0,0.0,0.0,0.0,0.0,0.0,59,nan,nan,0,T_JUNCTION,108,4,2,0
141.75577044487,0.0,0.0,0.0,0.0,0.0,0.0,0.0,59,nan,nan,0,T_JUNCTION,108,4,2,0
141.77576208114624,0.0,0.0,0.0,0.0,0.0,0.0,0.0,59,nan,nan,0,T_JUNCTION,108,4,2,0
141.7957673072815,0.0,0.0,0.0,0.0,0.0,0.0,0.0,59,nan,nan,0,T_JUNCTION,108,4,2,0
141.8157823085785,0.0,0.0,0.0,0.0,0.0,0.0,0.0,59,nan,nan,0,T_JUNCTION,108,4,2,0
141.83578038215637,0.0,0.0,0.0,0.0,0.0,0.0,0.0,59,nan,nan,0,T_JUNCTION,108,4,2,0
141.8558030128479,0.0,0.0,0.0,0.0,0.0,0.0,0.0,59,nan,nan,0,T_JUNCTION,108,4,2,0
141.87577271461487,0.0,0.0,0.0,0.0,0.0,0.0,0.0,59,nan,nan,0,T_JUNCTION,108,4,2,0
141.89577674865723,0.0,0.0,0.0,0.0,0.0,0.0,0.0,59,nan,nan,0,T_JUNCTION,108,4,2,0
141.91576838493347,0.0,0.0,0.0,0.0,0.0,0.0,0.0,59,nan,nan,0,T_JUNCTION,108,4,2,0
141.93577194213867,0.0,0.0,0.0,0.0,0.0,0.0,0.0,59,nan,nan,0,T_JUNCTION,108,4,2,0
141.95576691627502,0.0,0.0,0.0,0.0,0.0,0.0,0.0,59,nan,nan,0,T_JUNCTION,108,4,2,0
141.97577452659607,0.0,0.0,0.0,0.0,0.0,0.0,0.0,59,nan,nan,0,T_JUNCTION,108,4,2,0
141.99576687812805,0.0,0.0,0.0,0.0,0.0,0.0,0.0,59,nan,nan,0,T_JUNCTION,108,4,2,0
142.01577496528625,0.0,0.0,0.0,0.0,0.0,0.0,0.0,59,nan,nan,0,T_JUNCTION,108,4,2,0
142.0357768535614,0.0,0.0,0.0,0.0,0.0,0.0,0.0,59,nan,nan,0,T_JUNCTION,108,4,2,0
142.0557782649994,0.0,0.0,0.0,0.0,0.0,0.0,0.0,59,nan,nan,0,T_JUNCTION,108,4,2,0
142.07575845718384,0.0,0.0,0.0,0.0,0.0,0.0,0.0,59,nan,nan,0,T_JUNCTION,108,4,2,0
142.09577250480652,0.0,0.0,0.0,0.0,0.0,0.0,0.0,59,nan,nan,0,T_JUNCTION,108,4,2,0
142.11576652526855,0.0,0.0,0.0,0.0,0.0,0.0,0.0,59,nan,nan,0,T_JUNCTION,108,4,2,0
142.13577556610107,0.0,0.0,0.0,0.0,0.0,0.0,0.0,59,nan,nan,0,T_JUNCTION,108,4,2,0
142.15578174591064,0.0,0.0,0.0,0.0,0.0,0.0,0.0,59,nan,nan,0,T_JUNCTION,108,4,2,0
142.17577195167542,0.0,0.0,0.0,0.0,0.0,0.0,0.0,59,nan,nan,0,T_JUNCTION,108,4,2,0
142.1957654953003,0.0,0.0,0.0,0.0,0.0,0.0,0.0,59,nan,nan,0,T_JUNCTION,108,4,2,0
142.21579909324646,0.0,0.0,0.0,0.0,0.0,0.0,0.0,59,nan,nan,0,T_JUNCTION,108,4,2,0
142.235778093338,0.0,0.0,0.0,0.0,0.0,0.0,0.0,59,nan,nan,0,T_JUNCTION,108,4,2,0
142.25577878952026,0.0,0.0,0.0,0.0,0.0,0.0,0.0,59,nan,nan,0,T_JUNCTION,108,4,2,0
142.27575945854187,0.0,0.0,0.0,0.0,0.0,0.0,0.0,59,nan,nan,0,T_JUNCTION,108,4,2,0
142.29581880569458,0.0,0.0,0.0,0.0,0.0,0.0,0.0,59,nan,nan,0,T_JUNCTION,108,4,2,0
142.31576943397522,0.0,0.0,0.0,0.0,0.0,0.0,0.0,59,nan,nan,0,T_JUNCTION,108,4,2,0
142.335768699646,0.0,0.0,0.0,0.0,0.0,0.0,0.0,59,nan,nan,0,T_JUNCTION,108,4,2,0
142.35576128959656,0.0,0.0,0.0,0.0,0.0,0.0,0.0,59,nan,nan,0,T_JUNCTION,108,4,2,0
142.37576532363892,0.0,0.0,0.0,0.0,0.0,0.0,0.0,59,nan,nan,0,T_JUNCTION,108,4,2,0
142.3957643508911,0.0,0.0,0.0,0.0,0.0,0.0,0.0,59,nan,nan,0,T_JUNCTION,108,4,2,0
142.41580247879028,0.0,0.0,0.0,0.0,0.0,0.0,0.0,59,nan,nan,0,T_JUNCTION,108,4,2,0
142.43577241897583,0.0,0.0,0.0,0.0,0.0,0.0,0.0,59,nan,nan,0,T_JUNCTION,108,4,2,0
142.45577549934387,0.0,0.0,0.0,0.0,0.0,0.0,0.0,59,nan,nan,0,T_JUNCTION,108,4,2,0
142.47575783729553,0.0,0.0,0.0,0.0,0.0,0.0,0.0,59,nan,nan,0,T_JUNCTION,108,4,2,0
142.49580144882202,0.0,0.0,0.0,0.0,0.0,0.0,0.0,59,nan,nan,0,T_JUNCTION,108,4,2,0
142.51576280593872,0.0,0.0,0.0,0.0,0.0,0.0,0.0,59,nan,nan,0,T_JUNCTION,108,4,2,0
142.53576922416687,0.0,0.0,0.0,0.0,0.0,0.0,0.0,59,nan,nan,0,T_JUNCTION,108,4,2,0
142.55578589439392,0.0,0.0,0.0,0.0,0.0,0.0,0.0,59,nan,nan,0,T_JUNCTION,108,4,2,0
142.57576608657837,0.0,0.0,0.0,0.0,0.0,0.0,0.0,59,nan,nan,0,T_JUNCTION,108,4,2,0
142.59577322006226,0.0,0.0,0.0,0.0,0.0,0.0,0.0,59,nan,nan,0,T_JUNCTION,108,4,2,0
142.6157705783844,0.0,0.0,0.0,0.0,0.0,0.0,0.0,59,nan,nan,0,T_JUNCTION,108,4,2,0
142.63577723503113,0.0,0.0,0.0,0.0,0.0,0.0,0.0,59,nan,nan,0,T_JUNCTION,108,4,2,0
142.65579771995544,0.0,0.0,0.0,0.0,0.0,0.0,0.0,59,nan,nan,0,T_JUNCTION,108,4,2,0
142.6757516860962,0.0,0.0,0.0,0.0,0.0,0.0,0.0,59,nan,nan,0,T_JUNCTION,108,4,2,0
142.6957652568817,0.0,0.0,0.0,0.0,0.0,0.0,0.0,59,nan,nan,0,T_JUNCTION,108,4,2,0
142.71576833724976,0.0,0.0,0.0,0.0,0.0,0.0,0.0,59,nan,nan,0,T_JUNCTION,108,4,2,0
142.73577165603638,0.0,0.0,0.0,0.0,0.0,0.0,0.0,59,nan,nan,0,T_JUNCTION,108,4,2,0
142.75581789016724,0.0,0.0,0.0,0.0,0.0,0.0,0.0,59,nan,nan,0,T_JUNCTION,108,4,2,0
142.77576518058777,0.0,0.0,0.0,0.0,0.0,0.0,0.0,59,nan,nan,0,T_JUNCTION,108,4,2,0
142.79577660560608,0.0,0.0,0.0,0.0,0.0,0.0,0.0,59,nan,nan,0,T_JUNCTION,108,4,2,0
142.81581830978394,0.0,0.0,0.0,0.0,0.0,0.0,0.0,59,nan,nan,0,T_JUNCTION,108,4,2,0
142.8357663154602,0.0,0.0,0.0,0.0,0.0,0.0,0.0,59,nan,nan,0,T_JUNCTION,108,4,2,0
142.8557744026184,0.0,0.0,0.0,0.0,0.0,0.0,0.0,59,nan,nan,0,T_JUNCTION,108,4,2,0
142.8757767677307,0.0,0.0,0.0,0.0,0.0,0.0,0.0,59,nan,nan,0,T_JUNCTION,108,4,2,0
142.89576077461243,0.0,0.0,0.0,0.0,0.0,0.0,0.0,59,nan,nan,0,T_JUNCTION,108,4,2,0
142.9157953262329,0.0,0.0,0.0,0.0,0.0,0.0,0.0,59,nan,nan,0,T_JUNCTION,108,4,2,0
142.93576645851135,0.0,0.0,0.0,0.0,0.0,0.0,0.0,59,nan,nan,0,T_JUNCTION,108,4,2,0
142.9557614326477,0.0,0.0,0.0,0.0,0.0,0.0,0.0,59,nan,nan,0,T_JUNCTION,108,4,2,0
142.9757583141327,0.0,0.0,0.0,0.0,0.0,0.0,0.0,59,nan,nan,0,T_JUNCTION,108,4,2,0
142.9957630634308,0.0,0.0,0.0,0.0,0.0,0.0,0.0,59,nan,nan,0,T_JUNCTION,108,4,2,0
143.01580262184143,0.0,0.0,0.0,0.0,0.0,0.0,0.0,59,nan,nan,0,T_JUNCTION,108,4,2,0
143.03576683998108,0.0,0.0,0.0,0.0,0.0,0.0,0.0,59,nan,nan,0,T_JUNCTION,108,4,2,0
143.05578470230103,0.0,0.0,0.0,0.0,0.0,0.0,0.0,59,nan,nan,0,T_JUNCTION,108,4,2,0
143.0757601261139,0.0,0.0,0.0,0.0,0.0,0.0,0.0,59,nan,nan,0,T_JUNCTION,108,4,2,0
143.09576964378357,0.0,0.0,0.0,0.0,0.0,0.0,0.0,59,nan,nan,0,T_JUNCTION,108,4,2,0
143.11578822135925,0.0,0.0,0.0,0.0,0.0,0.0,0.0,59,nan,nan,0,T_JUNCTION,108,4,2,0
143.13575983047485,0.0,0.0,0.0,0.0,0.0,0.0,0.0,59,nan,nan,0,T_JUNCTION,108,4,2,0
143.15577173233032,0.0,0.0,0.0,0.0,0.0,0.0,0.0,59,nan,nan,0,T_JUNCTION,108,4,2,0
143.1757616996765,0.0,0.0,0.0,0.0,0.0,0.0,0.0,59,nan,nan,0,T_JUNCTION,108,4,2,0
143.1957631111145,0.0,0.0,0.0,0.0,0.0,0.0,0.0,59,nan,nan,0,T_JUNCTION,108,4,2,0
143.21579146385193,0.0,0.0,0.0,0.0,0.0,0.0,0.0,59,nan,nan,0,T_JUNCTION,108,4,2,0
143.23577690124512,0.0,0.0,0.0,0.0,0.0,0.0,0.0,59,nan,nan,0,T_JUNCTION,108,4,2,0
143.25577664375305,0.0,0.0,0.0,0.0,0.0,0.0,0.0,59,nan,nan,0,T_JUNCTION,108,4,2,0
143.27576804161072,0.0,0.0,0.0,0.0,0.0,0.0,0.0,59,nan,nan,0,T_JUNCTION,108,4,2,0
143.29576444625854,0.0,0.0,0.0,0.0,0.0,0.0,0.0,59,nan,nan,0,T_JUNCTION,108,4,2,0
143.31581115722656,0.0,0.0,0.0,0.0,0.0,0.0,0.0,59,nan,nan,0,T_JUNCTION,108,4,2,0
143.33577680587769,0.0,0.0,0.0,0.0,0.0,0.0,0.0,59,nan,nan,0,T_JUNCTION,108,4,2,0
143.35575580596924,0.0,0.0,0.0,0.0,0.0,0.0,0.0,59,nan,nan,0,T_JUNCTION,108,4,2,0
143.3757607936859,0.0,0.0,0.0,0.0,0.0,0.0,0.0,59,nan,nan,0,T_JUNCTION,108,4,2,0
143.39576625823975,0.0,0.0,0.0,0.0,0.0,0.0,0.0,59,nan,nan,0,T_JUNCTION,108,4,2,0
143.41579008102417,0.0,0.0,0.0,0.0,0.0,0.0,0.0,59,nan,nan,0,T_JUNCTION,108,4,2,0
143.43576741218567,0.0,0.0,0.0,0.0,0.0,0.0,0.0,59,nan,nan,0,T_JUNCTION,108,4,2,0
143.45579433441162,0.0,0.0,0.0,0.0,0.0,0.0,0.0,59,nan,nan,0,T_JUNCTION,108,4,2,0
143.4757640361786,0.0,0.0,0.0,0.0,0.0,0.0,0.0,59,nan,nan,0,T_JUNCTION,108,4,2,0
143.49577927589417,0.0,0.0,0.0,0.0,0.0,0.0,0.0,59,nan,nan,0,T_JUNCTION,108,4,2,0
143.51580905914307,0.0,0.0,0.0,0.0,0.0,0.0,0.0,59,nan,nan,0,T_JUNCTION,108,4,2,0
143.53578305244446,0.0,0.0,0.0,0.0,0.0,0.0,0.0,59,nan,nan,0,T_JUNCTION,108,4,2,0
143.55578017234802,0.0,0.0,0.0,0.0,0.0,0.0,0.0,59,nan,nan,0,T_JUNCTION,108,4,2,0
143.57575798034668,0.0,0.0,0.0,0.0,0.0,0.0,0.0,59,nan,nan,0,T_JUNCTION,108,4,2,0
143.59578227996826,0.0,0.0,0.0,0.0,0.0,0.0,0.0,59,nan,nan,0,T_JUNCTION,108,4,2,0
143.61580157279968,0.0,0.0,0.0,0.0,0.0,0.0,0.0,59,nan,nan,0,T_JUNCTION,108,4,2,0
143.63576436042786,0.0,0.0,0.0,0.0,0.0,0.0,0.0,59,nan,nan,0,T_JUNCTION,108,4,2,0
143.65577363967896,0.0,0.0,0.0,0.0,0.0,0.0,0.0,59,nan,nan,0,T_JUNCTION,108,4,2,0
143.67579197883606,0.0,0.0,0.0,0.0,0.0,0.0,0.0,59,nan,nan,0,T_JUNCTION,108,4,2,0
143.69576621055603,0.0,0.0,0.0,0.0,0.0,0.0,0.0,59,nan,nan,0,T_JUNCTION,108,4,2,0
143.71581506729126,0.0,0.0,0.0,0.0,0.0,0.0,0.0,59,nan,nan,0,T_JUNCTION,108,4,2,0
143.73578000068665,0.0,0.0,0.0,0.0,0.0,0.0,0.0,59,nan,nan,0,T_JUNCTION,108,4,2,0
143.7557773590088,0.0,0.0,0.0,0.0,0.0,0.0,0.0,59,nan,nan,0,T_JUNCTION,108,4,2,0
143.77577424049377,0.0,0.0,0.0,0.0,0.0,0.0,0.0,59,nan,nan,0,T_JUNCTION,108,4,2,0
143.79577159881592,0.0,0.0,0.0,0.0,0.0,0.0,0.0,59,nan,nan,0,T_JUNCTION,108,4,2,0
143.8157868385315,0.0,0.0,0.0,0.0,0.0,0.0,0.0,59,nan,nan,0,T_JUNCTION,108,4,2,0
143.83576726913452,0.0,0.0,0.0,0.0,0.0,0.0,0.0,59,nan,nan,0,T_JUNCTION,108,4,2,0
143.85578036308289,0.0,0.0,0.0,0.0,0.0,0.0,0.0,59,nan,nan,0,T_JUNCTION,108,4,2,0
143.87577319145203,0.0,0.0,0.0,0.0,0.0,0.0,0.0,59,nan,nan,0,T_JUNCTION,108,4,2,0
143.8957679271698,0.0,0.0,0.0,0.0,0.0,0.0,0.0,59,nan,nan,0,T_JUNCTION,108,4,2,0
143.91579580307007,0.0,0.0,0.0,0.0,0.0,0.0,0.0,59,nan,nan,0,T_JUNCTION,108,4,2,0
143.9357671737671,0.0,0.0,0.0,0.0,0.0,0.0,0.0,59,nan,nan,0,T_JUNCTION,108,4,2,0
143.95577383041382,0.0,0.0,0.0,0.0,0.0,0.0,0.0,59,nan,nan,0,T_JUNCTION,108,4,2,0
143.97577095031738,0.0,0.0,0.0,0.0,0.0,0.0,0.0,59,nan,nan,0,T_JUNCTION,108,4,2,0
143.99577641487122,0.0,0.0,0.0,0.0,0.0,0.0,0.0,59,nan,nan,0,T_JUNCTION,108,4,2,0
144.01580047607422,0.0,0.0,0.0,0.0,0.0,0.0,0.0,59,nan,nan,0,T_JUNCTION,108,4,2,0
144.0357747077942,0.0,0.0,0.0,0.0,0.0,0.0,0.0,59,nan,nan,0,T_JUNCTION,108,4,2,0
144.05576753616333,0.0,0.0,0.0,0.0,0.0,0.0,0.0,59,nan,nan,0,T_JUNCTION,108,4,2,0
144.07576537132263,0.0,0.0,0.0,0.0,0.0,0.0,0.0,59,nan,nan,0,T_JUNCTION,108,4,2,0
144.0957751274109,0.0,0.0,0.0,0.0,0.0,0.0,0.0,59,nan,nan,0,T_JUNCTION,108,4,2,0
144.1158001422882,0.0,0.0,0.0,0.0,0.0,0.0,0.0,59,nan,nan,0,T_JUNCTION,108,4,2,0
144.13577032089233,0.0,0.0,0.0,0.0,0.0,0.0,0.0,59,nan,nan,0,T_JUNCTION,108,4,2,0
144.15577030181885,0.0,0.0,0.0,0.0,0.0,0.0,0.0,59,nan,nan,0,T_JUNCTION,108,4,2,0
144.17577481269836,0.0,0.0,0.0,0.0,0.0,0.0,0.0,59,nan,nan,0,T_JUNCTION,108,4,2,0
144.19577169418335,0.0,0.0,0.0,0.0,0.0,0.0,0.0,59,nan,nan,0,T_JUNCTION,108,4,2,0
144.21580529212952,0.0,0.0,0.0,0.0,0.0,0.0,0.0,59,nan,nan,0,T_JUNCTION,108,4,2,0
144.2357840538025,0.0,0.0,0.0,0.0,0.0,0.0,0.0,59,nan,nan,0,T_JUNCTION,108,4,2,0
144.25578093528748,0.0,0.0,0.0,0.0,0.0,0.0,0.0,59,nan,nan,0,T_JUNCTION,108,4,2,0
144.27578163146973,0.0,0.0,0.0,0.0,0.0,0.0,0.0,59,nan,nan,0,T_JUNCTION,108,4,2,0
144.29579949378967,0.0,0.0,0.0,0.0,0.0,0.0,0.0,59,nan,nan,0,T_JUNCTION,108,4,2,0
144.31577444076538,0.0,0.0,0.0,0.0,0.0,0.0,0.0,59,nan,nan,0,T_JUNCTION,108,4,2,0
144.33576273918152,0.0,0.0,0.0,0.0,0.0,0.0,0.0,59,nan,nan,0,T_JUNCTION,108,4,2,0
144.35576009750366,0.0,0.0,0.0,0.0,0.0,0.0,0.0,59,nan,nan,0,T_JUNCTION,108,4,2,0
144.37575912475586,0.0,0.0,0.0,0.0,0.0,0.0,0.0,59,nan,nan,0,T_JUNCTION,108,4,2,0
144.39576196670532,0.0,0.0,0.0,0.0,0.0,0.0,0.0,59,nan,nan,0,T_JUNCTION,108,4,2,0
144.41579842567444,0.0,0.0,0.0,0.0,0.0,0.0,0.0,59,nan,nan,0,T_JUNCTION,108,4,2,0
144.43577790260315,0.0,0.0,0.0,0.0,0.0,0.0,0.0,59,nan,nan,0,T_JUNCTION,108,4,2,0
144.45579147338867,0.0,0.0,0.0,0.0,0.0,0.0,0.0,59,nan,nan,0,T_JUNCTION,108,4,2,0
144.47577357292175,0.0,0.0,0.0,0.0,0.0,0.0,0.0,59,nan,nan,0,T_JUNCTION,108,4,2,0
144.49579429626465,0.0,0.0,0.0,0.0,0.0,0.0,0.0,59,nan,nan,0,T_JUNCTION,108,4,2,0
144.5157709121704,0.0,0.0,0.0,0.0,0.0,0.0,0.0,59,nan,nan,0,T_JUNCTION,108,4,2,0
144.53578090667725,0.0,0.0,0.0,0.0,0.0,0.0,0.0,59,nan,nan,0,T_JUNCTION,108,4,2,0
144.55576157569885,0.0,0.0,0.0,0.0,0.0,0.0,0.0,59,nan,nan,0,T_JUNCTION,108,4,2,0
144.57576155662537,0.0,0.0,0.0,0.0,0.0,0.0,0.0,59,nan,nan,0,T_JUNCTION,108,4,2,0
144.5957658290863,0.0,0.0,0.0,0.0,0.0,0.0,0.0,59,nan,nan,0,T_JUNCTION,108,4,2,0
144.61579084396362,0.0,0.0,0.0,0.0,0.0,0.0,0.0,59,nan,nan,0,T_JUNCTION,108,4,2,0
144.63576436042786,0.0,0.0,0.0,0.0,0.0,0.0,0.0,59,nan,nan,0,T_JUNCTION,108,4,2,0
144.6557695865631,0.0,0.0,0.0,0.0,0.0,0.0,0.0,59,nan,nan,0,T_JUNCTION,108,4,2,0
144.67576718330383,0.0,0.0,0.0,0.0,0.0,0.0,0.0,59,nan,nan,0,T_JUNCTION,108,4,2,0
144.69577479362488,0.0,0.0,0.0,0.0,0.0,0.0,0.0,59,nan,nan,0,T_JUNCTION,108,4,2,0
144.71579885482788,0.0,0.0,0.0,0.0,0.0,0.0,0.0,59,nan,nan,0,T_JUNCTION,108,4,2,0
144.73578000068665,0.0,0.0,0.0,0.0,0.0,0.0,0.0,59,nan,nan,0,T_JUNCTION,108,4,2,0
144.755774974823,0.0,0.0,0.0,0.0,0.0,0.0,0.0,59,nan,nan,0,T_JUNCTION,108,4,2,0
144.77576899528503,0.0,0.0,0.0,0.0,0.0,0.0,0.0,59,nan,nan,0,T_JUNCTION,108,4,2,0
144.79577136039734,0.0,0.0,0.0,0.0,0.0,0.0,0.0,59,nan,nan,0,T_JUNCTION,108,4,2,0
144.8157811164856,0.0,0.0,0.0,0.0,0.0,0.0,0.0,59,nan,nan,0,T_JUNCTION,108,4,2,0
144.8357639312744,0.0,0.0,0.0,0.0,0.0,0.0,0.0,59,nan,nan,0,T_JUNCTION,108,4,2,0
144.85576462745667,0.0,0.0,0.0,0.0,0.0,0.0,0.0,59,nan,nan,0,T_JUNCTION,108,4,2,0
144.87575554847717,0.0,0.0,0.0,0.0,0.0,0.0,0.0,59,nan,nan,0,T_JUNCTION,108,4,2,0
144.89576840400696,0.0,0.0,0.0,0.0,0.0,0.0,0.0,59,nan,nan,0,T_JUNCTION,108,4,2,0
144.91580724716187,0.0,0.0,0.0,0.0,0.0,0.0,0.0,59,nan,nan,0,T_JUNCTION,108,4,2,0
144.9357786178589,0.0,0.0,0.0,0.0,0.0,0.0,0.0,59,nan,nan,0,T_JUNCTION,108,4,2,0
144.95577192306519,0.0,0.0,0.0,0.0,0.0,0.0,0.0,59,nan,nan,0,T_JUNCTION,108,4,2,0
144.9757878780365,0.0,0.0,0.0,0.0,0.0,0.0,0.0,59,nan,nan,0,T_JUNCTION,108,4,2,0
144.99577355384827,0.0,0.0,0.0,0.0,0.0,0.0,0.0,59,nan,nan,0,T_JUNCTION,108,4,2,0
145.01577019691467,0.0,0.0,0.0,0.0,0.0,0.0,0.0,59,nan,nan,0,T_JUNCTION,108,4,2,0
145.0357701778412,0.0,0.0,0.0,0.0,0.0,0.0,0.0,59,nan,nan,0,T_JUNCTION,108,4,2,0
145.05577898025513,0.0,0.0,0.0,0.0,0.0,0.0,0.0,59,nan,nan,0,T_JUNCTION,108,4,2,0
145.07576727867126,0.0,0.0,0.0,0.0,0.0,0.0,0.0,59,nan,nan,0,T_JUNCTION,108,4,2,0
145.09577012062073,0.0,0.0,0.0,0.0,0.0,0.0,0.0,59,nan,nan,0,T_JUNCTION,108,4,2,0
145.11576962471008,0.0,0.0,0.0,0.0,0.0,0.0,0.0,59,nan,nan,0,T_JUNCTION,108,4,2,0
145.13576340675354,0.0,0.0,0.0,0.0,0.0,0.0,0.0,59,nan,nan,0,T_JUNCTION,108,4,2,0
145.15576601028442,0.0,0.0,0.0,0.0,0.0,0.0,0.0,59,nan,nan,0,T_JUNCTION,108,4,2,0
145.1757607460022,0.0,0.0,0.0,0.0,0.0,0.0,0.0,59,nan,nan,0,T_JUNCTION,108,4,2,0
145.19577383995056,0.0,0.0,0.0,0.0,0.0,0.0,0.0,59,nan,nan,0,T_JUNCTION,108,4,2,0
145.2157757282257,0.0,0.0,0.0,0.0,0.0,0.0,0.0,59,nan,nan,0,T_JUNCTION,108,4,2,0
145.2357816696167,0.0,0.0,0.0,0.0,0.0,0.0,0.0,59,nan,nan,0,T_JUNCTION,108,4,2,0
145.2557783126831,0.0,0.0,0.0,0.0,0.0,0.0,0.0,59,nan,nan,0,T_JUNCTION,108,4,2,0
145.2757692337036,0.0,0.0,0.0,0.0,0.0,0.0,0.0,59,nan,nan,0,T_JUNCTION,108,4,2,0
145.29581904411316,0.0,0.0,0.0,0.0,0.0,0.0,0.0,59,nan,nan,0,T_JUNCTION,108,4,2,0
145.3157720565796,0.0,0.0,0.0,0.0,0.0,0.0,0.0,59,nan,nan,0,T_JUNCTION,108,4,2,0
145.3357789516449,0.0,0.0,0.0,0.0,0.0,0.0,0.0,59,nan,nan,0,T_JUNCTION,108,4,2,0
145.35575532913208,0.0,0.0,0.0,0.0,0.0,0.0,0.0,59,nan,nan,0,T_JUNCTION,108,4,2,0
145.37575840950012,0.0,0.0,0.0,0.0,0.0,0.0,0.0,59,nan,nan,0,T_JUNCTION,108,4,2,0
145.39575815200806,0.0,0.0,0.0,0.0,0.0,0.0,0.0,59,nan,nan,0,T_JUNCTION,108,4,2,0
145.4157691001892,0.0,0.0,0.0,0.0,0.0,0.0,0.0,59,nan,nan,0,T_JUNCTION,108,4,2,0
145.4357717037201,0.0,0.0,0.0,0.0,0.0,0.0,0.0,59,nan,nan,0,T_JUNCTION,108,4,2,0
145.45577764511108,0.0,0.0,0.0,0.0,0.0,0.0,0.0,59,nan,nan,0,T_JUNCTION,108,4,2,0
145.47575736045837,0.0,0.0,0.0,0.0,0.0,0.0,0.0,59,nan,nan,0,T_JUNCTION,108,4,2,0
145.4958095550537,0.0,0.0,0.0,0.0,0.0,0.0,0.0,59,nan,nan,0,T_JUNCTION,108,4,2,0
145.51578187942505,0.0,0.0,0.0,0.0,0.0,0.0,0.0,59,nan,nan,0,T_JUNCTION,108,4,2,0
145.53577780723572,0.0,0.0,0.0,0.0,0.0,0.0,0.0,59,nan,nan,0,T_JUNCTION,108,4,2,0
145.55577421188354,0.0,0.0,0.0,0.0,0.0,0.0,0.0,59,nan,nan,0,T_JUNCTION,108,4,2,0
145.57577562332153,0.0,0.0,0.0,0.0,0.0,0.0,0.0,59,nan,nan,0,T_JUNCTION,108,4,2,0
145.5957715511322,0.0,0.0,0.0,0.0,0.0,0.0,0.0,59,nan,nan,0,T_JUNCTION,108,4,2,0
145.61575770378113,0.0,0.0,0.0,0.0,0.0,0.0,0.0,59,nan,nan,0,T_JUNCTION,108,4,2,0
145.6357867717743,0.0,0.0,0.0,0.0,0.0,0.0,0.0,59,nan,nan,0,T_JUNCTION,108,4,2,0
145.6557960510254,0.0,0.0,0.0,0.0,0.0,0.0,0.0,59,nan,nan,0,T_JUNCTION,108,4,2,0
145.6757628917694,0.0,0.0,0.0,0.0,0.0,0.0,0.0,59,nan,nan,0,T_JUNCTION,108,4,2,0
145.69579005241394,0.0,0.0,0.0,0.0,0.0,0.0,0.0,59,nan,nan,0,T_JUNCTION,108,4,2,0
145.71577882766724,0.0,0.0,0.0,0.0,0.0,0.0,0.0,59,nan,nan,0,T_JUNCTION,108,4,2,0
145.73576736450195,0.0,0.0,0.0,0.0,0.0,0.0,0.0,59,nan,nan,0,T_JUNCTION,108,4,2,0
145.75582480430603,0.0,0.0,0.0,0.0,0.0,0.0,0.0,59,nan,nan,0,T_JUNCTION,108,4,2,0
145.77577424049377,0.0,0.0,0.0,0.0,0.0,0.0,0.0,59,nan,nan,0,T_JUNCTION,108,4,2,0
145.79578018188477,0.0,0.0,0.0,0.0,0.0,0.0,0.0,59,nan,nan,0,T_JUNCTION,108,4,2,0
145.81576871871948,0.0,0.0,0.0,0.0,0.0,0.0,0.0,59,nan,nan,0,T_JUNCTION,108,4,2,0
145.83577871322632,0.0,0.0,0.0,0.0,0.0,0.0,0.0,59,nan,nan,0,T_JUNCTION,108,4,2,0
145.855797290802,0.0,0.0,0.0,0.0,0.0,0.0,0.0,59,nan,nan,0,T_JUNCTION,108,4,2,0
145.87578344345093,0.0,0.0,0.0,0.0,0.0,0.0,0.0,59,nan,nan,0,T_JUNCTION,108,4,2,0
145.895765542984,0.0,0.0,0.0,0.0,0.0,0.0,0.0,59,nan,nan,0,T_JUNCTION,108,4,2,0
145.9157691001892,0.0,0.0,0.0,0.0,0.0,0.0,0.0,59,nan,nan,0,T_JUNCTION,108,4,2,0
145.93575882911682,0.0,0.0,0.0,0.0,0.0,0.0,0.0,59,nan,nan,0,T_JUNCTION,108,4,2,0
145.9557569026947,0.0,0.0,0.0,0.0,0.0,0.0,0.0,59,nan,nan,0,T_JUNCTION,108,4,2,0
145.97578501701355,0.0,0.0,0.0,0.0,0.0,0.0,0.0,59,nan,nan,0,T_JUNCTION,108,4,2,0
145.99576711654663,0.0,0.0,0.0,0.0,0.0,0.0,0.0,59,nan,nan,0,T_JUNCTION,108,4,2,0
146.01577472686768,0.0,0.0,0.0,0.0,0.0,0.0,0.0,59,nan,nan,0,T_JUNCTION,108,4,2,0
146.03577399253845,0.0,0.0,0.0,0.0,0.0,0.0,0.0,59,nan,nan,0,T_JUNCTION,108,4,2,0
146.0557701587677,0.0,0.0,0.0,0.0,0.0,0.0,0.0,59,nan,nan,0,T_JUNCTION,108,4,2,0
146.0757601261139,0.0,0.0,0.0,0.0,0.0,0.0,0.0,59,nan,nan,0,T_JUNCTION,108,4,2,0
146.09579730033875,0.0,0.0,0.0,0.0,0.0,0.0,0.0,59,nan,nan,0,T_JUNCTION,108,4,2,0
146.11576581001282,0.0,0.0,0.0,0.0,0.0,0.0,0.0,59,nan,nan,0,T_JUNCTION,108,4,2,0
146.13577580451965,0.0,0.0,0.0,0.0,0.0,0.0,0.0,59,nan,nan,0,T_JUNCTION,108,4,2,0
146.15577459335327,0.0,0.0,0.0,0.0,0.0,0.0,0.0,59,nan,nan,0,T_JUNCTION,108,4,2,0
146.1757571697235,0.0,0.0,0.0,0.0,0.0,0.0,0.0,59,nan,nan,0,T_JUNCTION,108,4,2,0
146.19577813148499,0.0,0.0,0.0,0.0,0.0,0.0,0.0,59,nan,nan,0,T_JUNCTION,108,4,2,0
146.21576642990112,0.0,0.0,0.0,0.0,0.0,0.0,0.0,59,nan,nan,0,T_JUNCTION,108,4,2,0
146.235769033432,0.0,0.0,0.0,0.0,0.0,0.0,0.0,59,nan,nan,0,T_JUNCTION,108,4,2,0
146.25576519966125,0.0,0.0,0.0,0.0,0.0,0.0,0.0,59,nan,nan,0,T_JUNCTION,108,4,2,0
146.27576279640198,0.0,0.0,0.0,0.0,0.0,0.0,0.0,59,nan,nan,0,T_JUNCTION,108,4,2,0
146.29576587677002,0.0,0.0,0.0,0.0,0.0,0.0,0.0,59,nan,nan,0,T_JUNCTION,108,4,2,0
146.31577968597412,0.0,0.0,0.0,0.0,0.0,0.0,0.0,59,nan,nan,0,T_JUNCTION,108,4,2,0
146.3357675075531,0.0,0.0,0.0,0.0,0.0,0.0,0.0,59,nan,nan,0,T_JUNCTION,108,4,2,0
146.35577249526978,0.0,0.0,0.0,0.0,0.0,0.0,0.0,59,nan,nan,0,T_JUNCTION,108,4,2,0
146.37588477134705,0.0,0.0,0.0,0.0,0.0,0.0,0.0,59,nan,nan,0,T_JUNCTION,108,4,2,0
146.39578676223755,0.0,0.0,0.0,0.0,0.0,0.0,0.0,59,nan,nan,0,T_JUNCTION,108,4,2,0
146.41576623916626,0.0,0.0,0.0,0.0,0.0,0.0,0.0,59,nan,nan,0,T_JUNCTION,108,4,2,0
146.43575429916382,0.0,0.0,0.0,0.0,0.0,0.0,0.0,59,nan,nan,0,T_JUNCTION,108,4,2,0
146.45580124855042,0.0,0.0,0.0,0.0,0.0,0.0,0.0,59,nan,nan,0,T_JUNCTION,108,4,2,0
146.47576808929443,0.0,0.0,0.0,0.0,0.0,0.0,0.0,59,nan,nan,0,T_JUNCTION,108,4,2,0
146.49576783180237,0.0,0.0,0.0,0.0,0.0,0.0,0.0,59,nan,nan,0,T_JUNCTION,108,4,2,0
146.51577401161194,0.0,0.0,0.0,0.0,0.0,0.0,0.0,59,nan,nan,0,T_JUNCTION,108,4,2,0
146.53576755523682,0.0,0.0,0.0,0.0,0.0,0.0,0.0,59,nan,nan,0,T_JUNCTION,108,4,2,0
146.5557677745819,0.0,0.0,0.0,0.0,0.0,0.0,0.0,59,nan,nan,0,T_JUNCTION,108,4,2,0
146.57577466964722,0.0,0.0,0.0,0.0,0.0,0.0,0.0,59,nan,nan,0,T_JUNCTION,108,4,2,0
146.59577345848083,0.0,0.0,0.0,0.0,0.0,0.0,0.0,59,nan,nan,0,T_JUNCTION,108,4,2,0
146.61579084396362,0.0,0.0,0.0,0.0,0.0,0.0,0.0,59,nan,nan,0,T_JUNCTION,108,4,2,0
146.63577246665955,0.0,0.0,0.0,0.0,0.0,0.0,0.0,59,nan,nan,0,T_JUNCTION,108,4,2,0
146.65578699111938,0.0,0.0,0.0,0.0,0.0,0.0,0.0,59,nan,nan,0,T_JUNCTION,108,4,2,0
146.67579770088196,0.0,0.0,0.0,0.0,0.0,0.0,0.0,59,nan,nan,0,T_JUNCTION,108,4,2,0
146.6957666873932,0.0,0.0,0.0,0.0,0.0,0.0,0.0,59,nan,nan,0,T_JUNCTION,108,4,2,0
146.71576380729675,0.0,0.0,0.0,0.0,0.0,0.0,0.0,59,nan,nan,0,T_JUNCTION,108,4,2,0
146.73577189445496,0.0,0.0,0.0,0.0,0.0,0.0,0.0,59,nan,nan,0,T_JUNCTION,108,4,2,0
146.75576519966125,0.0,0.0,0.0,0.0,0.0,0.0,0.0,59,nan,nan,0,T_JUNCTION,108,4,2,0
146.77575516700745,0.0,0.0,0.0,0.0,0.0,0.0,0.0,59,nan,nan,0,T_JUNCTION,108,4,2,0
146.79576992988586,0.0,0.0,0.0,0.0,0.0,0.0,0.0,59,nan,nan,0,T_JUNCTION,108,4,2,0
146.81577944755554,0.0,0.0,0.0,0.0,0.0,0.0,0.0,59,nan,nan,0,T_JUNCTION,108,4,2,0
146.83578419685364,0.0,0.0,0.0,0.0,0.0,0.0,0.0,59,nan,nan,0,T_JUNCTION,108,4,2,0
146.85578203201294,0.0,0.0,0.0,0.0,0.0,0.0,0.0,59,nan,nan,0,T_JUNCTION,108,4,2,0
146.8757598400116,0.0,0.0,0.0,0.0,0.0,0.0,0.0,59,nan,nan,0,T_JUNCTION,108,4,2,0
146.89576292037964,0.0,0.0,0.0,0.0,0.0,0.0,0.0,59,nan,nan,0,T_JUNCTION,108,4,2,0
146.915780544281,0.0,0.0,0.0,0.0,0.0,0.0,0.0,59,nan,nan,0,T_JUNCTION,108,4,2,0
146.9357545375824,0.0,0.0,0.0,0.0,0.0,0.0,0.0,59,nan,nan,0,T_JUNCTION,108,4,2,0
146.95576214790344,0.0,0.0,0.0,0.0,0.0,0.0,0.0,59,nan,nan,0,T_JUNCTION,108,4,2,0
146.97575616836548,0.0,0.0,0.0,0.0,0.0,0.0,0.0,59,nan,nan,0,T_JUNCTION,108,4,2,0
146.99577975273132,0.0,0.0,0.0,0.0,0.0,0.0,0.0,59,nan,nan,0,T_JUNCTION,108,4,2,0
147.015789270401,0.0,0.0,0.0,0.0,0.0,0.0,0.0,59,nan,nan,0,T_JUNCTION,108,4,2,0
147.03577756881714,0.0,0.0,0.0,0.0,0.0,0.0,0.0,59,nan,nan,0,T_JUNCTION,108,4,2,0
147.05579781532288,0.0,0.0,0.0,0.0,0.0,0.0,0.0,59,nan,nan,0,T_JUNCTION,108,4,2,0
147.07577919960022,0.0,0.0,0.0,0.0,0.0,0.0,0.0,59,nan,nan,0,T_JUNCTION,108,4,2,0
147.0957751274109,0.0,0.0,0.0,0.0,0.0,0.0,0.0,59,nan,nan,0,T_JUNCTION,108,4,2,0
147.1157636642456,0.0,0.0,0.0,0.0,0.0,0.0,0.0,59,nan,nan,0,T_JUNCTION,108,4,2,0
147.13577008247375,0.0,0.0,0.0,0.0,0.0,0.0,0.0,59,nan,nan,0,T_JUNCTION,108,4,2,0
147.15576910972595,0.0,0.0,0.0,0.0,0.0,0.0,0.0,59,nan,nan,0,T_JUNCTION,108,4,2,0
147.17577409744263,0.0,0.0,0.0,0.0,0.0,0.0,0.0,59,nan,nan,0,T_JUNCTION,108,4,2,0
147.19576930999756,0.0,0.0,0.0,0.0,0.0,0.0,0.0,59,nan,nan,0,T_JUNCTION,108,4,2,0
147.21576857566833,0.0,0.0,0.0,0.0,0.0,0.0,0.0,59,nan,nan,0,T_JUNCTION,108,4,2,0
147.23577857017517,0.0,0.0,0.0,0.0,0.0,0.0,0.0,59,nan,nan,0,T_JUNCTION,108,4,2,0
147.25577402114868,0.0,0.0,0.0,0.0,0.0,0.0,0.0,59,nan,nan,0,T_JUNCTION,108,4,2,0
147.27577352523804,0.0,0.0,0.0,0.0,0.0,0.0,0.0,59,nan,nan,0,T_JUNCTION,108,4,2,0
147.29583716392517,0.0,0.0,0.0,0.0,0.0,0.0,0.0,59,nan,nan,0,T_JUNCTION,108,4,2,0
147.31576013565063,0.0,0.0,0.0,0.0,0.0,0.0,0.0,59,nan,nan,0,T_JUNCTION,108,4,2,0
147.33576560020447,0.0,0.0,0.0,0.0,0.0,0.0,0.0,59,nan,nan,0,T_JUNCTION,108,4,2,0
147.3557620048523,0.0,0.0,0.0,0.0,0.0,0.0,0.0,59,nan,nan,0,T_JUNCTION,108,4,2,0
147.3757712841034,0.0,0.0,0.0,0.0,0.0,0.0,0.0,59,nan,nan,0,T_JUNCTION,108,4,2,0
147.39576196670532,0.0,0.0,0.0,0.0,0.0,0.0,0.0,59,nan,nan,0,T_JUNCTION,108,4,2,0
147.41576766967773,0.0,0.0,0.0,0.0,0.0,0.0,0.0,59,nan,nan,0,T_JUNCTION,108,4,2,0
147.43577766418457,0.0,0.0,0.0,0.0,0.0,0.0,0.0,59,nan,nan,0,T_JUNCTION,108,4,2,0
147.45579290390015,0.0,0.0,0.0,0.0,0.0,0.0,0.0,59,nan,nan,0,T_JUNCTION,108,4,2,0
147.47578120231628,0.0,0.0,0.0,0.0,0.0,0.0,0.0,59,nan,nan,0,T_JUNCTION,108,4,2,0
147.49577808380127,0.0,0.0,0.0,0.0,0.0,0.0,0.0,59,nan,nan,0,T_JUNCTION,108,4,2,0
147.51576614379883,0.0,0.0,0.0,0.0,0.0,0.0,0.0,59,nan,nan,0,T_JUNCTION,108,4,2,0
147.53576374053955,0.0,0.0,0.0,0.0,0.0,0.0,0.0,59,nan,nan,0,T_JUNCTION,108,4,2,0
147.55577039718628,0.0,0.0,0.0,0.0,0.0,0.0,0.0,59,nan,nan,0,T_JUNCTION,108,4,2,0
147.57577562332153,0.0,0.0,0.0,0.0,0.0,0.0,0.0,59,nan,nan,0,T_JUNCTION,108,4,2,0
147.59576296806335,0.0,0.0,0.0,0.0,0.0,0.0,0.0,59,nan,nan,0,T_JUNCTION,108,4,2,0
147.61576914787292,0.0,0.0,0.0,0.0,0.0,0.0,0.0,59,nan,nan,0,T_JUNCTION,108,4,2,0
147.63578295707703,0.0,0.0,0.0,0.0,0.0,0.0,0.0,59,nan,nan,0,T_JUNCTION,108,4,2,0
147.65578317642212,0.0,0.0,0.0,0.0,0.0,0.0,0.0,59,nan,nan,0,T_JUNCTION,108,4,2,0
147.67577147483826,0.0,0.0,0.0,0.0,0.0,0.0,0.0,59,nan,nan,0,T_JUNCTION,108,4,2,0
147.69577550888062,0.0,0.0,0.0,0.0,0.0,0.0,0.0,59,nan,nan,0,T_JUNCTION,108,4,2,0
147.7157576084137,0.0,0.0,0.0,0.0,0.0,0.0,0.0,59,nan,nan,0,T_JUNCTION,108,4,2,0
147.73576641082764,0.0,0.0,0.0,0.0,0.0,0.0,0.0,59,nan,nan,0,T_JUNCTION,108,4,2,0
147.75575971603394,0.0,0.0,0.0,0.0,0.0,0.0,0.0,59,nan,nan,0,T_JUNCTION,108,4,2,0
147.77577137947083,0.0,0.0,0.0,0.0,0.0,0.0,0.0,59,nan,nan,0,T_JUNCTION,108,4,2,0
147.79576110839844,0.0,0.0,0.0,0.0,0.0,0.0,0.0,59,nan,nan,0,T_JUNCTION,108,4,2,0
147.81577610969543,0.0,0.0,0.0,0.0,0.0,0.0,0.0,59,nan,nan,0,T_JUNCTION,108,4,2,0
147.83577346801758,0.0,0.0,0.0,0.0,0.0,0.0,0.0,59,nan,nan,0,T_JUNCTION,108,4,2,0
147.85577487945557,0.0,0.0,0.0,0.0,0.0,0.0,0.0,59,nan,nan,0,T_JUNCTION,108,4,2,0
147.8757688999176,0.0,0.0,0.0,0.0,0.0,0.0,0.0,59,nan,nan,0,T_JUNCTION,108,4,2,0
147.8957703113556,0.0,0.0,0.0,0.0,0.0,0.0,0.0,59,nan,nan,0,T_JUNCTION,108,4,2,0
147.91575860977173,0.0,0.0,0.0,0.0,0.0,0.0,0.0,59,nan,nan,0,T_JUNCTION,108,4,2,0
147.93576574325562,0.0,0.0,0.0,0.0,0.0,0.0,0.0,59,nan,nan,0,T_JUNCTION,108,4,2,0
147.95576810836792,0.0,0.0,0.0,0.0,0.0,0.0,0.0,59,nan,nan,0,T_JUNCTION,108,4,2,0
147.97576069831848,0.0,0.0,0.0,0.0,0.0,0.0,0.0,59,nan,nan,0,T_JUNCTION,108,4,2,0
147.99577116966248,0.0,0.0,0.0,0.0,0.0,0.0,0.0,59,nan,nan,0,T_JUNCTION,108,4,2,0
148.01576590538025,0.0,0.0,0.0,0.0,0.0,0.0,0.0,59,nan,nan,0,T_JUNCTION,108,4,2,0
148.0357642173767,0.0,0.0,0.0,0.0,0.0,0.0,0.0,59,nan,nan,0,T_JUNCTION,108,4,2,0
148.05577731132507,0.0,0.0,0.0,0.0,0.0,0.0,0.0,59,nan,nan,0,T_JUNCTION,108,4,2,0
148.0757772922516,0.0,0.0,0.0,0.0,0.0,0.0,0.0,59,nan,nan,0,T_JUNCTION,108,4,2,0
148.09577178955078,0.0,0.0,0.0,0.0,0.0,0.0,0.0,59,nan,nan,0,T_JUNCTION,108,4,2,0
148.1157581806183,0.0,0.0,0.0,0.0,0.0,0.0,0.0,59,nan,nan,0,T_JUNCTION,108,4,2,0
148.13577938079834,0.0,0.0,0.0,0.0,0.0,0.0,0.0,59,nan,nan,0,T_JUNCTION,108,4,2,0
148.15576672554016,0.0,0.0,0.0,0.0,0.0,0.0,0.0,59,nan,nan,0,T_JUNCTION,108,4,2,0
148.1757640838623,0.0,0.0,0.0,0.0,0.0,0.0,0.0,59,nan,nan,0,T_JUNCTION,108,4,2,0
148.19576358795166,0.0,0.0,0.0,0.0,0.0,0.0,0.0,59,nan,nan,0,T_JUNCTION,108,4,2,0
148.21576285362244,0.0,0.0,0.0,0.0,0.0,0.0,0.0,59,nan,nan,0,T_JUNCTION,108,4,2,0
148.23576760292053,0.0,0.0,0.0,0.0,0.0,0.0,0.0,59,nan,nan,0,T_JUNCTION,108,4,2,0
148.2557692527771,0.0,0.0,0.0,0.0,0.0,0.0,0.0,59,nan,nan,0,T_JUNCTION,108,4,2,0
148.27575612068176,0.0,0.0,0.0,0.0,0.0,0.0,0.0,59,nan,nan,0,T_JUNCTION,108,4,2,0
148.295800447464,0.0,0.0,0.0,0.0,0.0,0.0,0.0,59,nan,nan,0,T_JUNCTION,108,4,2,0
148.3157730102539,0.0,0.0,0.0,0.0,0.0,0.0,0.0,59,nan,nan,0,T_JUNCTION,108,4,2,0
148.335773229599,0.0,0.0,0.0,0.0,0.0,0.0,0.0,59,nan,nan,0,T_JUNCTION,108,4,2,0
148.35576367378235,0.0,0.0,0.0,0.0,0.0,0.0,0.0,59,nan,nan,0,T_JUNCTION,108,4,2,0
148.37576484680176,0.0,0.0,0.0,0.0,0.0,0.0,0.0,59,nan,nan,0,T_JUNCTION,108,4,2,0
148.3957724571228,0.0,0.0,0.0,0.0,0.0,0.0,0.0,59,nan,nan,0,T_JUNCTION,108,4,2,0
148.4157783985138,0.0,0.0,0.0,0.0,0.0,0.0,0.0,59,nan,nan,0,T_JUNCTION,108,4,2,0
148.43575477600098,0.0,0.0,0.0,0.0,0.0,0.0,0.0,59,nan,nan,0,T_JUNCTION,108,4,2,0
148.45579838752747,0.0,0.0,0.0,0.0,0.0,0.0,0.0,59,nan,nan,0,T_JUNCTION,108,4,2,0
148.47576332092285,0.0,0.0,0.0,0.0,0.0,0.0,0.0,59,nan,nan,0,T_JUNCTION,108,4,2,0
148.4958140850067,0.0,0.0,0.0,0.0,0.0,0.0,0.0,59,nan,nan,0,T_JUNCTION,108,4,2,0
148.51576280593872,0.0,0.0,0.0,0.0,0.0,0.0,0.0,59,nan,nan,0,T_JUNCTION,108,4,2,0
148.53576731681824,0.0,0.0,0.0,0.0,0.0,0.0,0.0,59,nan,nan,0,T_JUNCTION,108,4,2,0
148.55577683448792,0.0,0.0,0.0,0.0,0.0,0.0,0.0,59,nan,nan,0,T_JUNCTION,108,4,2,0
148.57577419281006,0.0,0.0,0.0,0.0,0.0,0.0,0.0,59,nan,nan,0,T_JUNCTION,108,4,2,0
148.5957751274109,0.0,0.0,0.0,0.0,0.0,0.0,0.0,59,nan,nan,0,T_JUNCTION,108,4,2,0
148.61577820777893,0.0,0.0,0.0,0.0,0.0,0.0,0.0,59,nan,nan,0,T_JUNCTION,108,4,2,0
148.63577151298523,0.0,0.0,0.0,0.0,0.0,0.0,0.0,59,nan,nan,0,T_JUNCTION,108,4,2,0
148.65580677986145,0.0,0.0,0.0,0.0,0.0,0.0,0.0,59,nan,nan,0,T_JUNCTION,108,4,2,0
148.67575192451477,0.0,0.0,0.0,0.0,0.0,0.0,0.0,59,nan,nan,0,T_JUNCTION,108,4,2,0
148.69577765464783,0.0,0.0,0.0,0.0,0.0,0.0,0.0,59,nan,nan,0,T_JUNCTION,108,4,2,0
148.71577835083008,0.0,0.0,0.0,0.0,0.0,0.0,0.0,59,nan,nan,0,T_JUNCTION,108,4,2,0
148.73577117919922,0.0,0.0,0.0,0.0,0.0,0.0,0.0,59,nan,nan,0,T_JUNCTION,108,4,2,0
148.75581312179565,0.0,0.0,0.0,0.0,0.0,0.0,0.0,59,nan,nan,0,T_JUNCTION,108,4,2,0
148.7757613658905,0.0,0.0,0.0,0.0,0.0,0.0,0.0,59,nan,nan,0,T_JUNCTION,108,4,2,0
148.79577088356018,0.0,0.0,0.0,0.0,0.0,0.0,0.0,59,nan,nan,0,T_JUNCTION,108,4,2,0
148.8157720565796,0.0,0.0,0.0,0.0,0.0,0.0,0.0,59,nan,nan,0,T_JUNCTION,108,4,2,0
148.83578896522522,0.0,0.0,0.0,0.0,0.0,0.0,0.0,59,nan,nan,0,T_JUNCTION,108,4,2,0
148.85578417778015,0.0,0.0,0.0,0.0,0.0,0.0,0.0,59,nan,nan,0,T_JUNCTION,108,4,2,0
148.87576723098755,0.0,0.0,0.0,0.0,0.0,0.0,0.0,59,nan,nan,0,T_JUNCTION,108,4,2,0
148.8957860469818,0.0,0.0,0.0,0.0,0.0,0.0,0.0,59,nan,nan,0,T_JUNCTION,108,4,2,0
148.91577768325806,0.0,0.0,0.0,0.0,0.0,0.0,0.0,59,nan,nan,0,T_JUNCTION,108,4,2,0
148.93575596809387,0.0,0.0,0.0,0.0,0.0,0.0,0.0,59,nan,nan,0,T_JUNCTION,108,4,2,0
148.9557809829712,0.0,0.0,0.0,0.0,0.0,0.0,0.0,59,nan,nan,0,T_JUNCTION,108,4,2,0
148.97575497627258,0.0,0.0,0.0,0.0,0.0,0.0,0.0,59,nan,nan,0,T_JUNCTION,108,4,2,0
148.99576616287231,0.0,0.0,0.0,0.0,0.0,0.0,0.0,59,nan,nan,0,T_JUNCTION,108,4,2,0
149.01575899124146,0.0,0.0,0.0,0.0,0.0,0.0,0.0,59,nan,nan,0,T_JUNCTION,108,4,2,0
149.03576374053955,0.0,0.0,0.0,0.0,0.0,0.0,0.0,59,nan,nan,0,T_JUNCTION,108,4,2,0
149.05578136444092,0.0,0.0,0.0,0.0,0.0,0.0,0.0,59,nan,nan,0,T_JUNCTION,108,4,2,0
149.07577085494995,0.0,0.0,0.0,0.0,0.0,0.0,0.0,59,nan,nan,0,T_JUNCTION,108,4,2,0
149.095773935318,0.0,0.0,0.0,0.0,0.0,0.0,0.0,59,nan,nan,0,T_JUNCTION,108,4,2,0
149.1157877445221,0.0,0.0,0.0,0.0,0.0,0.0,0.0,59,nan,nan,0,T_JUNCTION,108,4,2,0
149.1357717514038,0.0,0.0,0.0,0.0,0.0,0.0,0.0,59,nan,nan,0,T_JUNCTION,108,4,2,0
149.15578484535217,0.0,0.0,0.0,0.0,0.0,0.0,0.0,59,nan,nan,0,T_JUNCTION,108,4,2,0
149.17575454711914,0.0,0.0,0.0,0.0,0.0,0.0,0.0,59,nan,nan,0,T_JUNCTION,108,4,2,0
149.19576001167297,0.0,0.0,0.0,0.0,0.0,0.0,0.0,59,nan,nan,0,T_JUNCTION,108,4,2,0
149.21577215194702,0.0,0.0,0.0,0.0,0.0,0.0,0.0,59,nan,nan,0,T_JUNCTION,108,4,2,0
149.23575830459595,0.0,0.0,0.0,0.0,0.0,0.0,0.0,59,nan,nan,0,T_JUNCTION,108,4,2,0
149.25577044487,0.0,0.0,0.0,0.0,0.0,0.0,0.0,59,nan,nan,0,T_JUNCTION,108,4,2,0
149.27575659751892,0.0,0.0,0.0,0.0,0.0,0.0,0.0,59,nan,nan,0,T_JUNCTION,108,4,2,0
149.29576325416565,0.0,0.0,0.0,0.0,0.0,0.0,0.0,59,nan,nan,0,T_JUNCTION,108,4,2,0
149.31577110290527,0.0,0.0,0.0,0.0,0.0,0.0,0.0,59,nan,nan,0,T_JUNCTION,108,4,2,0
149.33576321601868,0.0,0.0,0.0,0.0,0.0,0.0,0.0,59,nan,nan,0,T_JUNCTION,108,4,2,0
149.35577273368835,0.0,0.0,0.0,0.0,0.0,0.0,0.0,59,nan,nan,0,T_JUNCTION,108,4,2,0
149.37577533721924,0.0,0.0,0.0,0.0,0.0,0.0,0.0,59,nan,nan,0,T_JUNCTION,108,4,2,0
149.3957736492157,0.0,0.0,0.0,0.0,0.0,0.0,0.0,59,nan,nan,0,T_JUNCTION,108,4,2,0
149.41576647758484,0.0,0.0,0.0,0.0,0.0,0.0,0.0,59,nan,nan,0,T_JUNCTION,108,4,2,0
149.43577885627747,0.0,0.0,0.0,0.0,0.0,0.0,0.0,59,nan,nan,0,T_JUNCTION,108,4,2,0
149.45577025413513,0.0,0.0,0.0,0.0,0.0,0.0,0.0,59,nan,nan,0,T_JUNCTION,108,4,2,0
149.47576665878296,0.0,0.0,0.0,0.0,0.0,0.0,0.0,59,nan,nan,0,T_JUNCTION,108,4,2,0
149.49576497077942,0.0,0.0,0.0,0.0,0.0,0.0,0.0,59,nan,nan,0,T_JUNCTION,108,4,2,0
149.51577186584473,0.0,0.0,0.0,0.0,0.0,0.0,0.0,59,nan,nan,0,T_JUNCTION,108,4,2,0
149.53576397895813,0.0,0.0,0.0,0.0,0.0,0.0,0.0,59,nan,nan,0,T_JUNCTION,108,4,2,0
149.55577301979065,0.0,0.0,0.0,0.0,0.0,0.0,0.0,59,nan,nan,0,T_JUNCTION,108,4,2,0
149.5757656097412,0.0,0.0,0.0,0.0,0.0,0.0,0.0,59,nan,nan,0,T_JUNCTION,108,4,2,0
149.59577465057373,0.0,0.0,0.0,0.0,0.0,0.0,0.0,59,nan,nan,0,T_JUNCTION,108,4,2,0
149.6157603263855,0.0,0.0,0.0,0.0,0.0,0.0,0.0,59,nan,nan,0,T_JUNCTION,108,4,2,0
149.63577389717102,0.0,0.0,0.0,0.0,0.0,0.0,0.0,59,nan,nan,0,T_JUNCTION,108,4,2,0
149.65577459335327,0.0,0.0,0.0,0.0,0.0,0.0,0.0,59,nan,nan,0,T_JUNCTION,108,4,2,0
149.6757950782776,0.0,0.0,0.0,0.0,0.0,0.0,0.0,59,nan,nan,0,T_JUNCTION,108,4,2,0
149.6957573890686,0.0,0.0,0.0,0.0,0.0,0.0,0.0,59,nan,nan,0,T_JUNCTION,108,4,2,0
149.71576166152954,0.0,0.0,0.0,0.0,0.0,0.0,0.0,59,nan,nan,0,T_JUNCTION,108,4,2,0
149.73578071594238,0.0,0.0,0.0,0.0,0.0,0.0,0.0,59,nan,nan,0,T_JUNCTION,108,4,2,0
149.7557635307312,0.0,0.0,0.0,0.0,0.0,0.0,0.0,59,nan,nan,0,T_JUNCTION,108,4,2,0
149.77575540542603,0.0,0.0,0.0,0.0,0.0,0.0,0.0,59,nan,nan,0,T_JUNCTION,108,4,2,0
149.79576873779297,0.0,0.0,0.0,0.0,0.0,0.0,0.0,59,nan,nan,0,T_JUNCTION,108,4,2,0
149.8157615661621,0.0,0.0,0.0,0.0,0.0,0.0,0.0,59,nan,nan,0,T_JUNCTION,108,4,2,0
149.83576607704163,0.0,0.0,0.0,0.0,0.0,0.0,0.0,59,nan,nan,0,T_JUNCTION,108,4,2,0
149.8557698726654,0.0,0.0,0.0,0.0,0.0,0.0,0.0,59,nan,nan,0,T_JUNCTION,108,4,2,0
149.87576460838318,0.0,0.0,0.0,0.0,0.0,0.0,0.0,59,nan,nan,0,T_JUNCTION,108,4,2,0
149.89578080177307,0.0,0.0,0.0,0.0,0.0,0.0,0.0,59,nan,nan,0,T_JUNCTION,108,4,2,0
149.91577005386353,0.0,0.0,0.0,0.0,0.0,0.0,0.0,59,nan,nan,0,T_JUNCTION,108,4,2,0
149.9357750415802,0.0,0.0,0.0,0.0,0.0,0.0,0.0,59,nan,nan,0,T_JUNCTION,108,4,2,0
149.95577383041382,0.0,0.0,0.0,0.0,0.0,0.0,0.0,59,nan,nan,0,T_JUNCTION,108,4,2,0
149.97576212882996,0.0,0.0,0.0,0.0,0.0,0.0,0.0,59,nan,nan,0,T_JUNCTION,108,4,2,0
149.99575805664062,0.0,0.0,0.0,0.0,0.0,0.0,0.0,59,nan,nan,0,T_JUNCTION,108,4,2,0
150.01576161384583,0.0,0.0,0.0,0.0,0.0,0.0,0.0,59,nan,nan,0,T_JUNCTION,108,4,2,0
150.0357801914215,0.0,0.0,0.0,0.0,0.0,0.0,0.0,59,nan,nan,0,T_JUNCTION,108,4,2,0
150.05576467514038,0.0,0.0,0.0,0.0,0.0,0.0,0.0,59,nan,nan,0,T_JUNCTION,108,4,2,0
150.07577919960022,0.0,0.0,0.0,0.0,0.0,0.0,0.0,59,nan,nan,0,T_JUNCTION,108,4,2,0
150.0957658290863,0.0,0.0,0.0,0.0,0.0,0.0,0.0,59,nan,nan,0,T_JUNCTION,108,4,2,0
150.11577200889587,0.0,0.0,0.0,0.0,0.0,0.0,0.0,59,nan,nan,0,T_JUNCTION,108,4,2,0
150.1357717514038,0.0,0.0,0.0,0.0,0.0,0.0,0.0,59,nan,nan,0,T_JUNCTION,108,4,2,0
150.15577340126038,0.0,0.0,0.0,0.0,0.0,0.0,0.0,59,nan,nan,0,T_JUNCTION,108,4,2,0
150.17576622962952,0.0,0.0,0.0,0.0,0.0,0.0,0.0,59,nan,nan,0,T_JUNCTION,108,4,2,0
150.19578194618225,0.0,0.0,0.0,0.0,0.0,0.0,0.0,59,nan,nan,0,T_JUNCTION,108,4,2,0
150.21577382087708,0.0,0.0,0.0,0.0,0.0,0.0,0.0,59,nan,nan,0,T_JUNCTION,108,4,2,0
150.23578453063965,0.0,0.0,0.0,0.0,0.0,0.0,0.0,59,nan,nan,0,T_JUNCTION,108,4,2,0
150.25576615333557,0.0,0.0,0.0,0.0,0.0,0.0,0.0,59,nan,nan,0,T_JUNCTION,108,4,2,0
150.27578711509705,0.0,0.0,0.0,0.0,0.0,0.0,0.0,59,nan,nan,0,T_JUNCTION,108,4,2,0
150.29580163955688,0.0,0.0,0.0,0.0,0.0,0.0,0.0,59,nan,nan,0,T_JUNCTION,108,4,2,0
150.3157594203949,0.0,0.0,0.0,0.0,0.0,0.0,0.0,59,nan,nan,0,T_JUNCTION,108,4,2,0
150.33576369285583,0.0,0.0,0.0,0.0,0.0,0.0,0.0,59,nan,nan,0,T_JUNCTION,108,4,2,0
150.3557631969452,0.0,0.0,0.0,0.0,0.0,0.0,0.0,59,nan,nan,0,T_JUNCTION,108,4,2,0
150.37575483322144,0.0,0.0,0.0,0.0,0.0,0.0,0.0,59,nan,nan,0,T_JUNCTION,108,4,2,0
150.3957633972168,0.0,0.0,0.0,0.0,0.0,0.0,0.0,59,nan,nan,0,T_JUNCTION,108,4,2,0
150.41577649116516,0.0,0.0,0.0,0.0,0.0,0.0,0.0,59,nan,nan,0,T_JUNCTION,108,4,2,0
150.4357762336731,0.0,0.0,0.0,0.0,0.0,0.0,0.0,59,nan,nan,0,T_JUNCTION,108,4,2,0
150.45579504966736,0.0,0.0,0.0,0.0,0.0,0.0,0.0,59,nan,nan,0,T_JUNCTION,108,4,2,0
150.47576189041138,0.0,0.0,0.0,0.0,0.0,0.0,0.0,59,nan,nan,0,T_JUNCTION,108,4,2,0
150.49577140808105,0.0,0.0,0.0,0.0,0.0,0.0,0.0,59,nan,nan,0,T_JUNCTION,108,4,2,0
150.51576137542725,0.0,0.0,0.0,0.0,0.0,0.0,0.0,59,nan,nan,0,T_JUNCTION,108,4,2,0
150.53576946258545,0.0,0.0,0.0,0.0,0.0,0.0,0.0,59,nan,nan,0,T_JUNCTION,108,4,2,0
