t,vx,wz,tgt_r,tgt_l,spd_r,spd_l,err_r,err_l,ticks_r,ticks_l,dist_r,dist_l,raw_angle,filtered_angle,error,weld
2.15,0.005,-0.15000000000000002,-0.0175,0.027500000000000004,0.0,0.0,-0.0175,0.0275,0,0,0.0,0.0,6.679691074293397,7.031253717478648,-0.3515626431852503,WELD_FOUND
2.2,0.005,-0.15000000000000002,-0.0175,0.027500000000000004,0.0,0.0,-0.0175,0.0275,0,0,0.0,0.0,6.679691074293397,7.031253717478648,-0.3515626431852503,WELD_FOUND
2.25,0.0,0.0,0.0,0.0,0.0,0.0,0.0,0.0,0,0,0.0,0.0,6.679691074293397,nan,nan,NO_WELD
2.299,0.0,0.0,0.0,0.0,0.0049,0.0049,-0.0049,-0.0049,2,2,0.0019,0.0019,6.679691074293397,nan,nan,NO_WELD
2.35,0.005,-0.05,-0.0024999999999999996,0.0125,0.0049,0.0049,-0.0074,0.0076,2,2,0.0019,0.0019,6.328128431108148,6.328128431108148,0.0,WELD_FOUND
2.4,0.005,-0.05,-0.0024999999999999996,0.0125,0.0049,0.0049,-0.0074,0.0076,2,2,0.0019,0.0019,6.328128431108148,6.328128431108148,0.0,WELD_FOUND
2.45,0.005391958667986902,-0.1,-0.009608041332013097,0.020391958667986904,0.004,0.004,-0.0136,0.0164,2,2,0.0019,0.0019,5.625003571624471,5.97656621480972,-0.35156264318524943,WELD_FOUND
2.5,0.005391958667986902,-0.1,-0.009608041332013097,0.020391958667986904,0.004,0.004,-0.0136,0.0164,2,2,0.0019,0.0019,5.625003571624471,5.97656621480972,-0.35156264318524943,WELD_FOUND
2.549,0.0056104945360448645,-0.15000000000000002,-0.016889505463955137,0.028110494536044868,0.0032,0.0032,-0.0201,0.0249,2,2,0.0019,0.0019,5.97656621480972,5.97656621480972,0.0,WELD_FOUND
2.6,0.0056104945360448645,-0.15000000000000002,-0.016889505463955137,0.028110494536044868,0.0032,0.0032,-0.0201,0.0249,3,2,0.0028,0.0019,5.97656621480972,5.97656621480972,0.0,WELD_FOUND
2.65,0.005654722640427157,-0.2,-0.024345277359572842,0.035654722640427156,0.0032,0.0032,-0.0275,0.0325,3,2,0.0028,0.0019,5.97656621480972,5.97656621480972,0.0,WELD_FOUND
2.7,0.005654722640427157,-0.2,-0.024345277359572842,0.035654722640427156,0.0044,0.0044,-0.0287,0.0313,3,3,0.0028,0.0028,5.97656621480972,5.97656621480972,0.0,WELD_FOUND
2.75,0.00566358909853444,-0.25,-0.03183641090146556,0.04316358909853444,0.0044,0.0044,-0.0362,0.0388,3,3,0.0028,0.0028,6.328128431108148,5.97656621480972,0.35156221629842754,WELD_FOUND
2.799,0.00566358909853444,-0.25,-0.03183641090146556,0.04316358909853444,0.0035,0.0044,-0.0353,0.0388,3,4,0.0028,0.0037,6.328128431108148,5.97656621480972,0.35156221629842754,WELD_FOUND
2.849,0.0056653632236451324,-0.26076736887625485,-0.0334497421077931,0.04478046855508336,0.0035,0.0051,-0.0369,0.0397,3,4,0.0028,0.0037,5.625003571624471,5.97656621480972,-0.35156264318524943,WELD_FOUND
2.899,0.0056653632236451324,-0.26076736887625485,-0.0334497421077931,0.04478046855508336,0.0035,0.0051,-0.0369,0.0397,2,5,0.0019,0.0046,5.625003571624471,5.97656621480972,-0.35156264318524943,WELD_FOUND
2.95,0.005665718082006839,-0.2607749653681009,-0.03345052672320829,0.04478196288722197,-0.0004,0.0068,-0.0331,0.038,2,5,0.0019,0.0046,4.921878712140794,5.97656621480972,-1.0546875026689264,WELD_FOUND
3.0,0.005665718082006839,-0.2607749653681009,-0.03345052672320829,0.04478196288722197,-0.0004,0.0068,-0.0331,0.038,1,8,0.0009,0.0074,4.921878712140794,5.97656621480972,-1.0546875026689264,WELD_FOUND
3.05,0.005665789055012764,-0.26077650291094767,-0.03345068638162939,0.04478226449165491,-0.0004,0.0068,-0.0331,0.038,1,8,0.0009,0.0074,6.328128431108148,5.97656621480972,0.35156221629842754,WELD_FOUND
3.102,0.005665789055012764,-0.26077650291094767,-0.03345068638162939,0.04478226449165491,-0.0076,0.0189,-0.0258,0.0259,-1,11,0.0009,0.0102,6.328128431108148,5.97656621480972,0.35156221629842754,WELD_FOUND
3.15,0.0,0.0,0.0,0.0,-0.0076,0.0189,0.0076,-0.0189,-1,11,0.0009,0.0102,6.328128431108148,nan,nan,NO_WELD
3.2,0.0,0.0,0.0,0.0,-0.0076,0.0189,0.0076,-0.0189,-2,14,0.0019,0.013,6.328128431108148,nan,nan,NO_WELD
3.25,0.0056658032496672926,-0.05,-0.0018341967503327072,0.013165803249667292,-0.0071,0.0187,0.0052,-0.0056,-2,14,0.0019,0.013,5.97656621480972,5.97656621480972,0.0,WELD_FOUND
3.299,0.0056658032496672926,-0.05,-0.0018341967503327072,0.013165803249667292,-0.0071,0.0187,0.0052,-0.0056,-2,14,0.0019,0.013,5.97656621480972,5.97656621480972,0.0,WELD_FOUND
3.35,0.006068784380687403,-0.1,-0.008931215619312597,0.021068784380687402,-0.0071,0.0187,-0.0019,0.0023,-2,14,0.0019,0.013,5.625003571624471,5.800784893217095,-0.17578132159262427,WELD_FOUND
3.399,0.006068784380687403,-0.1,-0.008931215619312597,0.021068784380687402,-0.0056,0.015,-0.0033,0.0061,-2,14,0.0019,0.013,5.625003571624471,5.800784893217095,-0.17578132159262427,WELD_FOUND
3.45,0.0,0.0,0.0,0.0,-0.0056,0.015,0.0056,-0.015,-2,14,0.0019,0.013,5.625003571624471,nan,nan,NO_WELD
3.5,0.0,0.0,0.0,0.0,-0.0056,0.015,0.0056,-0.015,-2,14,0.0019,0.013,5.625003571624471,nan,nan,NO_WELD
3.55,0.008387416709688922,-0.05,0.0008874167096889225,0.01588741670968892,-0.0045,0.012,0.0054,0.0039,-2,14,0.0019,0.013,4.921878712140794,4.921878712140794,0.0,WELD_FOUND
3.6,0.008387416709688922,-0.05,0.0008874167096889225,0.01588741670968892,-0.0045,0.012,0.0054,0.0039,-2,14,0.0019,0.013,4.921878712140794,4.921878712140794,0.0,WELD_FOUND
3.65,0.0,0.0,0.0,0.0,-0.0045,0.012,0.0045,-0.012,-2,14,0.0019,0.013,4.921878712140794,nan,nan,NO_WELD
3.7,0.0,0.0,0.0,0.0,-0.0036,0.0096,0.0036,-0.0096,-2,14,0.0019,0.013,4.921878712140794,nan,nan,NO_WELD
3.749,0.0,0.0,0.0,0.0,-0.0036,0.0096,0.0036,-0.0096,-2,14,0.0019,0.013,4.921878712140794,nan,nan,NO_WELD
3.8,0.0,0.0,0.0,0.0,-0.0029,0.0077,0.0029,-0.0077,-2,14,0.0019,0.013,4.921878712140794,nan,nan,NO_WELD
3.85,0.0,0.0,0.0,0.0,-0.0029,0.0077,0.0029,-0.0077,-2,14,0.0019,0.013,4.921878712140794,nan,nan,NO_WELD
3.9,0.0,0.0,0.0,0.0,-0.0029,0.0077,0.0029,-0.0077,-2,14,0.0019,0.013,5.97656621480972,nan,nan,NO_WELD
3.95,0.005665806798333702,-0.05,-0.0018341932016662978,0.013165806798333702,-0.0023,0.0061,0.0005,0.007,-2,14,0.0019,0.013,5.97656621480972,5.97656621480972,0.0,WELD_FOUND
4.0,0.005665806798333702,-0.05,-0.0018341932016662978,0.013165806798333702,-0.0023,0.0061,0.0005,0.007,-2,14,0.0019,0.013,5.97656621480972,5.97656621480972,0.0,WELD_FOUND
4.05,0.00736077677418704,-0.1,-0.007639223225812959,0.02236077677418704,-0.0018,0.0049,-0.0058,0.0174,-2,14,0.0019,0.013,4.5703160689555435,5.2734409284392205,-0.703124859483677,WELD_FOUND
4.104,0.00736077677418704,-0.1,-0.007639223225812959,0.02236077677418704,-0.0018,0.0049,-0.0058,0.0174,-2,14,0.0019,0.013,4.5703160689555435,5.2734409284392205,-0.703124859483677,WELD_FOUND
4.15,0.0068290299031126276,-0.15000000000000002,-0.015670970096887376,0.02932902990311263,-0.0018,0.0049,-0.0138,0.0244,-2,14,0.0019,0.013,5.625003571624471,5.625003571624471,0.0,WELD_FOUND
4.2,0.0068290299031126276,-0.15000000000000002,-0.015670970096887376,0.02932902990311263,-0.0015,0.0054,-0.0142,0.0239,-2,15,0.0019,0.0139,5.625003571624471,5.625003571624471,0.0,WELD_FOUND
4.25,0.007615747038328497,-0.2,-0.022384252961671503,0.0376157470383285,-0.0015,0.0054,-0.0209,0.0322,-2,15,0.0019,0.0139,4.921878712140794,5.2734409284392205,-0.35156221629842666,WELD_FOUND
4.3,0.007615747038328497,-0.2,-0.022384252961671503,0.0376157470383285,0.0028,0.007,-0.0252,0.0307,-1,16,0.0009,0.0148,4.921878712140794,5.2734409284392205,-0.35156221629842666,WELD_FOUND
4.35,0.0,0.0,0.0,0.0,0.0028,0.007,-0.0028,-0.007,-1,16,0.0009,0.0148,4.921878712140794,nan,nan,NO_WELD
4.4,0.0,0.0,0.0,0.0,0.0028,0.007,-0.0028,-0.007,-1,18,0.0009,0.0167,4.921878712140794,nan,nan,NO_WELD
4.45,0.005,-0.05,-0.0024999999999999996,0.0125,0.0023,0.0091,-0.0048,0.0034,-1,18,0.0009,0.0167,6.679691074293397,6.679691074293397,0.0,WELD_FOUND
4.5,0.005,-0.05,-0.0024999999999999996,0.0125,0.0023,0.0091,-0.0048,0.0034,-1,18,0.0009,0.0167,6.679691074293397,6.679691074293397,0.0,WELD_FOUND
4.55,0.005043256019914128,-0.1,-0.00995674398008587,0.020043256019914128,0.0018,0.0073,-0.0118,0.0127,-1,18,0.0009,0.0167,5.625003571624471,6.152347536402345,-0.5273439647778746,WELD_FOUND
4.6,0.005043256019914128,-0.1,-0.00995674398008587,0.020043256019914128,0.0018,0.0073,-0.0118,0.0127,-1,18,0.0009,0.0167,5.625003571624471,6.152347536402345,-0.5273439647778746,WELD_FOUND
4.649,0.005,-0.15000000000000002,-0.0175,0.027500000000000004,0.0018,0.0073,-0.0193,0.0202,-1,18,0.0009,0.0167,6.328128431108148,6.328128431108148,0.0,WELD_FOUND
4.7,0.005,-0.15000000000000002,-0.0175,0.027500000000000004,0.0014,0.0068,-0.0189,0.0207,-1,19,0.0009,0.0176,6.328128431108148,6.328128431108148,0.0,WELD_FOUND
4.75,0.0,0.0,0.0,0.0,0.0014,0.0068,-0.0014,-0.0068,-1,19,0.0009,0.0176,6.328128431108148,nan,nan,NO_WELD
4.8,0.0,0.0,0.0,0.0,0.0012,0.0078,-0.0012,-0.0078,-1,20,0.0009,0.0185,6.328128431108148,nan,nan,NO_WELD
4.85,0.0,0.0,0.0,0.0,0.0012,0.0078,-0.0012,-0.0078,-1,20,0.0009,0.0185,6.328128431108148,nan,nan,NO_WELD
4.9,0.0,0.0,0.0,0.0,0.0012,0.0078,-0.0012,-0.0078,-1,21,0.0009,0.0195,6.328128431108148,nan,nan,NO_WELD
4.95,0.0,0.0,0.0,0.0,0.0,0.0072,0.0,-0.0072,-1,21,0.0009,0.0195,6.328128431108148,nan,nan,NO_WELD
4.999,0.0,0.0,0.0,0.0,0.0,0.0072,0.0,-0.0072,-1,21,0.0009,0.0195,3.5156285662866162,nan,nan,NO_WELD
5.049,0.0,0.0,0.0,0.0,0.0,0.0072,0.0,-0.0072,-1,21,0.0009,0.0195,3.5156285662866162,3.5156285662866162,0.0,WELD_FOUND
5.102,0.02277339831214154,-0.05,0.015273398312141539,0.03027339831214154,0.0,0.0057,0.0153,0.0245,-1,21,0.0009,0.0195,0.35156592487770283,1.9335973122832257,-1.582031387405523,WELD_FOUND
5.15,0.02277339831214154,-0.05,0.015273398312141539,0.03027339831214154,0.0,0.0057,0.0153,0.0245,-1,21,0.0009,0.0195,0.35156592487770283,1.9335973122832257,-1.582031387405523,WELD_FOUND
5.2,0.02277339831214154,-0.05,0.015273398312141539,0.03027339831214154,0.0074,0.0071,0.0079,0.0231,1,22,0.0009,0.0204,-1.7578091605014305,1.9335973122832257,-3.6914064727846565,WELD_FOUND
5.25,0.030480359985581778,0.0,0.030480359985581778,0.030480359985581778,0.0074,0.0071,0.0231,0.0233,1,22,0.0009,0.0204,-1.7578091605014305,0.35156592487770283,-2.1093750853791335,WELD_FOUND
5.3,0.0320620652753495,0.04778129961631376,0.03922926021779657,0.024894870332902438,0.0156,0.0191,0.0237,0.0058,4,26,0.0037,0.0241,-2.460934233428519,-0.7031216044716506,-1.7578126289568685,WELD_FOUND
5.35,0.0320620652753495,0.04778129961631376,0.03922926021779657,0.024894870332902438,0.0156,0.0191,0.0237,0.0058,4,26,0.0037,0.0241,-2.460934233428519,-0.7031216044716506,-1.7578126289568685,WELD_FOUND
5.4,0.0,0.0,0.0,0.0,0.0156,0.0191,-0.0156,-0.0191,8,29,0.0074,0.0269,-2.460934233428519,nan,nan,NO_WELD
5.449,0.0,0.0,0.0,0.0,0.0193,0.0189,-0.0193,-0.0189,8,29,0.0074,0.0269,-2.460934233428519,nan,nan,NO_WELD
5.5,0.020559105143865462,0.05,0.028059105143865462,0.013059105143865463,0.0193,0.0189,0.0088,-0.0058,10,31,0.0093,0.0287,-2.8124966631703576,-2.8124966631703576,0.0,WELD_FOUND
5.55,0.020559105143865462,0.05,0.028059105143865462,0.013059105143865463,0.019,0.0187,0.0091,-0.0057,10,31,0.0093,0.0287,-2.8124966631703576,-2.8124966631703576,0.0,WELD_FOUND
5.6,0.0,0.0,0.0,0.0,0.019,0.0187,-0.019,-0.0187,11,32,0.0102,0.0297,-2.8124966631703576,nan,nan,NO_WELD
5.65,0.0,0.0,0.0,0.0,0.019,0.0187,-0.019,-0.0187,11,32,0.0102,0.0297,-2.8124966631703576,nan,nan,NO_WELD
5.7,0.0,0.0,0.0,0.0,0.0138,0.0137,-0.0138,-0.0137,11,32,0.0102,0.0297,-1.7578091605014305,-1.7578091605014305,0.0,WELD_FOUND
5.749,0.023114553102172693,0.05,0.030614553102172693,0.015614553102172694,0.0138,0.0137,0.0168,0.0019,11,32,0.0102,0.0297,-1.7578091605014305,-1.7578091605014305,0.0,WELD_FOUND
5.8,0.0,0.0,0.0,0.0,0.0138,0.0137,-0.0138,-0.0137,11,32,0.0102,0.0297,-1.7578091605014305,nan,nan,NO_WELD
5.85,0.0,0.0,0.0,0.0,0.0111,0.011,-0.0111,-0.011,11,32,0.0102,0.0297,-1.7578091605014305,nan,nan,NO_WELD
5.9,0.0,0.0,0.0,0.0,0.0111,0.011,-0.0111,-0.011,11,32,0.0102,0.0297,-1.7578091605014305,nan,nan,NO_WELD
5.95,0.0,0.0,0.0,0.0,0.0089,0.0088,-0.0089,-0.0088,11,32,0.0102,0.0297,-1.7578091605014305,nan,nan,NO_WELD
6.0,0.0,0.0,0.0,0.0,0.0089,0.0088,-0.0089,-0.0088,11,32,0.0102,0.0297,-1.7578091605014305,nan,nan,NO_WELD
6.049,0.0,0.0,0.0,0.0,0.0089,0.0088,-0.0089,-0.0088,11,32,0.0102,0.0297,-1.7578091605014305,nan,nan,NO_WELD
6.101,0.019893129421441513,0.05,0.027393129421441512,0.012393129421441513,0.0071,0.007,0.0203,0.0054,11,32,0.0102,0.0297,-2.460934233428519,-2.460934233428519,0.0,WELD_FOUND
6.15,0.019893129421441513,0.05,0.027393129421441512,0.012393129421441513,0.0071,0.007,0.0203,0.0054,11,32,0.0102,0.0297,-2.460934233428519,-2.460934233428519,0.0,WELD_FOUND
6.2,0.0,0.0,0.0,0.0,0.008,0.0079,-0.008,-0.0079,12,33,0.0111,0.0306,-2.460934233428519,nan,nan,NO_WELD
6.25,0.0,0.0,0.0,0.0,0.008,0.0079,-0.008,-0.0079,12,33,0.0111,0.0306,-2.460934233428519,nan,nan,NO_WELD
6.3,0.0,0.0,0.0,0.0,0.0085,0.0085,-0.0085,-0.0085,13,34,0.012,0.0315,-2.460934233428519,-2.460934233428519,0.0,WELD_FOUND
6.35,0.019893129421441513,0.05,0.027393129421441512,0.012393129421441513,0.0085,0.0085,0.0189,0.0039,13,34,0.012,0.0315,-2.460934233428519,-2.460934233428519,0.0,WELD_FOUND
6.4,0.0,0.0,0.0,0.0,0.0085,0.0085,-0.0085,-0.0085,13,34,0.012,0.0315,-2.460934233428519,nan,nan,NO_WELD
6.45,0.0,0.0,0.0,0.0,0.0068,0.0068,-0.0068,-0.0068,13,34,0.012,0.0315,-2.460934233428519,nan,nan,NO_WELD
6.5,0.0,0.0,0.0,0.0,0.0068,0.0068,-0.0068,-0.0068,14,34,0.013,0.0315,-2.460934233428519,nan,nan,NO_WELD
6.55,0.0,0.0,0.0,0.0,0.0068,0.0068,-0.0068,-0.0068,14,34,0.013,0.0315,-2.460934233428519,nan,nan,NO_WELD
6.6,0.0,0.0,0.0,0.0,0.0065,0.0054,-0.0065,-0.0054,14,34,0.013,0.0315,-2.460934233428519,nan,nan,NO_WELD
6.649,0.0,0.0,0.0,0.0,0.0065,0.0054,-0.0065,-0.0054,14,34,0.013,0.0315,-2.460934233428519,nan,nan,NO_WELD
6.7,0.0,0.0,0.0,0.0,0.0052,0.0043,-0.0052,-0.0043,14,34,0.013,0.0315,-2.460934233428519,nan,nan,NO_WELD
6.749,0.0,0.0,0.0,0.0,0.0052,0.0043,-0.0052,-0.0043,14,34,0.013,0.0315,-2.460934233428519,nan,nan,NO_WELD
6.8,0.0,0.0,0.0,0.0,0.0042,0.0035,-0.0042,-0.0035,14,34,0.013,0.0315,-2.460934233428519,nan,nan,NO_WELD
6.85,0.0,0.0,0.0,0.0,0.0042,0.0035,-0.0042,-0.0035,14,34,0.013,0.0315,-2.460934233428519,nan,nan,NO_WELD
6.9,0.0,0.0,0.0,0.0,0.0042,0.0035,-0.0042,-0.0035,14,34,0.013,0.0315,-2.8124966631703576,nan,nan,NO_WELD
6.949,0.0,0.0,0.0,0.0,0.0033,0.0028,-0.0033,-0.0028,14,34,0.013,0.0315,-2.8124966631703576,nan,nan,NO_WELD
7.0,0.0,0.0,0.0,0.0,0.0033,0.0028,-0.0033,-0.0028,14,34,0.013,0.0315,5.2734409284392205,nan,nan,NO_WELD
7.049,0.0,0.0,0.0,0.0,0.0027,0.0022,-0.0027,-0.0022,14,34,0.013,0.0315,5.2734409284392205,nan,nan,NO_WELD
7.101,0.0,0.0,0.0,0.0,0.0027,0.0022,-0.0027,-0.0022,14,34,0.013,0.0315,5.2734409284392205,nan,nan,NO_WELD
7.149,0.0,0.0,0.0,0.0,0.0027,0.0022,-0.0027,-0.0022,14,34,0.013,0.0315,5.2734409284392205,nan,nan,NO_WELD
7.2,0.006699207811904525,-0.05,-0.0008007921880954748,0.014199207811904525,0.0021,0.0018,-0.0029,0.0124,14,34,0.013,0.0315,5.625003571624471,5.625003571624471,0.0,WELD_FOUND
7.25,0.006699207811904525,-0.05,-0.0008007921880954748,0.014199207811904525,0.0021,0.0018,-0.0029,0.0124,14,34,0.013,0.0315,5.625003571624471,5.625003571624471,0.0,WELD_FOUND
7.3,0.006699207811904525,-0.05,-0.0008007921880954748,0.014199207811904525,0.005,0.0048,-0.0058,0.0094,15,35,0.0139,0.0324,7.031253717478648,5.625003571624471,1.4062501458541767,WELD_FOUND
7.35,0.00508729545573373,-0.1,-0.009912704544266269,0.02008729545573373,0.005,0.0048,-0.0149,0.0153,15,35,0.0139,0.0324,7.031253717478648,6.328128431108148,0.7031252863704998,WELD_FOUND
7.4,0.006359106597752387,-0.15000000000000002,-0.016140893402247614,0.02885910659775239,0.005,0.0048,-0.0211,0.0241,17,37,0.0158,0.0343,5.2734409284392205,5.625003571624471,-0.3515626431852503,WELD_FOUND
7.45,0.006359106597752387,-0.15000000000000002,-0.016140893402247614,0.02885910659775239,0.008,0.0078,-0.0241,0.021,17,37,0.0158,0.0343,5.2734409284392205,5.625003571624471,-0.3515626431852503,WELD_FOUND
7.5,0.0070658492538246105,-0.2,-0.02293415074617539,0.03706584925382461,0.008,0.0078,-0.0309,0.0292,20,41,0.0185,0.038,2.812503493359528,5.449222250031846,-2.636718756672318,WELD_FOUND
7.549,0.0070658492538246105,-0.2,-0.02293415074617539,0.03706584925382461,0.008,0.0078,-0.0309,0.0292,20,41,0.0185,0.038,2.812503493359528,5.449222250031846,-2.636718756672318,WELD_FOUND
7.6,0.007665419220864565,-0.22724258301274738,-0.026420968231047542,0.04175180667277667,0.0171,0.0219,-0.0435,0.0199,22,44,0.0204,0.0408,1.7578159906906006,5.2734409284392205,-3.51562493774862,WELD_FOUND
7.649,0.007665419220864565,-0.22724258301274738,-0.026420968231047542,0.04175180667277667,0.0171,0.0219,-0.0435,0.0199,22,44,0.0204,0.0408,1.7578159906906006,5.2734409284392205,-3.51562493774862,WELD_FOUND
7.7,0.01564577529118923,-0.17724258301274737,-0.010940612160722875,0.042232162743101334,0.0171,0.0219,-0.028,0.0203,22,47,0.0204,0.0436,0.35156592487770283,2.812503493359528,-2.460937568481825,WELD_FOUND
7.749,0.01564577529118923,-0.17724258301274737,-0.010940612160722875,0.042232162743101334,0.0136,0.0206,-0.0246,0.0216,22,47,0.0204,0.0436,0.35156592487770283,2.812503493359528,-2.460937568481825,WELD_FOUND
7.8,0.022014941636267733,-0.12724258301274738,0.002928554184355628,0.04110132908817984,0.0136,0.0206,-0.0107,0.0205,23,50,0.0213,0.0463,1.054690917763512,1.7578159906906006,-0.7031250729270886,WELD_FOUND
7.849,0.022014941636267733,-0.12724258301274738,0.002928554184355628,0.04110132908817984,0.0136,0.0206,-0.0107,0.0205,23,50,0.0213,0.0463,1.054690917763512,1.7578159906906006,-0.7031250729270886,WELD_FOUND
7.9,0.022014941636267733,-0.12724258301274738,0.002928554184355628,0.04110132908817984,0.0106,0.0247,-0.0077,0.0164,23,52,0.0213,0.0482,1.4062534542270564,1.7578159906906006,-0.3515625364635442,WELD_FOUND
7.95,0.02505708125247774,-0.07724258301274738,0.013470693800565632,0.036643468704389844,0.0106,0.0247,0.0028,0.012,23,52,0.0213,0.0482,1.4062534542270564,1.4062534542270564,0.0,WELD_FOUND
8.001,0.02505708125247774,-0.07724258301274738,0.013470693800565632,0.036643468704389844,0.0101,0.0221,0.0034,0.0145,24,54,0.0222,0.05,4.218753425770293,1.4062534542270564,2.812499971543237,WELD_FOUND
8.05,0.02568912650897872,-0.05976955893647635,0.01672369266850727,0.03465456034945017,0.0101,0.0221,0.0067,0.0125,24,54,0.0222,0.05,4.218753425770293,1.4062534542270564,2.812499971543237,WELD_FOUND
8.103,0.02568912650897872,-0.05976955893647635,0.01672369266850727,0.03465456034945017,0.0101,0.0221,0.0067,0.0125,25,56,0.0232,0.0519,4.5703160689555435,1.4062534542270564,3.164062614728487,WELD_FOUND
8.15,0.02581648025360928,-0.06104634176811162,0.016659528988392534,0.03497343151882602,0.0085,0.0183,0.0081,0.0167,25,56,0.0232,0.0519,4.5703160689555435,1.4062534542270564,3.164062614728487,WELD_FOUND
8.2,0.02581648025360928,-0.06104634176811162,0.016659528988392534,0.03497343151882602,0.0085,0.0183,0.0081,0.0167,28,58,0.0259,0.0538,4.5703160689555435,nan,nan,WELD_FOUND
8.25,0.0,0.0,0.0,0.0,0.0085,0.0183,-0.0085,-0.0183,28,58,0.0259,0.0538,4.5703160689555435,nan,nan,NO_WELD
8.3,0.0,0.0,0.0,0.0,0.0174,0.0233,-0.0174,-0.0233,30,61,0.0278,0.0565,4.5703160689555435,nan,nan,NO_WELD
8.35,0.0,0.0,0.0,0.0,0.0174,0.0233,-0.0174,-0.0233,30,61,0.0278,0.0565,4.5703160689555435,nan,nan,NO_WELD
8.4,0.0,0.0,0.0,0.0,0.0139,0.0186,-0.0139,-0.0186,30,61,0.0278,0.0565,4.5703160689555435,nan,nan,NO_WELD
8.449,0.0,0.0,0.0,0.0,0.0139,0.0186,-0.0139,-0.0186,30,61,0.0278,0.0565,4.5703160689555435,nan,nan,NO_WELD
8.5,0.0,0.0,0.0,0.0,0.0139,0.0186,-0.0139,-0.0186,30,61,0.0278,0.0565,4.5703160689555435,nan,nan,NO_WELD
8.55,0.0,0.0,0.0,0.0,0.0112,0.0149,-0.0112,-0.0149,30,61,0.0278,0.0565,4.5703160689555435,nan,nan,NO_WELD
8.6,0.0,0.0,0.0,0.0,0.0112,0.0149,-0.0112,-0.0149,30,61,0.0278,0.0565,4.5703160689555435,nan,nan,NO_WELD
8.65,0.005665806798333702,-0.05,-0.0018341932016662978,0.013165806798333702,0.0089,0.0119,-0.0108,0.0012,30,61,0.0278,0.0565,5.97656621480972,5.97656621480972,0.0,WELD_FOUND
8.7,0.005665806798333702,-0.05,-0.0018341932016662978,0.013165806798333702,0.0089,0.0119,-0.0108,0.0012,30,61,0.0278,0.0565,5.97656621480972,5.97656621480972,0.0,WELD_FOUND
8.75,0.0,0.0,0.0,0.0,0.0071,0.0095,-0.0071,-0.0095,30,61,0.0278,0.0565,5.97656621480972,nan,nan,NO_WELD
8.8,0.0,0.0,0.0,0.0,0.0071,0.0095,-0.0071,-0.0095,30,61,0.0278,0.0565,5.97656621480972,nan,nan,NO_WELD
8.85,0.00736077677418704,-0.05,-0.00013922322581295943,0.01486077677418704,0.0071,0.0095,-0.0073,0.0053,30,61,0.0278,0.0565,5.2734409284392205,5.2734409284392205,0.0,WELD_FOUND
8.9,0.00736077677418704,-0.05,-0.00013922322581295943,0.01486077677418704,0.0057,0.0076,-0.0059,0.0072,30,61,0.0278,0.0565,5.2734409284392205,5.2734409284392205,0.0,WELD_FOUND
8.95,0.0,0.0,0.0,0.0,0.0057,0.0076,-0.0057,-0.0076,30,61,0.0278,0.0565,5.2734409284392205,nan,nan,NO_WELD
9.0,0.0,0.0,0.0,0.0,0.0057,0.0076,-0.0057,-0.0076,30,61,0.0278,0.0565,5.2734409284392205,nan,nan,NO_WELD
9.05,0.0,0.0,0.0,0.0,0.0046,0.0061,-0.0046,-0.0061,30,61,0.0278,0.0565,5.2734409284392205,nan,nan,NO_WELD
9.103,0.0,0.0,0.0,0.0,0.0046,0.0061,-0.0046,-0.0061,30,61,0.0278,0.0565,5.2734409284392205,nan,nan,NO_WELD
9.15,0.0,0.0,0.0,0.0,0.0046,0.0061,-0.0046,-0.0061,30,61,0.0278,0.0565,5.2734409284392205,nan,nan,NO_WELD
9.2,0.0,0.0,0.0,0.0,0.0037,0.0049,-0.0037,-0.0049,30,61,0.0278,0.0565,5.2734409284392205,nan,nan,NO_WELD
9.249,0.0,0.0,0.0,0.0,0.0037,0.0049,-0.0037,-0.0049,30,61,0.0278,0.0565,5.2734409284392205,nan,nan,NO_WELD
9.3,0.0,0.0,0.0,0.0,0.0037,0.0049,-0.0037,-0.0049,30,61,0.0278,0.0565,5.2734409284392205,nan,nan,NO_WELD
9.35,0.0,0.0,0.0,0.0,0.0029,0.0039,-0.0029,-0.0039,30,61,0.0278,0.0565,5.2734409284392205,nan,nan,NO_WELD
9.4,0.0,0.0,0.0,0.0,0.0029,0.0039,-0.0029,-0.0039,30,61,0.0278,0.0565,5.2734409284392205,nan,nan,NO_WELD
9.45,0.0,0.0,0.0,0.0,0.0029,0.0039,-0.0029,-0.0039,30,61,0.0278,0.0565,5.2734409284392205,nan,nan,NO_WELD
9.5,0.0,0.0,0.0,0.0,0.0023,0.0031,-0.0023,-0.0031,30,61,0.0278,0.0565,5.2734409284392205,nan,nan,NO_WELD
9.549,0.0,0.0,0.0,0.0,0.0023,0.0031,-0.0023,-0.0031,30,61,0.0278,0.0565,-2.460934233428519,nan,nan,NO_WELD
9.6,0.0,0.0,0.0,0.0,0.0023,0.0031,-0.0023,-0.0031,30,61,0.0278,0.0565,-2.460934233428519,nan,nan,NO_WELD
9.65,0.0,0.0,0.0,0.0,0.0019,0.0025,-0.0019,-0.0025,30,61,0.0278,0.0565,-5.273434098250051,nan,nan,NO_WELD
9.7,0.0,0.0,0.0,0.0,0.0019,0.0025,-0.0019,-0.0025,30,61,0.0278,0.0565,-5.273434098250051,nan,nan,NO_WELD
9.75,0.0,0.0,0.0,0.0,0.0015,0.002,-0.0015,-0.002,30,61,0.0278,0.0565,11.601566371339606,nan,nan,NO_WELD
9.8,0.0,0.0,0.0,0.0,0.0015,0.002,-0.0015,-0.002,30,61,0.0278,0.0565,11.601566371339606,nan,nan,NO_WELD
9.85,0.0,0.0,0.0,0.0,0.0012,0.0016,-0.0012,-0.0016,30,61,0.0278,0.0565,-1.4062466240378864,nan,nan,NO_WELD
9.9,0.0,0.0,0.0,0.0,0.0012,0.0016,-0.0012,-0.0016,30,61,0.0278,0.0565,-1.4062466240378864,nan,nan,NO_WELD
9.95,0.0,0.0,0.0,0.0,0.0012,0.0016,-0.0012,-0.0016,30,61,0.0278,0.0565,-1.7578091605014305,nan,nan,NO_WELD
10.0,0.0,0.0,0.0,0.0,0.0,0.0013,0.0,-0.0013,30,61,0.0278,0.0565,-1.7578091605014305,nan,nan,NO_WELD
10.05,0.018081071475928034,0.05,0.025581071475928033,0.010581071475928034,0.0,0.0013,0.0256,0.0093,30,61,0.0278,0.0565,-2.8124966631703576,-2.8124966631703576,0.0,WELD_FOUND
10.102,0.018081071475928034,0.05,0.025581071475928033,0.010581071475928034,0.0,0.001,0.0256,0.0096,30,61,0.0278,0.0565,-2.8124966631703576,-2.8124966631703576,0.0,WELD_FOUND
10.149,0.018081071475928034,0.1,0.03308107147592804,0.0030810714759280343,0.0,0.001,0.0331,0.0021,30,61,0.0278,0.0565,-2.8124966631703576,-2.8124966631703576,0.0,WELD_FOUND
10.2,0.018081071475928034,0.1,0.03308107147592804,0.0030810714759280343,0.0,0.001,0.0331,0.0021,31,62,0.0287,0.0575,-2.8124966631703576,-2.8124966631703576,0.0,WELD_FOUND
10.25,0.0,0.0,0.0,0.0,0.0025,0.0031,-0.0025,-0.0031,31,62,0.0287,0.0575,-2.8124966631703576,nan,nan,NO_WELD
10.3,0.0,0.0,0.0,0.0,0.0025,0.0031,-0.0025,-0.0031,31,62,0.0287,0.0575,-2.8124966631703576,nan,nan,NO_WELD
10.35,0.0,0.0,0.0,0.0,0.0025,0.0031,-0.0025,-0.0031,31,62,0.0287,0.0575,-2.8124966631703576,nan,nan,NO_WELD
10.4,0.0,0.0,0.0,0.0,0.002,0.0025,-0.002,-0.0025,31,62,0.0287,0.0575,-2.8124966631703576,nan,nan,NO_WELD
10.45,0.02102189341880841,0.05,0.02852189341880841,0.013521893418808412,0.002,0.0025,0.0265,0.011,31,62,0.0287,0.0575,-2.1093715902432693,-2.1093715902432693,0.0,WELD_FOUND
10.5,0.02102189341880841,0.05,0.02852189341880841,0.013521893418808412,0.002,0.0025,0.0265,0.011,31,62,0.0287,0.0575,-2.1093715902432693,-2.1093715902432693,0.0,WELD_FOUND
10.55,0.0,0.0,0.0,0.0,0.0016,0.002,-0.0016,-0.002,31,62,0.0287,0.0575,-2.1093715902432693,nan,nan,NO_WELD
10.6,0.0,0.0,0.0,0.0,0.0016,0.002,-0.0016,-0.002,34,65,0.0315,0.0602,-2.1093715902432693,nan,nan,NO_WELD
10.65,0.0265295969474498,0.04398402700920932,0.0331272009988312,0.019931992896068403,0.0016,0.002,0.0315,0.018,34,65,0.0315,0.0602,-1.0546840875743422,-1.0546840875743422,0.0,WELD_FOUND
10.7,0.0265295969474498,0.04398402700920932,0.0331272009988312,0.019931992896068403,0.0108,0.0086,0.0223,0.0113,35,65,0.0324,0.0602,-1.0546840875743422,-1.0546840875743422,0.0,WELD_FOUND
10.75,0.030397784900356852,0.013664474404892234,0.03244745606109069,0.028348113739623017,0.0108,0.0086,0.0216,0.0198,35,65,0.0324,0.0602,3.4150945850063755e-06,-0.5273403362398785,0.5273437513344635,WELD_FOUND
10.8,0.030397784900356852,0.013664474404892234,0.03244745606109069,0.028348113739623017,0.0108,0.0086,0.0216,0.0198,35,65,0.0324,0.0602,3.4150945850063755e-06,-0.5273403362398785,0.5273437513344635,WELD_FOUND
10.85,0.028476950802303603,0.05046992612497593,0.03604743972104999,0.020906461883557215,0.0164,0.0151,0.0197,0.0058,39,69,0.0361,0.0639,-1.7578091605014305,-1.0546840875743422,-0.7031250729270884,WELD_FOUND
10.9,0.028476950802303603,0.05046992612497593,0.03604743972104999,0.020906461883557215,0.0164,0.0151,0.0197,0.0058,39,69,0.0361,0.0639,-1.7578091605014305,-1.0546840875743422,-0.7031250729270884,WELD_FOUND
10.95,0.026363936787161694,0.06667749813924903,0.03636556150804905,0.01636231206627434,0.0284,0.0313,0.008,-0.0149,44,75,0.0408,0.0695,-2.8124966631703576,-1.4062466240378864,-1.4062500391324713,WELD_FOUND
11.0,0.026363936787161694,0.06667749813924903,0.03636556150804905,0.01636231206627434,0.0284,0.0313,0.008,-0.0149,44,75,0.0408,0.0695,-2.8124966631703576,-1.4062466240378864,-1.4062500391324713,WELD_FOUND
11.05,0.024283539796932,0.0819798594546367,0.036580518715127505,0.011986560878736494,0.0284,0.0313,0.0082,-0.0193,48,79,0.0445,0.0732,-2.1093715902432693,-1.7578091605014305,-0.3515624297418387,WELD_FOUND
11.102,0.024283539796932,0.0819798594546367,0.036580518715127505,0.011986560878736494,0.0269,0.0287,0.0097,-0.0167,48,79,0.0445,0.0732,-2.1093715902432693,-1.7578091605014305,-0.3515624297418387,WELD_FOUND
11.15,0.022279283704136354,0.09740253920288298,0.0368896645845688,0.007668902823703907,0.0269,0.0287,0.01,-0.021,52,82,0.0482,0.076,-2.8124966631703576,-2.1093715902432693,-0.7031250729270884,WELD_FOUND
11.2,0.022279283704136354,0.09740253920288298,0.0368896645845688,0.007668902823703907,0.031,0.0283,0.0059,-0.0206,52,82,0.0482,0.076,-2.8124966631703576,-2.1093715902432693,-0.7031250729270884,WELD_FOUND
11.25,0.021888789859808445,0.09309388825030802,0.035852873097354646,0.007924706622262242,0.031,0.0283,0.0049,-0.0204,55,85,0.051,0.0788,-1.7578091605014305,-2.1093715902432693,0.3515624297418387,WELD_FOUND
11.3,0.021888789859808445,0.09309388825030802,0.035852873097354646,0.007924706622262242,0.0297,0.0281,0.0061,-0.0202,55,85,0.051,0.0788,-1.7578091605014305,-2.1093715902432693,0.3515624297418387,WELD_FOUND
11.35,0.021811105385912116,0.09225327235404475,0.035649096239018824,0.007973114532805404,0.0297,0.0281,0.0059,-0.0201,59,88,0.0547,0.0816,-2.1093715902432693,-2.1093715902432693,0.0,WELD_FOUND
11.4,0.021811105385912116,0.09225327235404475,0.035649096239018824,0.007973114532805404,0.0326,0.028,0.003,-0.02,59,88,0.0547,0.0816,-2.1093715902432693,-2.1093715902432693,0.0,WELD_FOUND
11.45,0.0,0.0,0.0,0.0,0.0326,0.028,-0.0326,-0.028,60,89,0.0556,0.0825,-2.1093715902432693,nan,nan,NO_WELD
11.5,0.0,0.0,0.0,0.0,0.0326,0.028,-0.0326,-0.028,60,89,0.0556,0.0825,-2.1093715902432693,nan,nan,NO_WELD
11.55,0.0,0.0,0.0,0.0,0.0245,0.0193,-0.0245,-0.0193,61,89,0.0565,0.0825,-2.1093715902432693,nan,nan,NO_WELD
11.599,0.0,0.0,0.0,0.0,0.0245,0.0193,-0.0245,-0.0193,61,89,0.0565,0.0825,-2.1093715902432693,nan,nan,NO_WELD
11.649,0.020269664268500402,0.05,0.027769664268500402,0.012769664268500402,0.0245,0.0193,0.0032,-0.0065,61,89,0.0565,0.0825,-2.460934233428519,-2.460934233428519,0.0,WELD_FOUND
11.699,0.020269664268500402,0.05,0.027769664268500402,0.012769664268500402,0.0196,0.0154,0.0081,-0.0026,61,89,0.0565,0.0825,-2.460934233428519,-2.460934233428519,0.0,WELD_FOUND
11.75,0.020718600562798707,0.0984080650733086,0.035479810323795,0.005957390801802418,0.0196,0.0154,0.0159,-0.0095,62,90,0.0575,0.0834,-2.1093715902432693,-2.285152911835894,0.17578132159262472,WELD_FOUND
11.799,0.020718600562798707,0.0984080650733086,0.035479810323795,0.005957390801802418,0.0155,0.0129,0.02,-0.007,62,90,0.0575,0.0834,-2.1093715902432693,-2.285152911835894,0.17578132159262472,WELD_FOUND
11.849,0.021574917336143622,0.08978239804595335,0.035042277043036626,0.00810755762925062,0.0155,0.0129,0.0196,-0.0048,64,92,0.0593,0.0853,-1.7578091605014305,-2.1093715902432693,0.3515624297418387,WELD_FOUND
11.9,0.021574917336143622,0.08978239804595335,0.035042277043036626,0.00810755762925062,0.0155,0.0129,0.0196,-0.0048,64,92,0.0593,0.0853,-1.7578091605014305,-2.1093715902432693,0.3515624297418387,WELD_FOUND
11.95,0.022531141286241868,0.08176022584260252,0.034795175162632246,0.01026710740985149,0.0192,0.0152,0.0156,-0.0049,66,93,0.0612,0.0862,-1.7578091605014305,-1.9335904820940557,0.17578132159262516,WELD_FOUND
12.0,0.022531141286241868,0.08176022584260252,0.034795175162632246,0.01026710740985149,0.0192,0.0152,0.0156,-0.0049,66,93,0.0612,0.0862,-1.7578091605014305,-1.9335904820940557,0.17578132159262516,WELD_FOUND
12.049,0.0,0.0,0.0,0.0,0.0192,0.0152,-0.0192,-0.0152,67,93,0.0621,0.0862,-1.7578091605014305,nan,nan,NO_WELD
12.101,0.0,0.0,0.0,0.0,0.014,0.0121,-0.014,-0.0121,67,93,0.0621,0.0862,-1.7578091605014305,nan,nan,NO_WELD
12.15,0.026863860071299418,0.0444457999820504,0.033530730068606976,0.02019699007399186,0.014,0.0121,0.0196,0.008,68,95,0.063,0.088,-1.0546840875743422,-1.0546840875743422,0.0,WELD_FOUND
12.2,0.026863860071299418,0.0444457999820504,0.033530730068606976,0.02019699007399186,0.0121,0.0147,0.0214,0.0055,68,95,0.063,0.088,-1.0546840875743422,-1.0546840875743422,0.0,WELD_FOUND
12.25,0.024379141738587833,0.0829125033073763,0.03681601723469428,0.011942266242481387,0.0121,0.0147,0.0247,-0.0028,69,96,0.0639,0.089,-2.460934233428519,-1.7578091605014305,-0.7031250729270886,WELD_FOUND
12.299,0.024379141738587833,0.0829125033073763,0.03681601723469428,0.011942266242481387,0.011,0.0125,0.0259,-0.0006,69,96,0.0639,0.089,-2.460934233428519,-1.7578091605014305,-0.7031250729270886,WELD_FOUND
12.35,0.0,0.0,0.0,0.0,0.011,0.0125,-0.011,-0.0125,73,100,0.0677,0.0927,-2.460934233428519,nan,nan,NO_WELD
12.4,0.0,0.0,0.0,0.0,0.011,0.0125,-0.011,-0.0125,73,100,0.0677,0.0927,-2.460934233428519,nan,nan,NO_WELD
12.45,0.019265535085326357,0.05,0.026765535085326357,0.011765535085326358,0.0214,0.0223,0.0054,-0.0106,75,102,0.0695,0.0945,-2.8124966631703576,-2.8124966631703576,0.0,WELD_FOUND
12.5,0.019265535085326357,0.05,0.026765535085326357,0.011765535085326358,0.0214,0.0223,0.0054,-0.0106,75,102,0.0695,0.0945,-2.8124966631703576,-2.8124966631703576,0.0,WELD_FOUND
12.55,0.0,0.0,0.0,0.0,0.0214,0.0223,-0.0214,-0.0223,76,102,0.0704,0.0945,-2.8124966631703576,nan,nan,NO_WELD
12.6,0.0,0.0,0.0,0.0,0.0153,0.0179,-0.0153,-0.0179,76,102,0.0704,0.0945,-2.8124966631703576,nan,nan,NO_WELD
12.65,0.0,0.0,0.0,0.0,0.0153,0.0179,-0.0153,-0.0179,77,103,0.0714,0.0955,-2.8124966631703576,nan,nan,NO_WELD
12.7,0.0,0.0,0.0,0.0,0.0153,0.0179,-0.0153,-0.0179,77,103,0.0714,0.0955,-2.8124966631703576,nan,nan,NO_WELD
12.75,0.0,0.0,0.0,0.0,0.0117,0.0143,-0.0117,-0.0143,77,102,0.0714,0.0945,-2.8124966631703576,nan,nan,NO_WELD
12.8,0.0,0.0,0.0,0.0,0.0117,0.0143,-0.0117,-0.0143,77,102,0.0714,0.0945,-2.8124966631703576,nan,nan,NO_WELD
12.85,0.0,0.0,0.0,0.0,0.0117,0.0143,-0.0117,-0.0143,77,102,0.0714,0.0945,-2.8124966631703576,nan,nan,NO_WELD
12.9,0.0,0.0,0.0,0.0,0.0093,0.0114,-0.0093,-0.0114,77,102,0.0714,0.0945,-2.8124966631703576,nan,nan,NO_WELD
12.949,0.0,0.0,0.0,0.0,0.0093,0.0114,-0.0093,-0.0114,77,102,0.0714,0.0945,1.054690917763512,1.054690917763512,0.0,WELD_FOUND
13.0,0.0,0.0,0.0,0.0,0.0093,0.0114,-0.0093,-0.0114,77,102,0.0714,0.0945,1.054690917763512,1.054690917763512,0.0,WELD_FOUND
13.05,0.019893093376186093,-0.05,0.012393093376186094,0.027393093376186093,0.0075,0.0091,0.0049,0.0182,77,102,0.0714,0.0945,3.8671912094718666,2.4609410636176894,1.4062501458541772,WELD_FOUND
13.102,0.019893093376186093,-0.05,0.012393093376186094,0.027393093376186093,0.0075,0.0091,0.0049,0.0182,77,102,0.0714,0.0945,3.8671912094718666,2.4609410636176894,1.4062501458541772,WELD_FOUND
13.15,0.026273071746253113,-0.028884325722781677,0.02194042288783586,0.030605720604670365,0.0075,0.0091,0.0145,0.0215,77,102,0.0714,0.0945,0.7031284346608206,1.054690917763512,-0.35156248310269134,WELD_FOUND
13.2,0.026273071746253113,-0.028884325722781677,0.02194042288783586,0.030605720604670365,0.006,0.0073,0.016,0.0233,77,102,0.0714,0.0945,0.7031284346608206,1.054690917763512,-0.35156248310269134,WELD_FOUND
13.25,0.02853731790423725,-0.032689644925072064,0.023633871165476442,0.03344076464299806,0.006,0.0073,0.0177,0.0261,78,104,0.0723,0.0964,-0.35155909468853286,0.8789097028925928,-1.2304687975811257,WELD_FOUND
13.299,0.02853731790423725,-0.032689644925072064,0.023633871165476442,0.03344076464299806,0.0073,0.0118,0.0163,0.0216,78,104,0.0723,0.0964,-0.35155909468853286,0.8789097028925928,-1.2304687975811257,WELD_FOUND
13.35,0.029904375640044185,-0.027447830087619928,0.025787201126901194,0.034021550153187176,0.0073,0.0118,0.0185,0.0222,81,107,0.0751,0.0992,-1.0546840875743422,0.7031284346608206,-1.7578125222351628,WELD_FOUND
13.399,0.029904375640044185,-0.027447830087619928,0.025787201126901194,0.034021550153187176,0.0155,0.0182,0.0103,0.0158,81,107,0.0751,0.0992,-1.0546840875743422,0.7031284346608206,-1.7578125222351628,WELD_FOUND
13.45,0.035,0.0,0.035,0.035,0.0155,0.0182,0.0195,0.0168,86,112,0.0797,0.1038,-2.8124966631703576,-0.35155909468853286,-2.4609375684818247,WELD_FOUND
13.5,0.035,0.0,0.035,0.035,0.0155,0.0182,0.0195,0.0168,86,112,0.0797,0.1038,-2.8124966631703576,-0.35155909468853286,-2.4609375684818247,WELD_FOUND
13.55,0.029176614470341394,0.05,0.036676614470341394,0.021676614470341395,0.034,0.0356,0.0027,-0.014,91,117,0.0843,0.1084,-2.460934233428519,-1.0546840875743422,-1.406250145854177,WELD_FOUND
13.6,0.029176614470341394,0.05,0.036676614470341394,0.021676614470341395,0.034,0.0356,0.0027,-0.014,91,117,0.0843,0.1084,-2.460934233428519,-1.0546840875743422,-1.406250145854177,WELD_FOUND
13.65,0.02160803902860823,0.1,0.03660803902860823,0.00660803902860823,0.0352,0.0362,0.0014,-0.0296,95,121,0.088,0.1121,-2.8124966631703576,-2.460934233428519,-0.3515624297418385,WELD_FOUND
13.7,0.02160803902860823,0.1,0.03660803902860823,0.00660803902860823,0.0352,0.0362,0.0014,-0.0296,95,121,0.088,0.1121,-2.8124966631703576,-2.460934233428519,-0.3515624297418385,WELD_FOUND
13.75,0.018761341407763695,0.13089818620285082,0.03839606933819131,-0.0008733865226639263,0.0323,0.0291,0.0061,-0.03,98,123,0.0908,0.114,-5.273434098250051,-2.8124966631703576,-2.460937435079693,WELD_FOUND
13.8,0.018761341407763695,0.13089818620285082,0.03839606933819131,-0.0008733865226639263,0.0323,0.0291,0.0061,-0.03,98,123,0.0908,0.114,-5.273434098250051,-2.8124966631703576,-2.460937435079693,WELD_FOUND
13.85,0.0,0.0,0.0,0.0,0.0323,0.0291,-0.0323,-0.0291,101,126,0.0936,0.1168,-5.273434098250051,nan,nan,NO_WELD
13.9,0.0,0.0,0.0,0.0,0.0268,0.0249,-0.0268,-0.0249,101,126,0.0936,0.1168,-5.273434098250051,nan,nan,NO_WELD
13.95,0.0,0.0,0.0,0.0,0.0268,0.0249,-0.0268,-0.0249,104,129,0.0964,0.1196,-5.273434098250051,nan,nan,NO_WELD
14.0,0.0,0.0,0.0,0.0,0.0272,0.0261,-0.0272,-0.0261,104,129,0.0964,0.1196,-5.273434098250051,nan,nan,NO_WELD
14.05,0.02434034710710439,0.05,0.031840347107104386,0.01684034710710439,0.0272,0.0261,0.0047,-0.0092,104,129,0.0964,0.1196,-1.4062466240378864,-1.4062466240378864,0.0,WELD_FOUND
14.102,0.02434034710710439,0.05,0.031840347107104386,0.01684034710710439,0.0217,0.0208,0.0101,-0.004,104,129,0.0964,0.1196,-1.4062466240378864,-1.4062466240378864,0.0,WELD_FOUND
14.149,0.02639102984513926,0.04854289385075691,0.0336724639227528,0.019109595767525724,0.0217,0.0208,0.0119,-0.0017,104,129,0.0964,0.1196,-1.0546840875743422,-1.2304654091669671,0.17578132159262494,WELD_FOUND
14.2,0.02639102984513926,0.04854289385075691,0.0336724639227528,0.019109595767525724,0.0217,0.0208,0.0119,-0.0017,104,129,0.0964,0.1196,-1.0546840875743422,-1.2304654091669671,0.17578132159262494,WELD_FOUND
14.25,0.02595648223679696,0.062437479604038504,0.03532210417740274,0.016590860296191185,0.0205,0.0199,0.0149,-0.0033,107,132,0.0992,0.1223,-2.8124966631703576,-1.4062466240378864,-1.4062500391324713,WELD_FOUND
14.3,0.02595648223679696,0.062437479604038504,0.03532210417740274,0.016590860296191185,0.0205,0.0199,0.0149,-0.0033,107,132,0.0992,0.1223,-2.8124966631703576,-1.4062466240378864,-1.4062500391324713,WELD_FOUND
14.349,0.0,0.0,0.0,0.0,0.0234,0.0231,-0.0234,-0.0231,110,135,0.1019,0.1251,-2.8124966631703576,nan,nan,NO_WELD
14.4,0.0,0.0,0.0,0.0,0.0234,0.0231,-0.0234,-0.0231,110,135,0.1019,0.1251,-2.8124966631703576,nan,nan,NO_WELD
14.45,0.0,0.0,0.0,0.0,0.0234,0.0231,-0.0234,-0.0231,113,137,0.1047,0.127,-2.8124966631703576,nan,nan,NO_WELD
14.5,0.0,0.0,0.0,0.0,0.0215,0.0188,-0.0215,-0.0188,113,137,0.1047,0.127,-2.8124966631703576,nan,nan,NO_WELD
14.55,0.021041369502901325,0.05,0.028541369502901325,0.013541369502901326,0.0215,0.0188,0.0071,-0.0052,113,137,0.1047,0.127,-2.460934233428519,-2.460934233428519,0.0,WELD_FOUND
14.6,0.021041369502901325,0.05,0.028541369502901325,0.013541369502901326,0.0172,0.015,0.0114,-0.0015,113,137,0.1047,0.127,-2.460934233428519,-2.460934233428519,0.0,WELD_FOUND
14.65,0.02321634387419639,0.07086302866976218,0.03384579817466071,0.012586889573732062,0.0172,0.015,0.0167,-0.0024,113,137,0.1047,0.127,-1.0546840875743422,-1.7578091605014305,0.7031250729270884,WELD_FOUND
14.699,0.02321634387419639,0.07086302866976218,0.03384579817466071,0.012586889573732062,0.0137,0.012,0.0201,0.0006,113,137,0.1047,0.127,-1.0546840875743422,-1.7578091605014305,0.7031250729270884,WELD_FOUND
14.75,0.027012582544792434,0.03650560846618146,0.032488423814719655,0.021536741274865216,0.0137,0.012,0.0188,0.0095,116,140,0.1075,0.1297,0.35156592487770283,-1.0546840875743422,1.406250012452045,WELD_FOUND
14.8,0.027012582544792434,0.03650560846618146,0.032488423814719655,0.021536741274865216,0.0194,0.0183,0.0131,0.0032,116,140,0.1075,0.1297,0.35156592487770283,-1.0546840875743422,1.406250012452045,WELD_FOUND
14.849,0.027806309376364736,0.0440480154655145,0.03441351169619191,0.02119910705653756,0.0194,0.0183,0.0151,0.0029,119,143,0.1103,0.1325,-1.0546840875743422,-1.0546840875743422,0.0,WELD_FOUND
14.9,0.027806309376364736,0.0440480154655145,0.03441351169619191,0.02119910705653756,0.0194,0.0183,0.0151,0.0029,119,143,0.1103,0.1325,-1.0546840875743422,-1.0546840875743422,0.0,WELD_FOUND
14.95,0.027966433906577316,0.04563681131023552,0.03481195560311264,0.02112091221004199,0.0289,0.0283,0.0059,-0.0072,123,147,0.114,0.1362,-1.7578091605014305,-1.0546840875743422,-0.7031250729270884,WELD_FOUND
15.0,0.027966433906577316,0.04563681131023552,0.03481195560311264,0.02112091221004199,0.0289,0.0283,0.0059,-0.0072,123,147,0.114,0.1362,-1.7578091605014305,-1.0546840875743422,-0.7031250729270884,WELD_FOUND
15.05,0.027998513979175757,0.04594020463966002,0.034889544675124756,0.021107483283226754,0.0322,0.0318,0.0027,-0.0107,127,151,0.1177,0.1399,-2.8124966631703576,-1.0546840875743422,-1.7578125755960154,WELD_FOUND
15.102,0.027998513979175757,0.04594020463966002,0.034889544675124756,0.021107483283226754,0.0322,0.0318,0.0027,-0.0107,127,151,0.1177,0.1399,-2.8124966631703576,-1.0546840875743422,-1.7578125755960154,WELD_FOUND
15.15,0.024593556811437524,0.08490906835847137,0.03732991706520823,0.01185719655766682,0.0322,0.0318,0.0052,-0.02,130,153,0.1205,0.1418,-5.273434098250051,-1.7578091605014305,-3.51562493774862,WELD_FOUND
15.2,0.024593556811437524,0.08490906835847137,0.03732991706520823,0.01185719655766682,0.0267,0.024,0.0106,-0.0122,130,153,0.1205,0.1418,-5.273434098250051,-1.7578091605014305,-3.51562493774862,WELD_FOUND
15.249,0.0,0.0,0.0,0.0,0.0267,0.024,-0.0267,-0.024,132,155,0.1223,0.1436,-5.273434098250051,nan,nan,NO_WELD
15.299,0.0,0.0,0.0,0.0,0.0234,0.0218,-0.0234,-0.0218,132,155,0.1223,0.1436,-5.273434098250051,nan,nan,NO_WELD
15.35,0.0,0.0,0.0,0.0,0.0234,0.0218,-0.0234,-0.0218,134,157,0.1242,0.1455,-5.273434098250051,nan,nan,NO_WELD
15.4,0.0,0.0,0.0,0.0,0.0234,0.0218,-0.0234,-0.0218,134,157,0.1242,0.1455,-5.273434098250051,nan,nan,NO_WELD
15.45,0.022338524246849952,0.05,0.029838524246849952,0.014838524246849952,0.019,0.018,0.0108,-0.0032,134,157,0.1242,0.1455,-2.1093715902432693,-2.1093715902432693,0.0,WELD_FOUND
15.5,0.022338524246849952,0.05,0.029838524246849952,0.014838524246849952,0.019,0.018,0.0108,-0.0032,134,157,0.1242,0.1455,-2.1093715902432693,-2.1093715902432693,0.0,WELD_FOUND
15.55,0.0,0.0,0.0,0.0,0.019,0.018,-0.019,-0.018,135,157,0.1251,0.1455,-2.1093715902432693,nan,nan,NO_WELD
15.6,0.0,0.0,0.0,0.0,0.0139,0.0144,-0.0139,-0.0144,135,157,0.1251,0.1455,-2.1093715902432693,nan,nan,NO_WELD
15.65,0.021900527453943663,0.05,0.029400527453943663,0.014400527453943664,0.0139,0.0144,0.0155,-0.0,136,159,0.126,0.1474,-2.1093715902432693,-2.1093715902432693,0.0,WELD_FOUND
15.699,0.021900527453943663,0.05,0.029400527453943663,0.014400527453943664,0.012,0.0161,0.0174,-0.0017,136,159,0.126,0.1474,-2.1093715902432693,-2.1093715902432693,0.0,WELD_FOUND
15.749,0.02759244418117782,0.024098123450423198,0.031207162698741298,0.023977725663614342,0.012,0.0161,0.0192,0.0079,137,160,0.127,0.1483,0.35156592487770283,-0.8789028727034228,1.2304687975811257,WELD_FOUND
15.8,0.02759244418117782,0.024098123450423198,0.031207162698741298,0.023977725663614342,0.012,0.0161,0.0192,0.0079,137,160,0.127,0.1483,0.35156592487770283,-0.8789028727034228,1.2304687975811257,WELD_FOUND
15.85,0.02289715509286566,0.0740981234504232,0.034011873610429136,0.01178243657530218,0.0171,0.0195,0.0169,-0.0077,140,163,0.1297,0.1511,-2.1093715902432693,-2.1093715902432693,0.0,WELD_FOUND
15.9,0.02289715509286566,0.0740981234504232,0.034011873610429136,0.01178243657530218,0.0171,0.0195,0.0169,-0.0077,140,163,0.1297,0.1511,-2.1093715902432693,-2.1093715902432693,0.0,WELD_FOUND
15.95,0.022010607758029516,0.09440981500113392,0.0361720800081996,0.007849135507859428,0.0214,0.0228,0.0148,-0.015,143,166,0.1325,0.1538,-2.460934233428519,-2.1093715902432693,-0.3515626431852499,WELD_FOUND
16.0,0.022010607758029516,0.09440981500113392,0.0361720800081996,0.007849135507859428,0.0214,0.0228,0.0148,-0.015,143,166,0.1325,0.1538,-2.460934233428519,-2.1093715902432693,-0.3515626431852499,WELD_FOUND
16.05,0.0,0.0,0.0,0.0,0.0214,0.0228,-0.0214,-0.0228,147,168,0.1362,0.1557,-2.460934233428519,nan,nan,NO_WELD
16.102,0.0,0.0,0.0,0.0,0.0227,0.0186,-0.0227,-0.0186,147,168,0.1362,0.1557,-2.460934233428519,nan,nan,NO_WELD
16.149,0.0,0.0,0.0,0.0,0.0227,0.0186,-0.0227,-0.0186,148,169,0.1372,0.1566,-2.460934233428519,nan,nan,NO_WELD
16.2,0.0,0.0,0.0,0.0,0.0227,0.0186,-0.0227,-0.0186,148,169,0.1372,0.1566,-2.460934233428519,nan,nan,NO_WELD
16.249,0.0,0.0,0.0,0.0,0.0186,0.0137,-0.0186,-0.0137,149,169,0.1381,0.1566,-2.460934233428519,nan,nan,NO_WELD
16.3,0.0,0.0,0.0,0.0,0.0186,0.0137,-0.0186,-0.0137,149,169,0.1381,0.1566,-2.460934233428519,nan,nan,NO_WELD
16.35,0.019893093376186093,-0.05,0.012393093376186094,0.027393093376186093,0.0149,0.0109,-0.0025,0.0165,149,169,0.1381,0.1566,2.4609410636176894,2.4609410636176894,0.0,WELD_FOUND
16.4,0.019893093376186093,-0.05,0.012393093376186094,0.027393093376186093,0.0149,0.0109,-0.0025,0.0165,149,169,0.1381,0.1566,2.4609410636176894,2.4609410636176894,0.0,WELD_FOUND
16.449,0.020642141184847872,-0.09754290893941181,0.006010704843936102,0.035273577525759645,0.0149,0.0109,-0.0088,0.0243,149,169,0.1381,0.1566,2.109378420432439,2.2851597420250642,-0.17578132159262516,WELD_FOUND
16.5,0.020642141184847872,-0.09754290893941181,0.006010704843936102,0.035273577525759645,0.0119,0.0087,-0.0059,0.0265,149,169,0.1381,0.1566,2.109378420432439,2.2851597420250642,-0.17578132159262516,WELD_FOUND
16.55,0.02155927103106361,-0.08952038244587382,0.008131213664182539,0.03498732839794468,0.0119,0.0087,-0.0038,0.0262,150,170,0.139,0.1576,0.7031284346608206,2.109378420432439,-1.4062499857716184,WELD_FOUND
16.6,0.02155927103106361,-0.08952038244587382,0.008131213664182539,0.03498732839794468,0.0108,0.009,-0.0027,0.026,150,170,0.139,0.1576,0.7031284346608206,2.109378420432439,-1.4062499857716184,WELD_FOUND
16.65,0.024959441041166323,-0.052308038835310475,0.01711323521586975,0.032805646866462895,0.0108,0.009,0.0063,0.0239,151,172,0.1399,0.1594,3.4150945850063755e-06,1.4062534542270564,-1.4062500391324715,WELD_FOUND
16.7,0.024959441041166323,-0.052308038835310475,0.01711323521586975,0.032805646866462895,0.0102,0.009,0.0069,0.0239,151,172,0.1399,0.1594,3.4150945850063755e-06,1.4062534542270564,-1.4062500391324715,WELD_FOUND
16.75,0.029152129541389533,-0.02028854934858977,0.02610884713910107,0.032195411943678,0.0102,0.0251,0.0159,0.0071,156,178,0.1446,0.165,-2.1093715902432693,0.7031284346608206,-2.81250002490409,WELD_FOUND
16.799,0.029152129541389533,-0.02028854934858977,0.02610884713910107,0.032195411943678,0.0247,0.0251,0.0015,0.0071,156,178,0.1446,0.165,-2.1093715902432693,0.7031284346608206,-2.81250002490409,WELD_FOUND
16.85,0.035,0.0,0.035,0.035,0.0247,0.0251,0.0103,0.0099,161,182,0.1492,0.1687,-3.164059092912196,3.4150945850063755e-06,-3.164062508006781,WELD_FOUND
16.9,0.035,0.0,0.035,0.035,0.0247,0.025,0.0103,0.01,161,182,0.1492,0.1687,-3.164059092912196,3.4150945850063755e-06,-3.164062508006781,WELD_FOUND
16.95,0.024387948637280592,0.05,0.03188794863728059,0.016887948637280593,0.0346,0.025,-0.0027,-0.0081,164,186,0.152,0.1724,-3.5156217360974464,-2.1093715902432693,-1.4062501458541772,WELD_FOUND
17.0,0.024387948637280592,0.05,0.03188794863728059,0.016887948637280593,0.0346,0.025,-0.0027,-0.0081,164,186,0.152,0.1724,-3.5156217360974464,-2.1093715902432693,-1.4062501458541772,WELD_FOUND
17.05,0.02229926819881047,0.09745640591266236,0.036917729085709824,0.007680807311911116,0.0356,0.0347,0.0014,-0.0271,168,190,0.1557,0.1761,-1.7578091605014305,-2.1093715902432693,0.3515624297418387,WELD_FOUND
17.102,0.02229926819881047,0.09745640591266236,0.036917729085709824,0.007680807311911116,0.0356,0.0347,0.0014,-0.0271,168,190,0.1557,0.1761,-1.7578091605014305,-2.1093715902432693,0.3515624297418387,WELD_FOUND
17.149,0.0,0.0,0.0,0.0,0.0356,0.0347,-0.0356,-0.0347,169,190,0.1566,0.1761,-1.7578091605014305,nan,nan,NO_WELD
17.2,0.0,0.0,0.0,0.0,0.0238,0.0278,-0.0238,-0.0278,169,190,0.1566,0.1761,-1.7578091605014305,nan,nan,NO_WELD
17.249,0.0,0.0,0.0,0.0,0.0238,0.0278,-0.0238,-0.0278,169,190,0.1566,0.1761,-1.7578091605014305,nan,nan,NO_WELD
17.3,0.0,0.0,0.0,0.0,0.019,0.0222,-0.019,-0.0222,169,190,0.1566,0.1761,-1.7578091605014305,nan,nan,NO_WELD
17.349,0.026813115520761002,0.047731116216548,0.0339727829532432,0.019653448088278805,0.019,0.0222,0.0149,-0.0026,169,190,0.1566,0.1761,-1.0546840875743422,-1.0546840875743422,0.0,WELD_FOUND
17.4,0.026813115520761002,0.047731116216548,0.0339727829532432,0.019653448088278805,0.019,0.0222,0.0149,-0.0026,169,190,0.1566,0.1761,-1.0546840875743422,-1.0546840875743422,0.0,WELD_FOUND
17.449,0.0,0.0,0.0,0.0,0.0139,0.0158,-0.0139,-0.0158,170,191,0.1576,0.177,-1.0546840875743422,nan,nan,NO_WELD
17.499,0.0,0.0,0.0,0.0,0.0139,0.0158,-0.0139,-0.0158,170,191,0.1576,0.177,-1.0546840875743422,nan,nan,NO_WELD
17.549,0.0,0.0,0.0,0.0,0.0195,0.0206,-0.0195,-0.0206,173,194,0.1603,0.1798,-1.0546840875743422,nan,nan,NO_WELD
17.6,0.0,0.0,0.0,0.0,0.0195,0.0206,-0.0195,-0.0206,173,194,0.1603,0.1798,-1.0546840875743422,nan,nan,NO_WELD
17.65,0.022754375124601565,0.05,0.030254375124601565,0.015254375124601566,0.0156,0.0165,0.0147,-0.0012,173,194,0.1603,0.1798,-2.1093715902432693,-2.1093715902432693,0.0,WELD_FOUND
17.7,0.022754375124601565,0.05,0.030254375124601565,0.015254375124601566,0.0156,0.0165,0.0147,-0.0012,173,194,0.1603,0.1798,-2.1093715902432693,-2.1093715902432693,0.0,WELD_FOUND
17.75,0.022754375124601565,0.05,0.030254375124601565,0.015254375124601566,0.0156,0.0165,0.0147,-0.0012,173,194,0.1603,0.1798,-3.164059092912196,-2.6367153415777325,-0.5273437513344637,WELD_FOUND
17.8,0.019704483824364863,0.1,0.03470448382436486,0.0047044838243648635,0.0125,0.0132,0.0223,-0.0085,173,194,0.1603,0.1798,-3.164059092912196,-2.6367153415777325,-0.5273437513344637,WELD_FOUND
17.85,0.019704483824364863,0.1,0.03470448382436486,0.0047044838243648635,0.0125,0.0132,0.0223,-0.0085,176,197,0.1631,0.1826,-2.1093715902432693,-2.6367153415777325,0.5273437513344632,WELD_FOUND
17.9,0.021365857286850386,0.08739954449493183,0.03447578896109016,0.008255925612610612,0.0125,0.0132,0.022,-0.0049,176,197,0.1631,0.1826,-2.1093715902432693,-2.1093715902432693,0.0,WELD_FOUND
17.95,0.021365857286850386,0.08739954449493183,0.03447578896109016,0.008255925612610612,0.0248,0.0252,0.0097,-0.0169,180,201,0.1668,0.1863,-2.1093715902432693,nan,nan,NO_WELD
18.0,0.0,0.0,0.0,0.0,0.0248,0.0252,-0.0248,-0.0252,180,201,0.1668,0.1863,-2.1093715902432693,nan,nan,NO_WELD
18.05,0.0,0.0,0.0,0.0,0.0248,0.0252,-0.0248,-0.0252,184,204,0.1705,0.1891,-0.7031216044716506,nan,nan,NO_WELD
18.102,0.028350835604482844,0.028116994275736253,0.03256838474584328,0.024133286463122405,0.0247,0.0225,0.0078,0.0016,184,204,0.1705,0.1891,-0.7031216044716506,-0.7031216044716506,0.0,WELD_FOUND
18.15,0.028350835604482844,0.028116994275736253,0.03256838474584328,0.024133286463122405,0.0247,0.0225,0.0078,0.0016,183,205,0.1696,0.19,-2.8124966631703576,-0.7031216044716506,-2.1093750586987072,WELD_FOUND
18.2,0.024659435231785216,0.07811699427573626,0.036376984373145654,0.012941886090424777,0.0247,0.0225,0.0116,-0.0096,183,205,0.1696,0.19,-2.8124966631703576,-1.7578091605014305,-1.054687502668927,WELD_FOUND
18.249,0.024659435231785216,0.07811699427573626,0.036376984373145654,0.012941886090424777,0.0173,0.0209,0.0191,-0.008,185,207,0.1715,0.1918,-2.8124966631703576,-1.7578091605014305,-1.054687502668927,WELD_FOUND
18.3,0.019315258545646325,0.12811699427573625,0.03853280768700676,9.77094042858874e-05,0.0173,0.0209,0.0212,-0.0208,185,207,0.1715,0.1918,-2.8124966631703576,-2.8124966631703576,0.0,WELD_FOUND
18.35,0.019315258545646325,0.12811699427573625,0.03853280768700676,9.77094042858874e-05,0.0252,0.0237,0.0133,-0.0236,189,210,0.1752,0.1946,-2.8124966631703576,-2.8124966631703576,0.0,WELD_FOUND
18.4,0.0,0.0,0.0,0.0,0.0252,0.0237,-0.0252,-0.0237,189,210,0.1752,0.1946,-2.8124966631703576,nan,nan,NO_WELD
18.45,0.0,0.0,0.0,0.0,0.0252,0.0237,-0.0252,-0.0237,192,212,0.1779,0.1965,-2.8124966631703576,nan,nan,NO_WELD
18.5,0.0,0.0,0.0,0.0,0.0225,0.0191,-0.0225,-0.0191,192,212,0.1779,0.1965,-2.8124966631703576,nan,nan,NO_WELD
18.55,0.0,0.0,0.0,0.0,0.0225,0.0191,-0.0225,-0.0191,192,212,0.1779,0.1965,-2.8124966631703576,nan,nan,NO_WELD
18.6,0.0,0.0,0.0,0.0,0.0225,0.0191,-0.0225,-0.0191,192,212,0.1779,0.1965,-2.8124966631703576,nan,nan,NO_WELD
18.649,0.0,0.0,0.0,0.0,0.018,0.0153,-0.018,-0.0153,192,212,0.1779,0.1965,-2.8124966631703576,nan,nan,NO_WELD
18.7,0.016355530829818745,0.05,0.023855530829818745,0.008855530829818745,0.018,0.0153,0.0058,-0.0065,192,212,0.1779,0.1965,-3.164059092912196,-3.164059092912196,0.0,WELD_FOUND
18.75,0.016355530829818745,0.05,0.023855530829818745,0.008855530829818745,0.018,0.0153,0.0058,-0.0065,192,212,0.1779,0.1965,-3.164059092912196,-3.164059092912196,0.0,WELD_FOUND
18.799,0.0,0.0,0.0,0.0,0.0144,0.0123,-0.0144,-0.0123,192,212,0.1779,0.1965,-3.164059092912196,nan,nan,NO_WELD
18.85,0.0,0.0,0.0,0.0,0.0144,0.0123,-0.0144,-0.0123,194,214,0.1798,0.1983,-3.164059092912196,nan,nan,NO_WELD
18.9,0.020642178361420543,0.05,0.028142178361420543,0.013142178361420544,0.0144,0.0123,0.0137,0.0009,194,214,0.1798,0.1983,-2.1093715902432693,-2.1093715902432693,0.0,WELD_FOUND
18.95,0.020642178361420543,0.05,0.028142178361420543,0.013142178361420544,0.0136,0.0098,0.0145,0.0033,194,213,0.1798,0.1974,-2.1093715902432693,-2.1093715902432693,0.0,WELD_FOUND
19.0,0.020041831785315555,0.1,0.03504183178531556,0.005041831785315556,0.0136,0.0098,0.0214,-0.0048,194,213,0.1798,0.1974,-2.8124966631703576,-2.460934233428519,-0.3515624297418385,WELD_FOUND
19.05,0.020041831785315555,0.1,0.03504183178531556,0.005041831785315556,0.0136,0.0098,0.0214,-0.0048,196,215,0.1816,0.1993,-2.8124966631703576,-2.460934233428519,-0.3515624297418385,WELD_FOUND
19.102,0.0,0.0,0.0,0.0,0.0131,0.0108,-0.0131,-0.0108,196,215,0.1816,0.1993,-2.8124966631703576,nan,nan,NO_WELD
19.15,0.0,0.0,0.0,0.0,0.0131,0.0108,-0.0131,-0.0108,199,217,0.1844,0.2011,-2.8124966631703576,nan,nan,NO_WELD
19.2,0.02804176989448692,0.027457328501460636,0.032160369169706014,0.023923170619267825,0.0131,0.0108,0.0191,0.0131,199,217,0.1844,0.2011,-0.7031216044716506,-0.7031216044716506,0.0,WELD_FOUND
19.25,0.02804176989448692,0.027457328501460636,0.032160369169706014,0.023923170619267825,0.0153,0.009,0.0169,0.015,199,216,0.1844,0.2002,-0.7031216044716506,-0.7031216044716506,0.0,WELD_FOUND
19.3,0.027139837460600797,0.05580686654839206,0.035510867442859605,0.01876880747834199,0.0153,0.009,0.0202,0.0098,199,216,0.1844,0.2002,-1.7578091605014305,-1.2304654091669671,-0.5273437513344634,WELD_FOUND
19.35,0.027139837460600797,0.05580686654839206,0.035510867442859605,0.01876880747834199,0.0153,0.009,0.0202,0.0098,203,220,0.1881,0.2039,-1.7578091605014305,-1.2304654091669671,-0.5273437513344634,WELD_FOUND
19.4,0.024431616549443917,0.08362943295399347,0.036976031492542936,0.011887201606344896,0.0191,0.0153,0.0179,-0.0034,203,220,0.1881,0.2039,-1.7578091605014305,-1.7578091605014305,0.0,WELD_FOUND
19.45,0.024431616549443917,0.08362943295399347,0.036976031492542936,0.011887201606344896,0.0191,0.0153,0.0179,-0.0034,207,224,0.1918,0.2076,-1.7578091605014305,-1.7578091605014305,0.0,WELD_FOUND
19.5,0.0,0.0,0.0,0.0,0.0191,0.0153,-0.0191,-0.0153,207,224,0.1918,0.2076,-1.7578091605014305,nan,nan,NO_WELD
19.55,0.0,0.0,0.0,0.0,0.0337,0.0289,-0.0337,-0.0289,212,228,0.1965,0.2113,-1.7578091605014305,nan,nan,NO_WELD
19.6,0.02556185606559968,0.05,0.03306185606559968,0.01806185606559968,0.0337,0.0289,-0.0006,-0.0109,212,228,0.1965,0.2113,-1.4062466240378864,-1.4062466240378864,0.0,WELD_FOUND
19.65,0.02556185606559968,0.05,0.03306185606559968,0.01806185606559968,0.0269,0.0232,0.0061,-0.0051,212,228,0.1965,0.2113,-1.4062466240378864,-1.4062466240378864,0.0,WELD_FOUND
19.7,0.02412864164732272,0.08030897252185076,0.03617498752560033,0.012082295769045105,0.0269,0.0232,0.0092,-0.0111,212,228,0.1965,0.2113,-2.1093715902432693,-1.7578091605014305,-0.3515624297418387,WELD_FOUND
19.75,0.02412864164732272,0.08030897252185076,0.03617498752560033,0.012082295769045105,0.0269,0.0232,0.0092,-0.0111,214,230,0.1983,0.2132,-2.1093715902432693,-1.7578091605014305,-0.3515624297418387,WELD_FOUND
19.8,0.02549971977895567,0.057891814469453226,0.03418349194937365,0.01681594760853769,0.0211,0.0188,0.0131,-0.002,214,230,0.1983,0.2132,-1.0546840875743422,-1.4062466240378864,0.3515625364635442,WELD_FOUND
19.85,0.02549971977895567,0.057891814469453226,0.03418349194937365,0.01681594760853769,0.0211,0.0188,0.0131,-0.002,216,232,0.2002,0.215,-1.0546840875743422,-1.4062466240378864,0.3515625364635442,WELD_FOUND
19.9,0.024940600704456403,0.07045360409822529,0.035508641319190196,0.014372560089722609,0.0211,0.0188,0.0144,-0.0045,216,232,0.2002,0.215,-1.7578091605014305,-1.5820278389088056,-0.17578132159262494,WELD_FOUND
19.95,0.024940600704456403,0.07045360409822529,0.035508641319190196,0.014372560089722609,0.025,0.0237,0.0105,-0.0093,219,235,0.203,0.2178,-1.7578091605014305,-1.5820278389088056,-0.17578132159262494,WELD_FOUND
19.999,0.025665549120416405,0.059501210428104134,0.034590730684632025,0.016740367556200786,0.025,0.0237,0.0096,-0.0069,219,235,0.203,0.2178,-0.7031216044716506,-1.4062466240378864,0.7031250195662357,WELD_FOUND
20.05,0.025665549120416405,0.059501210428104134,0.034590730684632025,0.016740367556200786,0.0261,0.0216,0.0085,-0.0049,222,237,0.2057,0.2196,-0.7031216044716506,-1.4062466240378864,0.7031250195662357,WELD_FOUND
20.102,0.024148774286347076,0.08053807605729899,0.03622948569494192,0.012068062877752228,0.0261,0.0216,0.0101,-0.0095,222,237,0.2057,0.2196,-2.460934233428519,-1.7578091605014305,-0.7031250729270886,WELD_FOUND
20.15,0.024148774286347076,0.08053807605729899,0.03622948569494192,0.012068062877752228,0.0261,0.0216,0.0101,-0.0095,224,239,0.2076,0.2215,-2.460934233428519,-1.7578091605014305,-0.7031250729270886,WELD_FOUND
20.2,0.0,0.0,0.0,0.0,0.0206,0.0179,-0.0206,-0.0179,224,239,0.2076,0.2215,-2.460934233428519,nan,nan,NO_WELD
20.25,0.0,0.0,0.0,0.0,0.0206,0.0179,-0.0206,-0.0179,227,241,0.2104,0.2234,-2.460934233428519,nan,nan,NO_WELD
20.299,0.0,0.0,0.0,0.0,0.0235,0.0182,-0.0235,-0.0182,227,241,0.2104,0.2234,-2.460934233428519,nan,nan,NO_WELD
20.35,0.0,0.0,0.0,0.0,0.0235,0.0182,-0.0235,-0.0182,226,241,0.2094,0.2234,-2.460934233428519,nan,nan,NO_WELD
20.4,0.0,0.0,0.0,0.0,0.0235,0.0182,-0.0235,-0.0182,226,241,0.2094,0.2234,-2.460934233428519,nan,nan,NO_WELD
20.45,0.0,0.0,0.0,0.0,0.0116,0.0145,-0.0116,-0.0145,226,241,0.2094,0.2234,-2.460934233428519,nan,nan,NO_WELD
20.5,0.0,0.0,0.0,0.0,0.0116,0.0145,-0.0116,-0.0145,226,241,0.2094,0.2234,-2.460934233428519,nan,nan,NO_WELD
20.55,0.0,0.0,0.0,0.0,0.0116,0.0145,-0.0116,-0.0145,226,241,0.2094,0.2234,-2.460934233428519,nan,nan,NO_WELD
20.6,0.0,0.0,0.0,0.0,0.0093,0.0116,-0.0093,-0.0116,226,241,0.2094,0.2234,-2.460934233428519,nan,nan,NO_WELD
20.65,0.0,0.0,0.0,0.0,0.0093,0.0116,-0.0093,-0.0116,226,241,0.2094,0.2234,-2.460934233428519,nan,nan,NO_WELD
20.7,0.0,0.0,0.0,0.0,0.0093,0.0116,-0.0093,-0.0116,226,241,0.2094,0.2234,-17.929685410937644,nan,nan,NO_WELD
20.75,0.0,0.0,0.0,0.0,0.0074,0.0093,-0.0074,-0.0093,226,241,0.2094,0.2234,-17.929685410937644,nan,nan,NO_WELD
20.8,0.0,0.0,0.0,0.0,0.0074,0.0093,-0.0074,-0.0093,226,241,0.2094,0.2234,-17.929685410937644,nan,nan,NO_WELD
20.85,0.0,0.0,0.0,0.0,0.0074,0.0093,-0.0074,-0.0093,226,241,0.2094,0.2234,-17.929685410937644,nan,nan,NO_WELD
20.9,0.0,0.0,0.0,0.0,0.006,0.0074,-0.006,-0.0074,226,241,0.2094,0.2234,5.2734409284392205,nan,nan,NO_WELD
20.95,0.0,0.0,0.0,0.0,0.006,0.0074,-0.006,-0.0074,226,241,0.2094,0.2234,5.2734409284392205,nan,nan,NO_WELD
21.0,0.0,0.0,0.0,0.0,0.006,0.0074,-0.006,-0.0074,226,241,0.2094,0.2234,7.031253717478648,nan,nan,NO_WELD
21.05,0.0,0.0,0.0,0.0,0.0048,0.0059,-0.0048,-0.0059,226,241,0.2094,0.2234,7.031253717478648,nan,nan,NO_WELD
21.102,0.005665806798333702,-0.05,-0.0018341932016662978,0.013165806798333702,0.0048,0.0059,-0.0066,0.0072,226,241,0.2094,0.2234,5.97656621480972,5.97656621480972,0.0,WELD_FOUND
21.15,0.005665806798333702,-0.05,-0.0018341932016662978,0.013165806798333702,0.0038,0.0048,-0.0056,0.0084,226,241,0.2094,0.2234,5.97656621480972,5.97656621480972,0.0,WELD_FOUND
21.2,0.0,0.0,0.0,0.0,0.0038,0.0048,-0.0038,-0.0048,226,241,0.2094,0.2234,5.97656621480972,nan,nan,NO_WELD
21.25,0.0,0.0,0.0,0.0,0.0038,0.0048,-0.0038,-0.0048,226,242,0.2094,0.2243,5.97656621480972,nan,nan,NO_WELD
21.299,0.0,0.0,0.0,0.0,0.003,0.0053,-0.003,-0.0053,226,242,0.2094,0.2243,5.97656621480972,nan,nan,NO_WELD
21.35,0.0,0.0,0.0,0.0,0.003,0.0053,-0.003,-0.0053,226,242,0.2094,0.2243,5.97656621480972,nan,nan,NO_WELD
21.4,0.0,0.0,0.0,0.0,0.003,0.0053,-0.003,-0.0053,226,242,0.2094,0.2243,5.97656621480972,nan,nan,NO_WELD
21.45,0.0,0.0,0.0,0.0,0.0024,0.0043,-0.0024,-0.0043,226,242,0.2094,0.2243,5.97656621480972,nan,nan,NO_WELD
21.5,0.0,0.0,0.0,0.0,0.0024,0.0043,-0.0024,-0.0043,226,242,0.2094,0.2243,5.97656621480972,nan,nan,NO_WELD
21.55,0.0,0.0,0.0,0.0,0.0024,0.0043,-0.0024,-0.0043,226,242,0.2094,0.2243,5.97656621480972,nan,nan,NO_WELD
21.6,0.0,0.0,0.0,0.0,0.002,0.0034,-0.002,-0.0034,226,242,0.2094,0.2243,5.97656621480972,nan,nan,NO_WELD
21.65,0.0,0.0,0.0,0.0,0.002,0.0034,-0.002,-0.0034,226,242,0.2094,0.2243,5.97656621480972,nan,nan,NO_WELD
21.7,0.0,0.0,0.0,0.0,0.002,0.0034,-0.002,-0.0034,226,242,0.2094,0.2243,-2.1093715902432693,nan,nan,NO_WELD
21.75,0.0,0.0,0.0,0.0,0.0016,0.0027,-0.0016,-0.0027,226,242,0.2094,0.2243,-2.1093715902432693,nan,nan,NO_WELD
21.799,0.0,0.0,0.0,0.0,0.0016,0.0027,-0.0016,-0.0027,226,242,0.2094,0.2243,-1.7578091605014305,nan,nan,NO_WELD
21.85,0.0,0.0,0.0,0.0,0.0012,0.0022,-0.0012,-0.0022,226,242,0.2094,0.2243,-1.7578091605014305,nan,nan,NO_WELD
21.9,0.03025113731584426,-0.032990297664338045,0.025302592666193554,0.035199681965494965,0.0012,0.0022,0.0241,0.033,226,242,0.2094,0.2243,0.7031284346608206,0.7031284346608206,0.0,WELD_FOUND
21.95,0.03025113731584426,-0.032990297664338045,0.025302592666193554,0.035199681965494965,0.0,0.0017,0.0253,0.0335,226,242,0.2094,0.2243,0.7031284346608206,0.7031284346608206,0.0,WELD_FOUND
22.0,0.035,0.0,0.035,0.035,0.0,0.0017,0.035,0.0333,226,242,0.2094,0.2243,-0.35155909468853286,0.17578466998614392,-0.5273437646746768,WELD_FOUND
22.05,0.035,0.0,0.035,0.035,0.0,0.0017,0.035,0.0333,230,245,0.2132,0.2271,-0.35155909468853286,0.17578466998614392,-0.5273437646746768,WELD_FOUND
22.102,0.032677344025134364,-0.02374636000733402,0.029115390024034262,0.03623929802623447,0.0099,0.0085,0.0192,0.0278,230,245,0.2132,0.2271,0.35156592487770283,0.35156592487770283,0.0,WELD_FOUND
22.15,0.032677344025134364,-0.02374636000733402,0.029115390024034262,0.03623929802623447,0.0099,0.0085,0.0192,0.0278,235,250,0.2178,0.2317,0.35156592487770283,0.35156592487770283,0.0,WELD_FOUND
22.2,0.03165817300633174,-0.025338388187021832,0.027857414778278463,0.03545893123438501,0.0245,0.0236,0.0034,0.0118,235,250,0.2178,0.2317,3.5156285662866162,0.5273471664290486,2.9882813998575677,WELD_FOUND
22.25,0.03165817300633174,-0.025338388187021832,0.027857414778278463,0.03545893123438501,0.0245,0.0236,0.0034,0.0118,240,255,0.2224,0.2363,3.5156285662866162,0.5273471664290486,2.9882813998575677,WELD_FOUND
22.3,0.03052998586604387,-0.033228110728601705,0.025545769256753614,0.03551420247533413,0.0332,0.0327,-0.0077,0.0028,240,255,0.2224,0.2363,4.218753425770293,0.7031284346608206,3.5156249911094726,WELD_FOUND
22.35,0.03052998586604387,-0.033228110728601705,0.025545769256753614,0.03551420247533413,0.0332,0.0327,-0.0077,0.0028,244,259,0.2261,0.24,4.218753425770293,0.7031284346608206,3.5156249911094726,WELD_FOUND
22.4,0.017422640195853715,-0.0832281107286017,0.00493842358656346,0.029906856805143968,0.0348,0.0344,-0.0298,-0.0045,244,259,0.2261,0.24,4.5703160689555435,3.5156285662866162,1.0546875026689273,WELD_FOUND
22.45,0.017422640195853715,-0.0832281107286017,0.00493842358656346,0.029906856805143968,0.0348,0.0344,-0.0298,-0.0045,248,262,0.2298,0.2428,4.5703160689555435,3.5156285662866162,1.0546875026689273,WELD_FOUND
22.5,0.01275199817382878,-0.1332281107286017,-0.007232218435461473,0.032736214783119034,0.0348,0.0344,-0.042,-0.0017,248,262,0.2298,0.2428,4.921878712140794,4.218753425770293,0.7031252863705006,WELD_FOUND
22.55,0.01275199817382878,-0.1332281107286017,-0.007232218435461473,0.032736214783119034,0.0357,0.0306,-0.0429,0.0022,250,263,0.2317,0.2437,4.921878712140794,4.218753425770293,0.7031252863705006,WELD_FOUND
22.6,0.010784618348106689,-0.18322811072860168,-0.016699598261183564,0.03826883495739694,0.0357,0.0306,-0.0524,0.0077,250,263,0.2317,0.2437,4.921878712140794,4.5703160689555435,0.3515626431852503,WELD_FOUND
22.65,0.010784618348106689,-0.18322811072860168,-0.016699598261183564,0.03826883495739694,0.0357,0.0306,-0.0524,0.0077,253,261,0.2345,0.2419,4.921878712140794,4.5703160689555435,0.3515626431852503,WELD_FOUND
22.7,0.009364851633550898,-0.2205215716772719,-0.023713384118039887,0.04244308738514169,0.0288,0.0134,-0.0525,0.0291,253,261,0.2345,0.2419,5.97656621480972,4.921878712140794,1.0546875026689264,WELD_FOUND
22.75,0.009364851633550898,-0.2205215716772719,-0.023713384118039887,0.04244308738514169,0.0288,0.0134,-0.0525,0.0291,256,259,0.2373,0.24,5.97656621480972,4.921878712140794,1.0546875026689264,WELD_FOUND
22.799,0.009092917936126701,-0.21596068466594734,-0.023301184763765394,0.0414870206360188,0.0284,0.0006,-0.0517,0.0409,256,259,0.2373,0.24,4.5703160689555435,4.921878712140794,-0.3515626431852503,WELD_FOUND
22.85,0.009092917936126701,-0.21596068466594734,-0.023301184763765394,0.0414870206360188,0.0284,0.0006,-0.0517,0.0409,257,257,0.2382,0.2382,4.5703160689555435,4.921878712140794,-0.3515626431852503,WELD_FOUND
22.9,0.009039011982461334,-0.21498696163095418,-0.023209032262181795,0.04128705622710446,0.0284,0.0006,-0.0516,0.0407,257,257,0.2382,0.2382,6.328128431108148,4.921878712140794,1.406249718967354,WELD_FOUND
22.95,0.009039011982461334,-0.21498696163095418,-0.023209032262181795,0.04128705622710446,0.022,-0.0095,-0.0452,0.0508,258,255,0.2391,0.2363,6.328128431108148,4.921878712140794,1.406249718967354,WELD_FOUND
23.0,0.007139184418390992,-0.25381299273114455,-0.030932764491280688,0.045211133328062675,0.022,-0.0095,-0.0529,0.0547,258,255,0.2391,0.2363,5.625003571624471,5.625003571624471,0.0,WELD_FOUND
23.05,0.007139184418390992,-0.25381299273114455,-0.030932764491280688,0.045211133328062675,0.0176,-0.0168,-0.0485,0.062,258,252,0.2391,0.2335,5.625003571624471,5.625003571624471,0.0,WELD_FOUND
23.102,0.006786083764096823,-0.24716262165189146,-0.030288309483686892,0.04386047701188054,0.0176,-0.0168,-0.0479,0.0607,258,252,0.2391,0.2335,4.921878712140794,5.625003571624471,-0.703124859483677,WELD_FOUND
23.15,0.006786083764096823,-0.24716262165189146,-0.030288309483686892,0.04386047701188054,0.0176,-0.0168,-0.0479,0.0607,259,248,0.24,0.2298,4.921878712140794,5.625003571624471,-0.703124859483677,WELD_FOUND
23.2,0.0,0.0,0.0,0.0,0.013,-0.02,-0.013,0.02,259,248,0.24,0.2298,4.921878712140794,nan,nan,NO_WELD
23.25,0.0,0.0,0.0,0.0,0.013,-0.02,-0.013,0.02,258,243,0.2391,0.2252,4.921878712140794,nan,nan,NO_WELD
23.3,0.025882399000658456,-0.0060674862819213235,0.024972276058370258,0.026792521942946654,0.013,-0.02,0.0119,0.0468,258,243,0.2391,0.2252,0.35156592487770283,0.35156592487770283,0.0,WELD_FOUND
23.35,0.025882399000658456,-0.0060674862819213235,0.024972276058370258,0.026792521942946654,0.0053,-0.0367,0.0196,0.0635,258,238,0.2391,0.2206,0.35156592487770283,0.35156592487770283,0.0,WELD_FOUND
23.4,0.0,0.0,0.0,0.0,0.0053,-0.0367,-0.0053,0.0367,258,238,0.2391,0.2206,0.35156592487770283,nan,nan,NO_WELD
23.45,0.0,0.0,0.0,0.0,0.0053,-0.0367,-0.0053,0.0367,260,236,0.241,0.2187,0.35156592487770283,nan,nan,NO_WELD
23.5,0.03118069198145777,-0.013536681058806654,0.02915018982263677,0.03321119414027877,0.0081,-0.027,0.021,0.0602,260,236,0.241,0.2187,0.35156592487770283,0.35156592487770283,0.0,WELD_FOUND
23.55,0.03118069198145777,-0.013536681058806654,0.02915018982263677,0.03321119414027877,0.0081,-0.027,0.021,0.0602,261,236,0.2419,0.2187,0.35156592487770283,0.35156592487770283,0.0,WELD_FOUND
23.6,0.035,0.0,0.035,0.035,0.0081,-0.027,0.0269,0.062,261,236,0.2419,0.2187,-1.0546840875743422,-0.35155909468853286,-0.7031249928858093,WELD_FOUND
23.65,0.035,0.0,0.035,0.035,0.0148,-0.0088,0.0202,0.0438,264,239,0.2447,0.2215,-1.0546840875743422,-0.35155909468853286,-0.7031249928858093,WELD_FOUND
23.7,0.03282944512509607,0.021989784048165845,0.036127912732320945,0.029530977517871194,0.0148,-0.0088,0.0214,0.0383,264,239,0.2447,0.2215,-0.35155909468853286,-0.35155909468853286,0.0,WELD_FOUND
23.75,0.03282944512509607,0.021989784048165845,0.036127912732320945,0.029530977517871194,0.0237,-0.0016,0.0124,0.0311,268,240,0.2484,0.2224,-0.35155909468853286,-0.35155909468853286,0.0,WELD_FOUND
23.799,0.030758400506581334,0.0354089689365411,0.0360697458470625,0.025447055166100168,0.0237,-0.0016,0.0124,0.027,268,240,0.2484,0.2224,-2.1093715902432693,-0.7031216044716506,-1.4062499857716186,WELD_FOUND
23.85,0.030758400506581334,0.0354089689365411,0.0360697458470625,0.025447055166100168,0.0237,-0.0016,0.0124,0.027,273,239,0.253,0.2215,-2.1093715902432693,-0.7031216044716506,-1.4062499857716186,WELD_FOUND
23.9,0.028546594726466482,0.051270579220374604,0.036237181609522676,0.020856007843410292,0.0266,-0.0034,0.0097,0.0243,273,239,0.253,0.2215,-3.164059092912196,-1.0546840875743422,-2.1093750053378537,WELD_FOUND
23.95,0.028546594726466482,0.051270579220374604,0.036237181609522676,0.020856007843410292,0.0266,-0.0034,0.0097,0.0243,278,237,0.2576,0.2196,-3.164059092912196,-1.0546840875743422,-2.1093750053378537,WELD_FOUND
23.999,0.0,0.0,0.0,0.0,0.0345,-0.0095,-0.0345,0.0095,278,237,0.2576,0.2196,-3.164059092912196,nan,nan,NO_WELD
24.05,0.0,0.0,0.0,0.0,0.0345,-0.0095,-0.0345,0.0095,282,235,0.2613,0.2178,-3.164059092912196,nan,nan,NO_WELD
24.102,0.0199838299466538,0.05,0.0274838299466538,0.012483829946653799,0.0345,-0.0095,-0.007,0.0219,282,235,0.2613,0.2178,-2.8124966631703576,-2.8124966631703576,0.0,WELD_FOUND
24.15,0.0199838299466538,0.05,0.0274838299466538,0.012483829946653799,0.0306,-0.0106,-0.0031,0.0231,282,235,0.2613,0.2178,-2.8124966631703576,-2.8124966631703576,0.0,WELD_FOUND
24.2,0.0,0.0,0.0,0.0,0.0306,-0.0106,-0.0306,0.0106,282,235,0.2613,0.2178,-2.8124966631703576,nan,nan,NO_WELD
24.25,0.0,0.0,0.0,0.0,0.0221,-0.0027,-0.0221,0.0027,283,236,0.2623,0.2187,-2.8124966631703576,nan,nan,NO_WELD
24.3,0.0,0.0,0.0,0.0,0.0221,-0.0027,-0.0221,0.0027,283,236,0.2623,0.2187,-2.8124966631703576,nan,nan,NO_WELD
24.35,0.0,0.0,0.0,0.0,0.0221,-0.0027,-0.0221,0.0027,283,236,0.2623,0.2187,-2.8124966631703576,nan,nan,NO_WELD
24.4,0.017052136694888802,0.05,0.0245521366948888,0.009552136694888802,0.0176,-0.0021,0.0069,0.0117,283,236,0.2623,0.2187,-3.164059092912196,-3.164059092912196,0.0,WELD_FOUND
24.45,0.017052136694888802,0.05,0.0245521366948888,0.009552136694888802,0.0176,-0.0021,0.0069,0.0117,283,236,0.2623,0.2187,-3.164059092912196,-3.164059092912196,0.0,WELD_FOUND
24.5,0.01787287327645078,0.1,0.032872873276450776,0.0028728732764507804,0.0176,-0.0021,0.0152,0.005,283,236,0.2623,0.2187,-2.460934233428519,-2.8124966631703576,0.3515624297418385,WELD_FOUND
24.55,0.01787287327645078,0.1,0.032872873276450776,0.0028728732764507804,0.0131,0.0012,0.0198,0.0017,284,237,0.2632,0.2196,-2.460934233428519,-2.8124966631703576,0.3515624297418385,WELD_FOUND
24.6,0.0,0.0,0.0,0.0,0.0131,0.0012,-0.0131,-0.0012,284,237,0.2632,0.2196,-2.460934233428519,nan,nan,NO_WELD
24.65,0.0,0.0,0.0,0.0,0.0115,0.0044,-0.0115,-0.0044,285,238,0.2641,0.2206,-2.460934233428519,nan,nan,NO_WELD
24.7,0.0,0.0,0.0,0.0,0.0115,0.0044,-0.0115,-0.0044,285,238,0.2641,0.2206,-2.460934233428519,nan,nan,NO_WELD
24.75,0.0,0.0,0.0,0.0,0.0092,0.0035,-0.0092,-0.0035,285,238,0.2641,0.2206,-2.460934233428519,nan,nan,NO_WELD
24.799,0.0,0.0,0.0,0.0,0.0092,0.0035,-0.0092,-0.0035,285,238,0.2641,0.2206,-2.460934233428519,nan,nan,NO_WELD
24.85,0.0,0.0,0.0,0.0,0.0092,0.0035,-0.0092,-0.0035,285,238,0.2641,0.2206,-2.460934233428519,nan,nan,NO_WELD
24.9,0.0,0.0,0.0,0.0,0.0074,0.0028,-0.0074,-0.0028,285,238,0.2641,0.2206,-2.460934233428519,nan,nan,NO_WELD
24.95,0.0,0.0,0.0,0.0,0.0074,0.0028,-0.0074,-0.0028,285,238,0.2641,0.2206,-2.460934233428519,nan,nan,NO_WELD
25.0,0.025848408980401087,0.05,0.03334840898040109,0.018348408980401087,0.0074,0.0028,0.026,0.0155,285,238,0.2641,0.2206,-1.4062466240378864,-1.4062466240378864,0.0,WELD_FOUND
25.05,0.025848408980401087,0.05,0.03334840898040109,0.018348408980401087,0.0069,0.0023,0.0265,0.0161,286,238,0.2651,0.2206,-1.4062466240378864,-1.4062466240378864,0.0,WELD_FOUND
25.102,0.0,0.0,0.0,0.0,0.0069,0.0023,-0.0069,-0.0023,286,238,0.2651,0.2206,-1.4062466240378864,nan,nan,NO_WELD
25.15,0.0,0.0,0.0,0.0,0.019,0.0051,-0.019,-0.0051,290,239,0.2688,0.2215,-1.4062466240378864,nan,nan,NO_WELD
25.2,0.0,0.0,0.0,0.0,0.019,0.0051,-0.019,-0.0051,290,239,0.2688,0.2215,-1.4062466240378864,nan,nan,NO_WELD
25.25,0.0,0.0,0.0,0.0,0.019,0.0051,-0.019,-0.0051,291,238,0.2697,0.2206,-1.4062466240378864,nan,nan,NO_WELD
25.3,0.025848408980401087,0.05,0.03334840898040109,0.018348408980401087,0.0139,0.0006,0.0195,0.0178,291,238,0.2697,0.2206,-1.4062466240378864,-1.4062466240378864,0.0,WELD_FOUND
25.35,0.025848408980401087,0.05,0.03334840898040109,0.018348408980401087,0.0139,0.0006,0.0195,0.0178,290,236,0.2688,0.2187,-1.4062466240378864,-1.4062466240378864,0.0,WELD_FOUND
25.4,0.021021892839842904,0.1,0.0360218928398429,0.0060218928398429045,0.0139,0.0006,0.0222,0.0055,290,236,0.2688,0.2187,-3.5156217360974464,-2.460934233428519,-1.0546875026689273,WELD_FOUND
25.45,0.021021892839842904,0.1,0.0360218928398429,0.0060218928398429045,0.0132,-0.0021,0.0228,0.0082,293,237,0.2715,0.2196,-3.5156217360974464,-2.460934233428519,-1.0546875026689273,WELD_FOUND
25.5,0.02321225140090571,0.07090653937384461,0.033848232306982404,0.01257627049482902,0.0132,-0.0021,0.0206,0.0147,293,237,0.2715,0.2196,-1.7578091605014305,-1.7578091605014305,0.0,WELD_FOUND
25.55,0.02321225140090571,0.07090653937384461,0.033848232306982404,0.01257627049482902,0.0132,-0.0021,0.0206,0.0147,298,238,0.2762,0.2206,-1.7578091605014305,-1.7578091605014305,0.0,WELD_FOUND
25.6,0.0,0.0,0.0,0.0,0.0203,0.0012,-0.0203,-0.0012,298,238,0.2762,0.2206,-1.7578091605014305,nan,nan,NO_WELD
25.65,0.0,0.0,0.0,0.0,0.0203,0.0012,-0.0203,-0.0012,303,243,0.2808,0.2252,-1.7578091605014305,nan,nan,NO_WELD
25.7,0.0,0.0,0.0,0.0,0.0307,0.0193,-0.0307,-0.0193,303,243,0.2808,0.2252,-1.7578091605014305,nan,nan,NO_WELD
25.75,0.0,0.0,0.0,0.0,0.0307,0.0193,-0.0307,-0.0193,304,245,0.2817,0.2271,-1.7578091605014305,nan,nan,NO_WELD
25.8,0.0,0.0,0.0,0.0,0.0221,0.019,-0.0221,-0.019,304,245,0.2817,0.2271,-1.7578091605014305,nan,nan,NO_WELD
25.85,0.0,0.0,0.0,0.0,0.0221,0.019,-0.0221,-0.019,304,245,0.2817,0.2271,-1.7578091605014305,nan,nan,NO_WELD
25.9,0.035,0.0,0.035,0.035,0.0221,0.019,0.0129,0.016,304,245,0.2817,0.2271,3.4150945850063755e-06,3.4150945850063755e-06,0.0,WELD_FOUND
25.95,0.035,0.0,0.035,0.035,0.0177,0.0152,0.0173,0.0198,304,245,0.2817,0.2271,3.4150945850063755e-06,3.4150945850063755e-06,0.0,WELD_FOUND
26.0,0.0,0.0,0.0,0.0,0.0177,0.0152,-0.0177,-0.0152,304,245,0.2817,0.2271,3.4150945850063755e-06,nan,nan,NO_WELD
26.05,0.0,0.0,0.0,0.0,0.0177,0.0152,-0.0177,-0.0152,306,246,0.2836,0.228,3.4150945850063755e-06,nan,nan,NO_WELD
26.102,0.0,0.0,0.0,0.0,0.0156,0.0116,-0.0156,-0.0116,306,246,0.2836,0.228,3.4150945850063755e-06,nan,nan,NO_WELD
26.15,0.0,0.0,0.0,0.0,0.0156,0.0116,-0.0156,-0.0116,306,247,0.2836,0.2289,3.4150945850063755e-06,nan,nan,NO_WELD
26.2,0.02584840885200148,0.05,0.03334840885200148,0.01834840885200148,0.0125,0.0107,0.0209,0.0077,306,247,0.2836,0.2289,-1.7578091605014305,-1.7578091605014305,0.0,WELD_FOUND
26.25,0.02584840885200148,0.05,0.03334840885200148,0.01834840885200148,0.0125,0.0107,0.0209,0.0077,307,247,0.2845,0.2289,-1.7578091605014305,-1.7578091605014305,0.0,WELD_FOUND
26.3,0.0,0.0,0.0,0.0,0.0112,0.0085,-0.0112,-0.0085,307,247,0.2845,0.2289,-1.7578091605014305,nan,nan,NO_WELD
26.35,0.0,0.0,0.0,0.0,0.0112,0.0085,-0.0112,-0.0085,310,250,0.2873,0.2317,-1.7578091605014305,nan,nan,NO_WELD
26.399,0.0,0.0,0.0,0.0,0.0178,0.0162,-0.0178,-0.0162,310,250,0.2873,0.2317,-1.7578091605014305,nan,nan,NO_WELD
26.45,0.0,0.0,0.0,0.0,0.0178,0.0162,-0.0178,-0.0162,310,251,0.2873,0.2326,-1.7578091605014305,nan,nan,NO_WELD
26.5,0.022575360904108298,0.05,0.030075360904108298,0.015075360904108298,0.0178,0.0162,0.0122,-0.0012,310,251,0.2873,0.2326,-2.1093715902432693,-2.1093715902432693,0.0,WELD_FOUND
26.55,0.022575360904108298,0.05,0.030075360904108298,0.015075360904108298,0.0143,0.013,0.0158,0.0021,310,250,0.2873,0.2317,-2.1093715902432693,-2.1093715902432693,0.0,WELD_FOUND
26.6,0.0,0.0,0.0,0.0,0.0143,0.013,-0.0143,-0.013,310,250,0.2873,0.2317,-2.1093715902432693,nan,nan,NO_WELD
26.65,0.0,0.0,0.0,0.0,0.0143,0.013,-0.0143,-0.013,312,252,0.2892,0.2335,-2.1093715902432693,nan,nan,NO_WELD
26.7,0.02194732943536116,0.05,0.029447329435361158,0.014447329435361159,0.0135,0.0127,0.0159,0.0017,312,252,0.2892,0.2335,-2.1093715902432693,-2.1093715902432693,0.0,WELD_FOUND
26.75,0.02194732943536116,0.05,0.029447329435361158,0.014447329435361159,0.0135,0.0127,0.0159,0.0017,312,252,0.2892,0.2335,-2.1093715902432693,-2.1093715902432693,0.0,WELD_FOUND
26.8,0.015387830778435184,0.1,0.030387830778435182,0.00038783077843518483,0.0108,0.0102,0.0196,-0.0098,312,252,0.2892,0.2335,-5.273434098250051,-3.691403057690071,-1.5820310405599796,WELD_FOUND
26.85,0.015387830778435184,0.1,0.030387830778435182,0.00038783077843518483,0.0108,0.0102,0.0196,-0.0098,315,255,0.2919,0.2363,-5.273434098250051,-3.691403057690071,-1.5820310405599796,WELD_FOUND
26.9,0.009129859829556055,0.15000000000000002,0.03162985982955606,-0.013370140170443948,0.0108,0.0102,0.0208,-0.0236,315,255,0.2919,0.2363,-5.273434098250051,-5.273434098250051,0.0,WELD_FOUND
26.95,0.009129859829556055,0.15000000000000002,0.03162985982955606,-0.013370140170443948,0.0237,0.0209,0.0079,-0.0343,319,258,0.2956,0.2391,-5.273434098250051,-5.273434098250051,0.0,WELD_FOUND
27.0,0.0,0.0,0.0,0.0,0.0237,0.0209,-0.0237,-0.0209,319,258,0.2956,0.2391,-5.273434098250051,nan,nan,NO_WELD
27.05,0.0,0.0,0.0,0.0,0.0237,0.0209,-0.0237,-0.0209,321,259,0.2975,0.24,-5.273434098250051,nan,nan,NO_WELD
27.102,0.0,0.0,0.0,0.0,0.0192,0.015,-0.0192,-0.015,321,259,0.2975,0.24,-5.273434098250051,nan,nan,NO_WELD
27.15,0.0,0.0,0.0,0.0,0.0192,0.015,-0.0192,-0.015,321,259,0.2975,0.24,-5.273434098250051,nan,nan,NO_WELD
27.2,0.014743072636571397,0.05,0.022243072636571395,0.007243072636571398,0.0154,0.015,0.0069,-0.0078,321,259,0.2975,0.24,-3.164059092912196,-3.164059092912196,0.0,WELD_FOUND
27.25,0.014743072636571397,0.05,0.022243072636571395,0.007243072636571398,0.0154,0.012,0.0069,-0.0048,321,259,0.2975,0.24,-3.164059092912196,-3.164059092912196,0.0,WELD_FOUND
27.299,0.016699373787504766,0.1,0.031699373787504766,0.0016993737875047668,0.0123,0.012,0.0194,-0.0103,321,259,0.2975,0.24,-2.8124966631703576,-2.988277984762983,0.17578132159262516,WELD_FOUND
27.35,0.016699373787504766,0.1,0.031699373787504766,0.0016993737875047668,0.0123,0.012,0.0194,-0.0103,322,260,0.2984,0.241,-2.8124966631703576,-2.988277984762983,0.17578132159262516,WELD_FOUND
27.4,0.01780033902768068,0.11924440250874441,0.03568699940399234,-8.632134863098204e-05,0.0123,0.0097,0.0234,-0.0098,322,260,0.2984,0.241,-2.460934233428519,-2.8124966631703576,0.3515624297418385,WELD_FOUND
27.45,0.01780033902768068,0.11924440250874441,0.03568699940399234,-8.632134863098204e-05,0.0123,0.0097,0.0234,-0.0098,323,261,0.2993,0.2419,-2.460934233428519,-2.8124966631703576,0.3515624297418385,WELD_FOUND
27.5,0.018738087994466916,0.11223272416329443,0.03557299661896108,0.0019031793699727517,0.0123,0.0097,0.0233,-0.0078,323,261,0.2993,0.2419,-1.0546840875743422,-2.6367153415777325,1.5820312540033903,WELD_FOUND
27.55,0.018738087994466916,0.11223272416329443,0.03557299661896108,0.0019031793699727517,0.0123,0.0107,0.0233,-0.0088,325,262,0.3012,0.2428,-1.0546840875743422,-2.6367153415777325,1.5820312540033903,WELD_FOUND
27.6,0.0,0.0,0.0,0.0,0.0123,0.0107,-0.0123,-0.0107,325,262,0.3012,0.2428,-1.0546840875743422,nan,nan,NO_WELD
27.649,0.0,0.0,0.0,0.0,0.0123,0.0107,-0.0123,-0.0107,325,262,0.3012,0.2428,-1.0546840875743422,nan,nan,NO_WELD
27.7,0.021162550693758702,0.05,0.0286625506937587,0.013662550693758702,0.0148,0.0086,0.0138,0.0051,327,262,0.3031,0.2428,-2.1093715902432693,-2.1093715902432693,0.0,WELD_FOUND
27.75,0.021162550693758702,0.05,0.0286625506937587,0.013662550693758702,0.0148,0.0086,0.0138,0.0051,327,262,0.3031,0.2428,-2.1093715902432693,-2.1093715902432693,0.0,WELD_FOUND
27.8,0.022446533079971763,0.08082816093497436,0.034570757220217914,0.01032230893972561,0.0126,0.0069,0.022,0.0034,328,262,0.304,0.2428,-1.7578091605014305,-1.9335904820940557,0.17578132159262516,WELD_FOUND
27.85,0.022446533079971763,0.08082816093497436,0.034570757220217914,0.01032230893972561,0.0126,0.0069,0.022,0.0034,328,262,0.304,0.2428,-1.7578091605014305,-1.9335904820940557,0.17578132159262516,WELD_FOUND
27.9,0.021921895814352606,0.09343602786277934,0.0359372999937695,0.007906491634935706,0.0126,0.0069,0.0233,0.001,331,265,0.3068,0.2456,-2.8124966631703576,-2.1093715902432693,-0.7031250729270884,WELD_FOUND
27.95,0.021921895814352606,0.09343602786277934,0.0359372999937695,0.007906491634935706,0.015,0.0115,0.021,-0.0036,331,265,0.3068,0.2456,-2.8124966631703576,-2.1093715902432693,-0.7031250729270884,WELD_FOUND
28.0,0.021047436809494585,0.1021473773949458,0.03636954341873645,0.005725330200252716,0.015,0.0115,0.0214,-0.0058,334,268,0.3095,0.2484,-2.460934233428519,-2.285152911835894,-0.17578132159262516,WELD_FOUND
28.05,0.021047436809494585,0.1021473773949458,0.03636954341873645,0.005725330200252716,0.015,0.0115,0.0214,-0.0058,334,268,0.3095,0.2484,-2.460934233428519,-2.285152911835894,-0.17578132159262516,WELD_FOUND
28.102,0.020121386752457678,0.1100575556473391,0.03663002009955854,0.003612753405356814,0.0238,0.0193,0.0128,-0.0157,337,270,0.3123,0.2502,-2.460934233428519,-2.460934233428519,0.0,WELD_FOUND
28.15,0.020121386752457678,0.1100575556473391,0.03663002009955854,0.003612753405356814,0.0238,0.0193,0.0128,-0.0157,337,270,0.3123,0.2502,-2.460934233428519,-2.460934233428519,0.0,WELD_FOUND
28.2,0.01993867672178097,0.10790487222515846,0.03612440755555474,0.003752945888007203,0.0217,0.0153,0.0144,-0.0115,339,271,0.3142,0.2512,-2.1093715902432693,-2.460934233428519,0.3515626431852499,WELD_FOUND
28.25,0.01993867672178097,0.10790487222515846,0.03612440755555474,0.003752945888007203,0.0217,0.0153,0.0144,-0.0115,339,271,0.3142,0.2512,-2.1093715902432693,-2.460934233428519,0.3515626431852499,WELD_FOUND
28.3,0.01990223471487485,0.10748517189760347,0.03602501049951537,0.0037794589302343334,0.0167,0.0055,0.0193,-0.0017,340,270,0.3151,0.2502,-1.0546840875743422,-2.460934233428519,1.406250145854177,WELD_FOUND
28.35,0.01990223471487485,0.10748517189760347,0.03602501049951537,0.0037794589302343334,0.0167,0.0055,0.0193,-0.0017,340,270,0.3151,0.2502,-1.0546840875743422,-2.460934233428519,1.406250145854177,WELD_FOUND
28.399,0.0,0.0,0.0,0.0,0.0167,0.0055,-0.0167,-0.0055,342,269,0.317,0.2493,-1.0546840875743422,nan,nan,NO_WELD
28.449,0.0,0.0,0.0,0.0,0.015,0.0008,-0.015,-0.0008,342,269,0.317,0.2493,-1.0546840875743422,nan,nan,NO_WELD
28.499,0.0198949503134628,0.05,0.0273949503134628,0.0123949503134628,0.015,0.0008,0.0124,0.0116,342,268,0.317,0.2484,-2.460934233428519,-2.460934233428519,0.0,WELD_FOUND
28.549,0.0198949503134628,0.05,0.0273949503134628,0.0123949503134628,0.012,-0.0032,0.0154,0.0156,342,268,0.317,0.2484,-2.460934233428519,-2.460934233428519,0.0,WELD_FOUND
28.6,0.022182186817207815,0.07788934529478184,0.03386558861142509,0.01049878502299054,0.012,-0.0032,0.0219,0.0137,342,268,0.317,0.2484,-1.4062466240378864,-1.9335904820940557,0.5273438580561693,WELD_FOUND
28.65,0.022182186817207815,0.07788934529478184,0.03386558861142509,0.01049878502299054,0.0096,-0.0026,0.0243,0.0131,342,268,0.317,0.2484,-1.4062466240378864,-1.9335904820940557,0.5273438580561693,WELD_FOUND
28.7,0.020340970842855455,0.1123299657553562,0.03719046570615889,0.003491475979552027,0.0096,-0.0026,0.0276,0.0061,346,271,0.3207,0.2512,-2.8124966631703576,-2.460934233428519,-0.3515624297418385,WELD_FOUND
28.75,0.020340970842855455,0.1123299657553562,0.03719046570615889,0.003491475979552027,0.0206,0.0096,0.0166,-0.0061,346,271,0.3207,0.2512,-2.8124966631703576,-2.460934233428519,-0.3515624297418385,WELD_FOUND
28.8,0.0,0.0,0.0,0.0,0.0206,0.0096,-0.0206,-0.0096,349,272,0.3234,0.2521,-2.8124966631703576,nan,nan,NO_WELD
28.85,0.0,0.0,0.0,0.0,0.0206,0.0096,-0.0206,-0.0096,349,272,0.3234,0.2521,-2.8124966631703576,nan,nan,NO_WELD
28.9,0.02306819418616862,0.05,0.03056819418616862,0.01556819418616862,0.0247,0.0077,0.0059,0.0079,351,271,0.3253,0.2512,-1.7578091605014305,-1.7578091605014305,0.0,WELD_FOUND
28.95,0.02306819418616862,0.05,0.03056819418616862,0.01556819418616862,0.0247,0.0077,0.0059,0.0079,351,271,0.3253,0.2512,-1.7578091605014305,-1.7578091605014305,0.0,WELD_FOUND
29.0,0.0,0.0,0.0,0.0,0.0247,0.0077,-0.0247,-0.0077,351,270,0.3253,0.2502,-1.7578091605014305,nan,nan,NO_WELD
29.05,0.0,0.0,0.0,0.0,0.0198,0.0021,-0.0198,-0.0021,351,270,0.3253,0.2502,-1.7578091605014305,nan,nan,NO_WELD
29.102,0.019029963632197368,0.05,0.026529963632197368,0.011529963632197368,0.0198,0.0021,0.0068,0.0094,353,272,0.3271,0.2521,-2.8124966631703576,-2.8124966631703576,0.0,WELD_FOUND
29.15,0.019029963632197368,0.05,0.026529963632197368,0.011529963632197368,0.0193,0.0087,0.0073,0.0028,353,272,0.3271,0.2521,-2.8124966631703576,-2.8124966631703576,0.0,WELD_FOUND
29.2,0.021224392865063828,0.08568533921901195,0.03407719374791562,0.008371591982212037,0.0193,0.0087,0.0148,-0.0003,353,273,0.3271,0.253,-1.4062466240378864,-2.1093715902432693,0.7031249662053829,WELD_FOUND
29.25,0.021224392865063828,0.08568533921901195,0.03407719374791562,0.008371591982212037,0.0193,0.0087,0.0148,-0.0003,353,273,0.3271,0.253,-1.4062466240378864,-2.1093715902432693,0.7031249662053829,WELD_FOUND
29.3,0.0,0.0,0.0,0.0,0.019,0.0126,-0.019,-0.0126,356,275,0.3299,0.2549,-1.4062466240378864,nan,nan,NO_WELD
29.35,0.0,0.0,0.0,0.0,0.019,0.0126,-0.019,-0.0126,356,275,0.3299,0.2549,-1.4062466240378864,nan,nan,NO_WELD
29.4,0.030116766262095983,0.012320333591088226,0.031964816300759216,0.02826871622343275,0.0225,0.015,0.0095,0.0133,359,277,0.3327,0.2567,-0.35155909468853286,-0.35155909468853286,0.0,WELD_FOUND
29.45,0.030116766262095983,0.012320333591088226,0.031964816300759216,0.02826871622343275,0.0225,0.015,0.0095,0.0133,359,277,0.3327,0.2567,-0.35155909468853286,-0.35155909468853286,0.0,WELD_FOUND
29.5,0.027542303792198655,0.06004201748465083,0.03654860641489628,0.01853600116950103,0.0225,0.015,0.014,0.0035,360,277,0.3336,0.2567,-2.1093715902432693,-1.2304654091669671,-0.8789061810763021,WELD_FOUND
29.55,0.027542303792198655,0.06004201748465083,0.03654860641489628,0.01853600116950103,0.016,0.012,0.0206,0.0065,360,277,0.3336,0.2567,-2.1093715902432693,-1.2304654091669671,-0.8789061810763021,WELD_FOUND
29.6,0.024507766363738227,0.08437914077418308,0.03716463747986569,0.011850895247610765,0.016,0.012,0.0212,-0.0001,364,281,0.3373,0.2604,-1.7578091605014305,-1.7578091605014305,0.0,WELD_FOUND
29.65,0.024507766363738227,0.08437914077418308,0.03716463747986569,0.011850895247610765,0.0244,0.022,0.0128,-0.0102,364,281,0.3373,0.2604,-1.7578091605014305,-1.7578091605014305,0.0,WELD_FOUND
29.699,0.023115211684911985,0.08791561074269746,0.036302553296316604,0.009927870073507365,0.0244,0.022,0.0119,-0.0121,368,284,0.3411,0.2632,-2.1093715902432693,-1.9335904820940557,-0.17578110814921355,WELD_FOUND
29.75,0.023115211684911985,0.08791561074269746,0.036302553296316604,0.009927870073507365,0.0244,0.022,0.0119,-0.0121,368,284,0.3411,0.2632,-2.1093715902432693,-1.9335904820940557,-0.17578110814921355,WELD_FOUND
29.8,0.023643734321570607,0.07526993990497612,0.034934225307317025,0.01235324333582419,0.0319,0.0206,0.003,-0.0083,371,284,0.3438,0.2632,-0.7031216044716506,-1.7578091605014305,1.05468755602978,WELD_FOUND
29.85,0.023643734321570607,0.07526993990497612,0.034934225307317025,0.01235324333582419,0.0319,0.0206,0.003,-0.0083,371,284,0.3438,0.2632,-0.7031216044716506,-1.7578091605014305,1.05468755602978,WELD_FOUND
29.899,0.02375015574726881,0.07640090417353368,0.03521029137329886,0.012290020121238759,0.0266,0.0087,0.0086,0.0036,373,283,0.3457,0.2623,-1.7578091605014305,-1.7578091605014305,0.0,WELD_FOUND
29.95,0.02375015574726881,0.07640090417353368,0.03521029137329886,0.012290020121238759,0.0266,0.0087,0.0086,0.0036,373,283,0.3457,0.2623,-1.7578091605014305,-1.7578091605014305,0.0,WELD_FOUND
30.0,0.023771468708343103,0.07663986803034746,0.035267448912895225,0.012275488503790984,0.0266,0.0087,0.0087,0.0036,375,283,0.3475,0.2623,-1.7578091605014305,-1.7578091605014305,0.0,WELD_FOUND
30.049,0.023771468708343103,0.07663986803034746,0.035267448912895225,0.012275488503790984,0.0209,0.0069,0.0144,0.0053,375,283,0.3475,0.2623,-1.7578091605014305,-1.7578091605014305,0.0,WELD_FOUND
30.101,0.023775732447595354,0.0766876091793653,0.03527887382450015,0.012272591070690559,0.0209,0.0069,0.0144,0.0053,378,283,0.3503,0.2623,-2.1093715902432693,-1.7578091605014305,-0.3515624297418387,WELD_FOUND
30.149,0.023775732447595354,0.0766876091793653,0.03527887382450015,0.012272591070690559,0.0209,0.0069,0.0144,0.0053,378,283,0.3503,0.2623,-2.1093715902432693,-1.7578091605014305,-0.3515624297418387,WELD_FOUND
30.199,0.023776585241327305,0.07669666910886874,0.035281085607657615,0.012272084874996994,0.0274,0.0056,0.0079,0.0067,381,283,0.3531,0.2623,-2.8124966631703576,-1.7578091605014305,-1.054687502668927,WELD_FOUND
30.249,0.023776585241327305,0.07669666910886874,0.035281085607657615,0.012272084874996994,0.0274,0.0056,0.0079,0.0067,381,283,0.3531,0.2623,-2.8124966631703576,-1.7578091605014305,-1.054687502668927,WELD_FOUND
30.3,0.022181761795499685,0.09651988728693807,0.036659744888540395,0.007703778702458974,0.0312,0.0145,0.0054,-0.0067,385,286,0.3568,0.2651,-2.1093715902432693,-2.1093715902432693,0.0,WELD_FOUND
30.35,0.022181761795499685,0.09651988728693807,0.036659744888540395,0.007703778702458974,0.0312,0.0145,0.0054,-0.0067,385,286,0.3568,0.2651,-2.1093715902432693,-2.1093715902432693,0.0,WELD_FOUND
30.399,0.021869440238180483,0.09291242772874322,0.03580630439749197,0.007932576078869,0.0312,0.0145,0.0046,-0.0065,388,287,0.3596,0.266,-0.35155909468853286,-2.1093715902432693,1.7578124955547363,WELD_FOUND
30.45,0.021869440238180483,0.09291242772874322,0.03580630439749197,0.007932576078869,0.0262,0.0111,0.0096,-0.0032,388,287,0.3596,0.266,-0.35155909468853286,-2.1093715902432693,1.7578124955547363,WELD_FOUND
30.499,0.021807241651990498,0.09221158983406813,0.03563898012710072,0.007975503176880278,0.0262,0.0111,0.0095,-0.0032,390,286,0.3614,0.2651,-2.460934233428519,-2.1093715902432693,-0.3515626431852499,WELD_FOUND
30.55,0.021807241651990498,0.09221158983406813,0.03563898012710072,0.007975503176880278,0.0231,0.003,0.0125,0.005,390,286,0.3614,0.2651,-2.460934233428519,-2.1093715902432693,-0.3515626431852499,WELD_FOUND
30.599,0.021794812563763453,0.09207370058453387,0.03560586765144354,0.007983757476083372,0.0231,0.003,0.0125,0.005,392,286,0.3633,0.2651,2.4609410636176894,-2.1093715902432693,4.570312653860959,WELD_FOUND
30.65,0.021794812563763453,0.09207370058453387,0.03560586765144354,0.007983757476083372,0.0213,0.0024,0.0143,0.0056,392,286,0.3633,0.2651,2.4609410636176894,-2.1093715902432693,4.570312653860959,WELD_FOUND
30.699,0.03025191389138951,0.04207370058453387,0.03656296897906959,0.023940858803709428,0.0213,0.0024,0.0153,0.0216,395,286,0.3661,0.2651,6.679691074293397,-0.35155909468853286,7.03125016898193,WELD_FOUND
30.751,0.03025191389138951,0.04207370058453387,0.03656296897906959,0.023940858803709428,0.0239,0.0019,0.0127,0.022,395,286,0.3661,0.2651,6.679691074293397,nan,nan,NO_WELD
30.8,0.0,0.0,0.0,0.0,0.0239,0.0019,-0.0239,-0.0019,398,286,0.3689,0.2651,6.679691074293397,nan,nan,NO_WELD
30.85,0.0,0.0,0.0,0.0,0.0254,0.0015,-0.0254,-0.0015,398,286,0.3689,0.2651,6.679691074293397,nan,nan,NO_WELD
30.899,0.013467452376156715,-0.05,0.005967452376156715,0.020967452376156714,0.0254,0.0015,-0.0195,0.0194,402,286,0.3726,0.2651,4.921878712140794,4.921878712140794,0.0,WELD_FOUND
30.95,0.013467452376156715,-0.05,0.005967452376156715,0.020967452376156714,0.0254,0.0015,-0.0195,0.0194,402,286,0.3726,0.2651,5.97656621480972,4.921878712140794,1.0546875026689264,WELD_FOUND
31.0,0.008339283110272435,-0.1,-0.006660716889727565,0.023339283110272432,0.0252,0.0012,-0.0318,0.0221,402,286,0.3726,0.2651,5.97656621480972,5.449222250031846,0.5273439647778746,WELD_FOUND
31.05,0.008339283110272435,-0.1,-0.006660716889727565,0.023339283110272432,0.0252,0.0012,-0.0318,0.0221,402,286,0.3726,0.2651,4.921878712140794,5.449222250031846,-0.5273435378910518,WELD_FOUND
31.102,0.008886134407953812,-0.15000000000000002,-0.013613865592046191,0.03138613440795381,0.0201,0.0012,-0.0337,0.0302,402,286,0.3726,0.2651,4.921878712140794,4.921878712140794,0.0,WELD_FOUND
31.15,0.008886134407953812,-0.15000000000000002,-0.013613865592046191,0.03138613440795381,0.0201,0.0,-0.0337,0.0314,402,286,0.3726,0.2651,4.5703160689555435,4.921878712140794,-0.3515626431852503,WELD_FOUND
31.2,0.008997588483886073,-0.2,-0.021002411516113928,0.03899758848388607,0.0201,0.0,-0.0411,0.039,403,286,0.3735,0.2651,4.5703160689555435,4.921878712140794,-0.3515626431852503,WELD_FOUND
31.25,0.008997588483886073,-0.2,-0.021002411516113928,0.03899758848388607,0.0145,0.0,-0.0355,0.039,403,286,0.3735,0.2651,4.5703160689555435,nan,nan,WELD_FOUND
31.3,0.0,0.0,0.0,0.0,0.0145,0.0,-0.0145,0.0,408,286,0.3781,0.2651,4.5703160689555435,nan,nan,NO_WELD
31.35,0.0,0.0,0.0,0.0,0.0145,0.0,-0.0145,0.0,408,286,0.3781,0.2651,5.625003571624471,nan,nan,NO_WELD
31.399,0.0071318151071906736,-0.05,-0.00036818489280932617,0.014631815107190672,0.0286,0.0025,-0.029,0.0121,411,287,0.3809,0.266,5.625003571624471,5.625003571624471,0.0,WELD_FOUND
31.45,0.0071318151071906736,-0.05,-0.00036818489280932617,0.014631815107190672,0.0286,0.0025,-0.029,0.0121,411,287,0.3809,0.266,4.921878712140794,5.625003571624471,-0.703124859483677,WELD_FOUND
31.499,0.007679134952977336,-0.1,-0.007320865047022664,0.022679134952977336,0.0229,-0.0022,-0.0302,0.0249,411,286,0.3809,0.2651,4.921878712140794,5.2734409284392205,-0.35156221629842666,WELD_FOUND
31.55,0.007679134952977336,-0.1,-0.007320865047022664,0.022679134952977336,0.0229,-0.0022,-0.0302,0.0249,411,286,0.3809,0.2651,5.97656621480972,5.2734409284392205,0.7031252863704998,WELD_FOUND
31.599,0.0068898442239061115,-0.15000000000000002,-0.015610155776093891,0.029389844223906114,0.0229,-0.0022,-0.0385,0.0316,411,286,0.3809,0.2651,5.97656621480972,5.625003571624471,0.35156264318524943,WELD_FOUND
31.65,0.0068898442239061115,-0.15000000000000002,-0.015610155776093891,0.029389844223906114,0.0183,-0.0018,-0.0339,0.0312,411,286,0.3809,0.2651,4.921878712140794,5.625003571624471,-0.703124859483677,WELD_FOUND
31.699,0.007628568325017679,-0.2,-0.02237143167498232,0.03762856832501768,0.0183,-0.0018,-0.0407,0.0394,411,286,0.3809,0.2651,4.921878712140794,5.2734409284392205,-0.35156221629842666,WELD_FOUND
31.75,0.007628568325017679,-0.2,-0.02237143167498232,0.03762856832501768,0.0146,-0.0014,-0.037,0.039,411,286,0.3809,0.2651,5.625003571624471,5.2734409284392205,0.3515626431852503,WELD_FOUND
31.799,0.006880252249105796,-0.24908318228518092,-0.030482225093671343,0.04424272959188293,0.0146,-0.0014,-0.0451,0.0457,412,286,0.3818,0.2651,5.625003571624471,5.625003571624471,0.0,WELD_FOUND
31.849,0.0,0.0,0.0,0.0,0.0146,-0.0014,-0.0146,0.0014,412,286,0.3818,0.2651,5.625003571624471,nan,nan,NO_WELD
31.899,0.0,0.0,0.0,0.0,0.0137,-0.0011,-0.0137,0.0011,413,286,0.3828,0.2651,5.625003571624471,nan,nan,NO_WELD
31.95,0.0,0.0,0.0,0.0,0.0137,-0.0011,-0.0137,0.0011,413,286,0.3828,0.2651,4.5703160689555435,4.5703160689555435,0.0,WELD_FOUND
32.0,0.009575312383682316,-0.05,0.002075312383682316,0.017075312383682317,0.011,0.0,-0.0089,0.0171,413,286,0.3828,0.2651,4.5703160689555435,4.5703160689555435,0.0,WELD_FOUND
32.049,0.009575312383682316,-0.05,0.002075312383682316,0.017075312383682317,0.011,0.0,-0.0089,0.0171,413,286,0.3828,0.2651,4.5703160689555435,nan,nan,NO_WELD
32.101,0.0,0.0,0.0,0.0,0.011,0.0,-0.011,0.0,413,286,0.3828,0.2651,4.5703160689555435,nan,nan,NO_WELD
32.15,0.0,0.0,0.0,0.0,0.0088,0.0,-0.0088,0.0,413,286,0.3828,0.2651,4.5703160689555435,nan,nan,NO_WELD
32.2,0.0,0.0,0.0,0.0,0.0088,0.0,-0.0088,0.0,413,286,0.3828,0.2651,4.5703160689555435,nan,nan,NO_WELD
32.25,0.0,0.0,0.0,0.0,0.0088,0.0,-0.0088,0.0,413,286,0.3828,0.2651,4.5703160689555435,nan,nan,NO_WELD
32.299,0.0,0.0,0.0,0.0,0.007,0.0,-0.007,0.0,413,286,0.3828,0.2651,4.5703160689555435,nan,nan,NO_WELD
32.35,0.0,0.0,0.0,0.0,0.007,0.0,-0.007,0.0,413,286,0.3828,0.2651,4.5703160689555435,nan,nan,NO_WELD
32.399,0.0,0.0,0.0,0.0,0.007,0.0,-0.007,0.0,413,286,0.3828,0.2651,4.5703160689555435,nan,nan,NO_WELD
32.45,0.0,0.0,0.0,0.0,0.0056,0.0,-0.0056,0.0,413,286,0.3828,0.2651,4.5703160689555435,nan,nan,NO_WELD
32.499,0.0,0.0,0.0,0.0,0.0056,0.0,-0.0056,0.0,413,286,0.3828,0.2651,4.5703160689555435,nan,nan,NO_WELD
32.549,0.0,0.0,0.0,0.0,0.0045,0.0,-0.0045,0.0,413,286,0.3828,0.2651,-2.460934233428519,nan,nan,NO_WELD
32.6,0.0,0.0,0.0,0.0,0.0045,0.0,-0.0045,0.0,413,286,0.3828,0.2651,-2.460934233428519,nan,nan,NO_WELD
32.65,0.0,0.0,0.0,0.0,0.0036,0.0,-0.0036,0.0,413,286,0.3828,0.2651,-2.460934233428519,nan,nan,NO_WELD
32.7,0.0,0.0,0.0,0.0,0.0036,0.0,-0.0036,0.0,413,286,0.3828,0.2651,-2.460934233428519,nan,nan,NO_WELD
32.75,0.0,0.0,0.0,0.0,0.0036,0.0,-0.0036,0.0,413,286,0.3828,0.2651,-1.0546840875743422,nan,nan,NO_WELD
32.8,0.0,0.0,0.0,0.0,0.0029,0.0,-0.0029,0.0,413,286,0.3828,0.2651,-1.0546840875743422,-1.0546840875743422,0.0,WELD_FOUND
32.85,0.0,0.0,0.0,0.0,0.0029,0.0,-0.0029,0.0,413,286,0.3828,0.2651,-1.0546840875743422,-1.0546840875743422,0.0,WELD_FOUND
32.899,0.02800653687058349,0.049085701657754444,0.035369392119246654,0.020643681621920325,0.0029,0.0,0.0325,0.0206,413,286,0.3828,0.2651,-1.0546840875743422,-1.0546840875743422,0.0,WELD_FOUND
32.949,0.02800653687058349,0.049085701657754444,0.035369392119246654,0.020643681621920325,0.0023,0.0,0.0331,0.0206,413,286,0.3828,0.2651,-3.5156217360974464,-1.0546840875743422,-2.460937648523104,WELD_FOUND
32.999,0.02800653687058349,0.04601927474141121,0.034909428081795174,0.021103645659371808,0.0023,0.0,0.0326,0.0211,414,286,0.3837,0.2651,-3.5156217360974464,-1.0546840875743422,-2.460937648523104,WELD_FOUND
33.05,0.02800653687058349,0.04601927474141121,0.034909428081795174,0.021103645659371808,0.0051,0.0,0.0298,0.0211,414,286,0.3837,0.2651,-3.5156217360974464,-2.285152911835894,-1.2304688242615525,WELD_FOUND
33.101,0.02218180274282901,0.09601927474141121,0.036584693954040695,0.0077789115316173295,0.0051,0.0,0.0315,0.0078,418,286,0.3874,0.2651,-3.5156217360974464,-2.285152911835894,-1.2304688242615525,WELD_FOUND
33.15,0.02218180274282901,0.09601927474141121,0.036584693954040695,0.0077789115316173295,0.0051,0.0,0.0315,0.0078,418,286,0.3874,0.2651,-3.8671843792826963,-2.285152911835894,-1.5820314674468023,WELD_FOUND
33.2,0.01608747248353398,0.14601927474141121,0.03799036369474566,-0.005815418727677702,0.0204,0.0,0.0176,-0.0058,421,286,0.3902,0.2651,-3.8671843792826963,-3.5156217360974464,-0.3515626431852499,WELD_FOUND
33.25,0.01608747248353398,0.14601927474141121,0.03799036369474566,-0.005815418727677702,0.0204,0.0,0.0176,-0.0058,421,286,0.3902,0.2651,-3.5156217360974464,-3.5156217360974464,0.0,WELD_FOUND
33.3,0.014985815977072688,0.15703406155166036,0.03854092520982174,-0.008569293255676366,0.0196,0.0,0.0189,-0.0086,423,286,0.392,0.2651,-3.5156217360974464,-3.5156217360974464,0.0,WELD_FOUND
33.35,0.014985815977072688,0.15703406155166036,0.03854092520982174,-0.008569293255676366,0.0196,0.0,0.0189,-0.0086,423,286,0.392,0.2651,-3.5156217360974464,-3.5156217360974464,0.0,WELD_FOUND
33.4,0.014770173057596337,0.1541128129244254,0.03788709499626015,-0.008346748881067475,0.0196,0.0,0.0182,-0.0083,426,286,0.3948,0.2651,-3.5156217360974464,-3.5156217360974464,0.0,WELD_FOUND
33.45,0.014770173057596337,0.1541128129244254,0.03788709499626015,-0.008346748881067475,0.0192,0.0,0.0187,-0.0083,426,286,0.3948,0.2651,-3.164059092912196,-3.5156217360974464,0.3515626431852503,WELD_FOUND
33.499,0.014727232008973707,0.15354273528769327,0.03775864230212769,-0.008304178284180282,0.0192,0.0,0.0186,-0.0083,430,286,0.3985,0.2651,-3.164059092912196,-3.5156217360974464,0.3515626431852503,WELD_FOUND
33.55,0.014727232008973707,0.15354273528769327,0.03775864230212769,-0.008304178284180282,0.0192,0.0,0.0186,-0.0083,430,286,0.3985,0.2651,-1.7578091605014305,-3.5156217360974464,1.757812575596016,WELD_FOUND
33.599,0.014718651300660083,0.1534277015705193,0.03773280653623798,-0.008295503934917813,0.0239,0.0,0.0138,-0.0083,431,286,0.3994,0.2651,-1.7578091605014305,-3.5156217360974464,1.757812575596016,WELD_FOUND
33.649,0.014718651300660083,0.1534277015705193,0.03773280653623798,-0.008295503934917813,0.0239,0.0,0.0138,-0.0083,431,286,0.3994,0.2651,-1.7578091605014305,nan,nan,NO_WELD
33.699,0.0,0.0,0.0,0.0,0.0239,0.0,-0.0239,0.0,433,286,0.4013,0.2651,-1.7578091605014305,nan,nan,NO_WELD
33.75,0.0,0.0,0.0,0.0,0.0193,0.0,-0.0193,0.0,433,286,0.4013,0.2651,-1.7578091605014305,nan,nan,NO_WELD
33.8,0.0,0.0,0.0,0.0,0.0193,0.0,-0.0193,0.0,433,286,0.4013,0.2651,-1.7578091605014305,nan,nan,NO_WELD
33.85,0.0,0.0,0.0,0.0,0.0154,0.0,-0.0154,0.0,433,286,0.4013,0.2651,-1.7578091605014305,nan,nan,NO_WELD
33.9,0.0,0.0,0.0,0.0,0.0154,0.0,-0.0154,0.0,433,286,0.4013,0.2651,-1.7578091605014305,nan,nan,NO_WELD
33.95,0.0,0.0,0.0,0.0,0.0123,0.0,-0.0123,0.0,433,286,0.4013,0.2651,-1.7578091605014305,nan,nan,NO_WELD
33.999,0.0,0.0,0.0,0.0,0.0123,0.0,-0.0123,0.0,433,286,0.4013,0.2651,-1.7578091605014305,nan,nan,NO_WELD
34.049,0.0,0.0,0.0,0.0,0.0123,0.0,-0.0123,0.0,433,286,0.4013,0.2651,-1.7578091605014305,nan,nan,NO_WELD
34.101,0.0,0.0,0.0,0.0,0.0099,0.0,-0.0099,0.0,433,286,0.4013,0.2651,-1.7578091605014305,nan,nan,NO_WELD
34.149,0.0,0.0,0.0,0.0,0.0099,0.0,-0.0099,0.0,433,286,0.4013,0.2651,5.2734409284392205,nan,nan,NO_WELD
34.199,0.0,0.0,0.0,0.0,0.0099,0.0,-0.0099,0.0,433,286,0.4013,0.2651,5.2734409284392205,nan,nan,NO_WELD
34.249,0.0,0.0,0.0,0.0,0.0079,0.0,-0.0079,0.0,433,286,0.4013,0.2651,1.054690917763512,nan,nan,NO_WELD
34.3,0.0,0.0,0.0,0.0,0.0079,0.0,-0.0079,0.0,433,286,0.4013,0.2651,1.054690917763512,nan,nan,NO_WELD
34.35,0.0,0.0,0.0,0.0,0.0079,0.0,-0.0079,0.0,433,286,0.4013,0.2651,1.054690917763512,nan,nan,NO_WELD
34.399,0.009025560534973096,-0.05,0.0015255605349730958,0.016525560534973095,0.0063,0.0,-0.0048,0.0165,433,286,0.4013,0.2651,4.921878712140794,4.921878712140794,0.0,WELD_FOUND
34.45,0.009025560534973096,-0.05,0.0015255605349730958,0.016525560534973095,0.0063,0.0,-0.0048,0.0165,433,286,0.4013,0.2651,4.921878712140794,4.921878712140794,0.0,WELD_FOUND
34.5,0.007588220875694576,-0.1,-0.007411779124305424,0.022588220875694575,0.0051,0.0,-0.0125,0.0226,433,286,0.4013,0.2651,5.97656621480972,5.449222250031846,0.5273439647778746,WELD_FOUND
34.55,0.007588220875694576,-0.1,-0.007411779124305424,0.022588220875694575,0.0051,0.0,-0.0125,0.0226,433,286,0.4013,0.2651,5.97656621480972,5.449222250031846,0.5273439647778746,WELD_FOUND
34.6,0.006872580736243652,-0.15000000000000002,-0.01562741926375635,0.029372580736243655,0.0051,0.0,-0.0207,0.0294,433,286,0.4013,0.2651,5.625003571624471,5.625003571624471,0.0,WELD_FOUND
34.65,0.006872580736243652,-0.15000000000000002,-0.01562741926375635,0.029372580736243655,0.004,0.0,-0.0197,0.0294,433,286,0.4013,0.2651,5.625003571624471,5.625003571624471,0.0,WELD_FOUND
34.7,0.0,0.0,0.0,0.0,0.004,0.0,-0.004,0.0,433,286,0.4013,0.2651,5.625003571624471,nan,nan,NO_WELD
34.75,0.0,0.0,0.0,0.0,0.004,0.0,-0.004,0.0,433,286,0.4013,0.2651,5.625003571624471,nan,nan,NO_WELD
34.8,0.00589784816114048,-0.05,-0.0016021518388595196,0.01339784816114048,0.0049,0.0,-0.0065,0.0134,434,286,0.4022,0.2651,5.97656621480972,5.97656621480972,0.0,WELD_FOUND
34.85,0.00589784816114048,-0.05,-0.0016021518388595196,0.01339784816114048,0.0049,0.0,-0.0065,0.0134,434,286,0.4022,0.2651,5.97656621480972,5.97656621480972,0.0,WELD_FOUND
34.9,0.00653485347832306,-0.1,-0.00846514652167694,0.02153485347832306,0.0049,0.0,-0.0134,0.0215,433,286,0.4013,0.2651,5.2734409284392205,5.625003571624471,-0.3515626431852503,WELD_FOUND
34.95,0.00653485347832306,-0.1,-0.00846514652167694,0.02153485347832306,0.0005,0.0,-0.0089,0.0215,433,286,0.4013,0.2651,5.2734409284392205,5.625003571624471,-0.3515626431852503,WELD_FOUND
35.0,0.007553060739358913,-0.15000000000000002,-0.01494693926064109,0.030053060739358914,0.0005,0.0,-0.0154,0.0301,435,286,0.4031,0.2651,1.054690917763512,5.2734409284392205,-4.218750010675708,WELD_FOUND
35.049,0.007553060739358913,-0.15000000000000002,-0.01494693926064109,0.030053060739358914,0.0077,0.0,-0.0226,0.0301,435,286,0.4031,0.2651,1.054690917763512,5.2734409284392205,-4.218750010675708,WELD_FOUND
35.102,0.0,0.0,0.0,0.0,0.0077,0.0,-0.0077,0.0,438,286,0.4059,0.2651,1.054690917763512,nan,nan,NO_WELD
35.15,0.0,0.0,0.0,0.0,0.0077,0.0,-0.0077,0.0,438,286,0.4059,0.2651,1.054690917763512,nan,nan,NO_WELD
35.2,0.026174777056034503,-0.0065370643209979665,0.025194217407884807,0.0271553367041842,0.0145,0.0,0.0107,0.0272,439,286,0.4069,0.2651,0.35156592487770283,0.35156592487770283,0.0,WELD_FOUND
35.25,0.026174777056034503,-0.0065370643209979665,0.025194217407884807,0.0271553367041842,0.0145,0.0,0.0107,0.0272,439,286,0.4069,0.2651,0.35156592487770283,0.35156592487770283,0.0,WELD_FOUND
35.299,0.035,0.0,0.035,0.035,0.0161,0.0,0.0189,0.035,441,286,0.4087,0.2651,-0.7031216044716506,-0.17577783979697392,-0.5273437646746767,WELD_FOUND
35.349,0.035,0.0,0.035,0.035,0.0161,0.0,0.0189,0.035,441,286,0.4087,0.2651,-0.7031216044716506,-0.17577783979697392,-0.5273437646746767,WELD_FOUND
35.4,0.035,0.0,0.035,0.035,0.0161,0.0,0.0189,0.035,445,286,0.4124,0.2651,3.4150945850063755e-06,3.4150945850063755e-06,0.0,WELD_FOUND
35.45,0.035,0.0,0.035,0.035,0.0196,0.0,0.0154,0.035,445,286,0.4124,0.2651,3.4150945850063755e-06,3.4150945850063755e-06,0.0,WELD_FOUND
35.5,0.035,0.0,0.035,0.035,0.0196,0.0,0.0154,0.035,450,286,0.417,0.2651,0.7031284346608206,0.17578466998614392,0.5273437646746767,WELD_FOUND
35.55,0.035,0.0,0.035,0.035,0.0196,0.0,0.0154,0.035,450,286,0.417,0.2651,0.7031284346608206,0.17578466998614392,0.5273437646746767,WELD_FOUND
35.6,0.035,0.0,0.035,0.035,0.0364,0.0074,-0.0014,0.0276,455,289,0.4217,0.2678,-0.35155909468853286,3.4150945850063755e-06,-0.35156250978311787,WELD_FOUND
35.65,0.035,0.0,0.035,0.035,0.0364,0.0074,-0.0014,0.0276,455,289,0.4217,0.2678,-0.35155909468853286,3.4150945850063755e-06,-0.35156250978311787,WELD_FOUND
35.7,0.035,0.0,0.035,0.035,0.0364,0.0074,-0.0014,0.0276,460,294,0.4263,0.2725,0.35156592487770283,3.4150945850063755e-06,0.3515625097831178,WELD_FOUND
35.75,0.035,0.0,0.035,0.035,0.0342,0.0168,0.0008,0.0182,460,294,0.4263,0.2725,0.35156592487770283,3.4150945850063755e-06,0.3515625097831178,WELD_FOUND
35.8,0.033050976633722334,-0.019884904190246924,0.030068241005185296,0.036033712262259376,0.0342,0.0168,-0.0042,0.0192,464,298,0.43,0.2762,0.35156592487770283,0.35156592487770283,0.0,WELD_FOUND
35.85,0.033050976633722334,-0.019884904190246924,0.030068241005185296,0.036033712262259376,0.0354,0.0249,-0.0053,0.0111,464,298,0.43,0.2762,0.35156592487770283,0.35156592487770283,0.0,WELD_FOUND
35.9,0.0,0.0,0.0,0.0,0.0354,0.0249,-0.0354,-0.0249,468,303,0.4337,0.2808,0.35156592487770283,nan,nan,NO_WELD
35.95,0.0,0.0,0.0,0.0,0.0354,0.0249,-0.0354,-0.0249,468,303,0.4337,0.2808,0.35156592487770283,nan,nan,NO_WELD
36.0,0.013835387282501914,-0.05,0.006335387282501914,0.021335387282501915,0.0336,0.0322,-0.0272,-0.0109,469,305,0.4347,0.2827,4.5703160689555435,4.5703160689555435,0.0,WELD_FOUND
36.05,0.013835387282501914,-0.05,0.006335387282501914,0.021335387282501915,0.0336,0.0322,-0.0272,-0.0109,469,305,0.4347,0.2827,4.5703160689555435,4.5703160689555435,0.0,WELD_FOUND
36.102,0.00888597379564781,-0.1,-0.0061140262043521895,0.02388597379564781,0.0336,0.0322,-0.0397,-0.0084,469,305,0.4347,0.2827,5.97656621480972,5.2734409284392205,0.7031252863704998,WELD_FOUND
36.15,0.00888597379564781,-0.1,-0.0061140262043521895,0.02388597379564781,0.0269,0.0258,-0.033,-0.0019,469,305,0.4347,0.2827,5.97656621480972,5.2734409284392205,0.7031252863704998,WELD_FOUND
36.2,0.010023445047384007,-0.15000000000000002,-0.012476554952615996,0.03252344504738401,0.0269,0.0258,-0.0393,0.0067,469,305,0.4347,0.2827,4.5703160689555435,4.5703160689555435,0.0,WELD_FOUND
36.25,0.010023445047384007,-0.15000000000000002,-0.012476554952615996,0.03252344504738401,0.0269,0.0258,-0.0393,0.0067,469,305,0.4347,0.2827,4.5703160689555435,4.5703160689555435,0.0,WELD_FOUND
36.3,0.01025915750947917,-0.1984411916822037,-0.019507021242851384,0.04002533626180972,0.0215,0.0179,-0.041,0.0221,469,306,0.4347,0.2836,4.5703160689555435,4.5703160689555435,0.0,WELD_FOUND
36.35,0.01025915750947917,-0.1984411916822037,-0.019507021242851384,0.04002533626180972,0.0215,0.0179,-0.041,0.0221,469,306,0.4347,0.2836,4.5703160689555435,4.5703160689555435,0.0,WELD_FOUND
36.399,0.010306628730368118,-0.1992316088887927,-0.019578112602950788,0.040191370063687025,0.0166,0.0144,-0.0362,0.0258,470,306,0.4356,0.2836,3.4150945850063755e-06,4.5703160689555435,-4.570312653860959,WELD_FOUND
36.45,0.010306628730368118,-0.1992316088887927,-0.019578112602950788,0.040191370063687025,0.0166,0.0144,-0.0362,0.0258,470,306,0.4356,0.2836,3.4150945850063755e-06,4.5703160689555435,-4.570312653860959,WELD_FOUND
36.5,0.010316136123684708,-0.1993791603018004,-0.01959073792158535,0.04022301016895477,0.0166,0.0144,-0.0362,0.0259,471,306,0.4365,0.2836,-1.7578091605014305,4.5703160689555435,-6.328125229456974,WELD_FOUND
36.55,0.010316136123684708,-0.1993791603018004,-0.01959073792158535,0.04022301016895477,0.0124,0.0115,-0.032,0.0287,471,306,0.4365,0.2836,-1.7578091605014305,4.5703160689555435,-6.328125229456974,WELD_FOUND
36.599,0.035,0.0,0.035,0.035,0.0124,0.0115,0.0226,0.0235,471,306,0.4365,0.2836,-1.0546840875743422,3.4150945850063755e-06,-1.054687502668927,WELD_FOUND
36.65,0.035,0.0,0.035,0.035,0.0099,0.0115,0.0251,0.0235,471,306,0.4365,0.2836,-1.0546840875743422,3.4150945850063755e-06,-1.054687502668927,WELD_FOUND
36.7,0.030526516868636954,0.04591556227742244,0.03741385121025032,0.02363918252702359,0.0099,0.0092,0.0275,0.0144,474,306,0.4393,0.2836,-2.460934233428519,-1.0546840875743422,-1.406250145854177,WELD_FOUND
36.75,0.030526516868636954,0.04591556227742244,0.03741385121025032,0.02363918252702359,0.0099,0.0092,0.0275,0.0144,474,306,0.4393,0.2836,-2.460934233428519,-1.0546840875743422,-1.406250145854177,WELD_FOUND
36.8,0.025059363496683376,0.09009815356954033,0.03857408653211443,0.011544640461252326,0.0257,0.0074,0.0128,0.0042,479,306,0.4439,0.2836,-3.164059092912196,-1.7578091605014305,-1.4062499324107656,WELD_FOUND
36.85,0.025059363496683376,0.09009815356954033,0.03857408653211443,0.011544640461252326,0.0257,0.0074,0.0128,0.0042,479,306,0.4439,0.2836,-3.164059092912196,-1.7578091605014305,-1.4062499324107656,WELD_FOUND
36.9,0.0208787193602336,0.11839315055104509,0.038637691942890365,0.0031197467775768394,0.0257,0.0074,0.0129,-0.0042,482,306,0.4467,0.2836,-2.460934233428519,-2.460934233428519,0.0,WELD_FOUND
36.949,0.0208787193602336,0.11839315055104509,0.038637691942890365,0.0031197467775768394,0.0229,0.0059,0.0158,-0.0028,482,306,0.4467,0.2836,-2.460934233428519,-2.460934233428519,0.0,WELD_FOUND
37.0,0.02008834113414968,0.10959197334182647,0.036527137135423646,0.003649545132875711,0.0229,0.0059,0.0137,-0.0022,483,306,0.4476,0.2836,-2.460934233428519,-2.460934233428519,0.0,WELD_FOUND
37.05,0.02008834113414968,0.10959197334182647,0.036527137135423646,0.003649545132875711,0.0229,0.0059,0.0137,-0.0022,483,306,0.4476,0.2836,-2.460934233428519,-2.460934233428519,0.0,WELD_FOUND
37.102,0.0,0.0,0.0,0.0,0.0187,0.0047,-0.0187,-0.0047,484,306,0.4486,0.2836,-2.460934233428519,nan,nan,NO_WELD
37.15,0.0,0.0,0.0,0.0,0.0187,0.0047,-0.0187,-0.0047,484,306,0.4486,0.2836,-2.460934233428519,nan,nan,NO_WELD
37.2,0.024638385503776897,0.05,0.0321383855037769,0.017138385503776898,0.0186,0.0038,0.0135,0.0134,486,306,0.4504,0.2836,-1.4062466240378864,-1.4062466240378864,0.0,WELD_FOUND
37.25,0.024638385503776897,0.05,0.0321383855037769,0.017138385503776898,0.0186,0.0038,0.0135,0.0134,486,306,0.4504,0.2836,-1.4062466240378864,-1.4062466240378864,0.0,WELD_FOUND
37.299,0.023140555697111764,0.08827312935047112,0.036381525099682434,0.009899586294541097,0.0149,0.003,0.0215,0.0069,487,306,0.4513,0.2836,-2.460934233428519,-1.9335904820940557,-0.5273437513344634,WELD_FOUND
37.35,0.023140555697111764,0.08827312935047112,0.036381525099682434,0.009899586294541097,0.0149,0.003,0.0215,0.0069,487,306,0.4513,0.2836,-2.460934233428519,-1.9335904820940557,-0.5273437513344634,WELD_FOUND
37.4,0.025294855088341048,0.055796893286615246,0.03366438908133333,0.016925321095348764,0.0149,0.003,0.0188,0.0139,491,306,0.455,0.2836,-1.4062466240378864,-1.4062466240378864,0.0,WELD_FOUND
37.45,0.025294855088341048,0.055796893286615246,0.03366438908133333,0.016925321095348764,0.0188,0.0024,0.0149,0.0145,491,306,0.455,0.2836,-1.4062466240378864,-1.4062466240378864,0.0,WELD_FOUND
37.5,0.02573721887257299,0.060278279803451844,0.03477896084309076,0.016695476902055213,0.0188,0.0024,0.016,0.0143,495,306,0.4588,0.2836,-1.0546840875743422,-1.4062466240378864,0.3515625364635442,WELD_FOUND
37.55,0.02573721887257299,0.060278279803451844,0.03477896084309076,0.016695476902055213,0.0261,0.0019,0.0087,0.0148,495,306,0.4588,0.2836,-1.0546840875743422,-1.4062466240378864,0.3515625364635442,WELD_FOUND
37.6,0.025826151785658818,0.06113501761931173,0.034996404428555575,0.01665589914276206,0.0261,0.0019,0.0089,0.0147,499,306,0.4625,0.2836,-0.7031216044716506,-1.4062466240378864,0.7031250195662357,WELD_FOUND
37.65,0.025826151785658818,0.06113501761931173,0.034996404428555575,0.01665589914276206,0.0261,0.0019,0.0089,0.0147,499,306,0.4625,0.2836,-0.7031216044716506,-1.4062466240378864,0.7031250195662357,WELD_FOUND
37.7,0.02756339198372833,0.04168549524203181,0.0338162162700331,0.02131056769742356,0.0354,0.0015,-0.0016,0.0198,503,306,0.4662,0.2836,0.35156592487770283,-1.0546840875743422,1.406250012452045,WELD_FOUND
37.75,0.02756339198372833,0.04168549524203181,0.0338162162700331,0.02131056769742356,0.0354,0.0015,-0.0016,0.0198,503,306,0.4662,0.2836,0.35156592487770283,-1.0546840875743422,1.406250012452045,WELD_FOUND
37.8,0.029703622010450244,0.025451141865903956,0.03352129329033584,0.025885950730564652,0.0354,0.0015,-0.0019,0.0243,506,306,0.4689,0.2836,1.054690917763512,-0.7031216044716506,1.7578125222351626,WELD_FOUND
37.85,0.029703622010450244,0.025451141865903956,0.03352129329033584,0.025885950730564652,0.0287,0.0012,0.0048,0.0247,506,306,0.4689,0.2836,1.054690917763512,-0.7031216044716506,1.7578125222351626,WELD_FOUND
37.9,0.035,0.0,0.035,0.035,0.0287,0.0012,0.0063,0.0338,510,306,0.4727,0.2836,4.921878712140794,0.35156592487770283,4.570312787263091,WELD_FOUND
37.95,0.035,0.0,0.035,0.035,0.0287,0.0012,0.0063,0.0338,510,306,0.4727,0.2836,4.921878712140794,0.35156592487770283,4.570312787263091,WELD_FOUND
38.0,0.0,0.0,0.0,0.0,0.0394,0.0,-0.0394,0.0,515,306,0.4773,0.2836,4.921878712140794,nan,nan,NO_WELD
38.049,0.0,0.0,0.0,0.0,0.0394,0.0,-0.0394,0.0,515,306,0.4773,0.2836,4.921878712140794,nan,nan,NO_WELD
38.102,0.011598062339127935,-0.05,0.004098062339127935,0.019098062339127933,0.0422,0.0,-0.0381,0.0191,520,306,0.4819,0.2836,5.2734409284392205,5.2734409284392205,0.0,WELD_FOUND
38.15,0.011598062339127935,-0.05,0.004098062339127935,0.019098062339127933,0.0422,0.0,-0.0381,0.0191,520,306,0.4819,0.2836,5.2734409284392205,5.2734409284392205,0.0,WELD_FOUND
38.2,0.005851393475616672,-0.1,-0.009148606524383329,0.02085139347561667,0.0338,0.0,-0.0429,0.0209,520,306,0.4819,0.2836,7.382816360663898,6.328128431108148,1.05468792955575,WELD_FOUND
38.249,0.005851393475616672,-0.1,-0.009148606524383329,0.02085139347561667,0.0338,0.0,-0.0429,0.0209,520,306,0.4819,0.2836,7.382816360663898,6.328128431108148,1.05468792955575,WELD_FOUND
38.3,0.006525058002499248,-0.15000000000000002,-0.015974941997500755,0.02902505800249925,0.0338,0.0,-0.0497,0.029,524,306,0.4856,0.2836,5.625003571624471,5.625003571624471,0.0,WELD_FOUND
38.35,0.006525058002499248,-0.15000000000000002,-0.015974941997500755,0.02902505800249925,0.0301,0.0,-0.0461,0.029,524,306,0.4856,0.2836,5.625003571624471,5.625003571624471,0.0,WELD_FOUND
38.4,0.00710065274327495,-0.2,-0.022899347256725048,0.037100652743274946,0.0301,0.0,-0.053,0.0371,527,306,0.4884,0.2836,1.4062534542270564,5.449222250031846,-4.042968795804789,WELD_FOUND
38.45,0.00710065274327495,-0.2,-0.022899347256725048,0.037100652743274946,0.0292,0.0,-0.0521,0.0371,527,306,0.4884,0.2836,1.4062534542270564,5.449222250031846,-4.042968795804789,WELD_FOUND
38.499,0.007672662034388703,-0.22733949219449426,-0.026428261794785433,0.04177358586356284,0.0292,0.0,-0.0556,0.0418,529,306,0.4903,0.2836,0.7031284346608206,5.2734409284392205,-4.5703124937784,WELD_FOUND
38.55,0.007672662034388703,-0.22733949219449426,-0.026428261794785433,0.04177358586356284,0.0292,0.0,-0.0556,0.0418,529,306,0.4903,0.2836,0.7031284346608206,5.2734409284392205,-4.5703124937784,WELD_FOUND
38.599,0.021356364012527676,-0.17733949219449424,-0.005244559816646458,0.04795728784170181,0.0249,0.0,-0.0302,0.048,530,306,0.4912,0.2836,-1.4062466240378864,1.4062534542270564,-2.812500078264943,WELD_FOUND
38.65,0.021356364012527676,-0.17733949219449424,-0.005244559816646458,0.04795728784170181,0.0249,0.0,-0.0302,0.048,530,306,0.4912,0.2836,-1.4062466240378864,1.4062534542270564,-2.812500078264943,WELD_FOUND
38.7,0.028348613879567823,-0.12733949219449425,0.009247690050393685,0.04744953770874196,0.0249,0.0,-0.0157,0.0474,531,306,0.4921,0.2836,-2.460934233428519,0.7031284346608206,-3.16406266808934,WELD_FOUND
38.75,0.028348613879567823,-0.12733949219449425,0.009247690050393685,0.04744953770874196,0.0174,0.0,-0.0082,0.0474,531,306,0.4921,0.2836,-2.460934233428519,0.7031284346608206,-3.16406266808934,WELD_FOUND
38.8,0.028824765445107012,-0.07733949219449425,0.017223841615932878,0.04042568927428115,0.0174,0.0,-0.0002,0.0404,532,306,0.493,0.2836,-2.460934233428519,-1.4062466240378864,-1.0546876093906328,WELD_FOUND
38.85,0.028824765445107012,-0.07733949219449425,0.017223841615932878,0.04042568927428115,0.0174,0.0,-0.0002,0.0404,532,306,0.493,0.2836,-2.460934233428519,-1.4062466240378864,-1.0546876093906328,WELD_FOUND
38.9,0.021547339329332026,-0.027339492194494247,0.017446415500157887,0.025648263158506164,0.0203,0.0025,-0.0029,0.0232,535,307,0.4958,0.2845,-5.273434098250051,-2.460934233428519,-2.8124998648215316,WELD_FOUND
38.95,0.021547339329332026,-0.027339492194494247,0.017446415500157887,0.025648263158506164,0.0203,0.0025,-0.0029,0.0232,535,307,0.4958,0.2845,-5.273434098250051,-2.460934233428519,-2.8124998648215316,WELD_FOUND
38.999,0.0,0.0,0.0,0.0,0.0203,0.0025,-0.0203,-0.0025,537,310,0.4977,0.2873,-5.273434098250051,nan,nan,NO_WELD
39.049,0.0,0.0,0.0,0.0,0.0172,0.0089,-0.0172,-0.0089,537,310,0.4977,0.2873,-5.273434098250051,nan,nan,NO_WELD
39.101,0.0,0.0,0.0,0.0,0.0172,0.0089,-0.0172,-0.0089,537,311,0.4977,0.2882,-5.273434098250051,nan,nan,NO_WELD
39.149,0.0,0.0,0.0,0.0,0.0137,0.009,-0.0137,-0.009,537,311,0.4977,0.2882,-5.273434098250051,nan,nan,NO_WELD
39.199,0.020218686711145913,0.05,0.027718686711145912,0.012718686711145913,0.0137,0.009,0.014,0.0037,537,311,0.4977,0.2882,-2.460934233428519,-2.460934233428519,0.0,WELD_FOUND
39.249,0.020218686711145913,0.05,0.027718686711145912,0.012718686711145913,0.0137,0.009,0.014,0.0037,537,311,0.4977,0.2882,-2.460934233428519,-2.460934233428519,0.0,WELD_FOUND
39.299,0.019958029491707444,0.1,0.03495802949170744,0.004958029491707445,0.0107,0.0079,0.0243,-0.0029,538,312,0.4986,0.2892,-2.460934233428519,-2.460934233428519,0.0,WELD_FOUND
39.349,0.019958029491707444,0.1,0.03495802949170744,0.004958029491707445,0.0107,0.0079,0.0243,-0.0029,538,312,0.4986,0.2892,-2.460934233428519,-2.460934233428519,0.0,WELD_FOUND
39.399,0.019906100979987695,0.10752905482454797,0.03603545920366989,0.0037767427563055005,0.0107,0.0079,0.0253,-0.0041,538,312,0.4986,0.2892,-0.35155909468853286,-2.460934233428519,2.109375138739986,WELD_FOUND
39.45,0.019906100979987695,0.10752905482454797,0.03603545920366989,0.0037767427563055005,0.0086,0.0063,0.0275,-0.0025,538,312,0.4986,0.2892,-0.35155909468853286,-2.460934233428519,2.109375138739986,WELD_FOUND
39.499,0.023779634578970293,0.058155091868214256,0.032502898359202434,0.015056370798738155,0.0086,0.0063,0.0239,0.0087,538,312,0.4986,0.2892,-0.7031216044716506,-1.5820278389088056,0.878906234437155,WELD_FOUND
39.55,0.023779634578970293,0.058155091868214256,0.032502898359202434,0.015056370798738155,0.0086,0.0063,0.0239,0.0087,538,312,0.4986,0.2892,-0.7031216044716506,-1.5820278389088056,0.878906234437155,WELD_FOUND
39.6,0.023777365655982853,0.07670470140311021,0.035283070866449384,0.012271660445516322,0.0101,0.0137,0.0252,-0.0014,540,316,0.5005,0.2929,-1.7578091605014305,-1.7578091605014305,0.0,WELD_FOUND
39.65,0.023777365655982853,0.07670470140311021,0.035283070866449384,0.012271660445516322,0.0101,0.0137,0.0252,-0.0014,540,316,0.5005,0.2929,-1.7578091605014305,-1.7578091605014305,0.0,WELD_FOUND
39.699,0.0,0.0,0.0,0.0,0.0246,0.0267,-0.0246,-0.0267,545,321,0.5051,0.2975,-1.7578091605014305,nan,nan,NO_WELD
39.75,0.0,0.0,0.0,0.0,0.0246,0.0267,-0.0246,-0.0267,545,321,0.5051,0.2975,-1.7578091605014305,nan,nan,NO_WELD
39.8,0.0,0.0,0.0,0.0,0.0246,0.0267,-0.0246,-0.0267,548,323,0.5079,0.2993,-1.7578091605014305,nan,nan,NO_WELD
39.85,0.0,0.0,0.0,0.0,0.0222,0.021,-0.0222,-0.021,548,323,0.5079,0.2993,-1.7578091605014305,nan,nan,NO_WELD
39.9,0.020642283373173444,0.05,0.028142283373173444,0.013142283373173445,0.0222,0.021,0.006,-0.0078,548,323,0.5079,0.2993,-2.460934233428519,-2.460934233428519,0.0,WELD_FOUND
39.95,0.020642283373173444,0.05,0.028142283373173444,0.013142283373173445,0.0222,0.021,0.006,-0.0078,548,323,0.5079,0.2993,-2.460934233428519,-2.460934233428519,0.0,WELD_FOUND
40.0,0.0,0.0,0.0,0.0,0.0177,0.0151,-0.0177,-0.0151,548,324,0.5079,0.3003,-2.460934233428519,nan,nan,NO_WELD
40.05,0.0,0.0,0.0,0.0,0.0177,0.0151,-0.0177,-0.0151,548,324,0.5079,0.3003,-2.460934233428519,nan,nan,NO_WELD
40.102,0.020041852479980846,0.05,0.027541852479980845,0.012541852479980846,0.0143,0.0127,0.0132,-0.0002,549,325,0.5088,0.3012,-2.460934233428519,-2.460934233428519,0.0,WELD_FOUND
40.15,0.020041852479980846,0.05,0.027541852479980845,0.012541852479980846,0.0143,0.0127,0.0132,-0.0002,549,325,0.5088,0.3012,-2.460934233428519,-2.460934233428519,0.0,WELD_FOUND
40.2,0.0,0.0,0.0,0.0,0.0143,0.0127,-0.0143,-0.0127,550,325,0.5097,0.3012,-2.460934233428519,nan,nan,NO_WELD
40.25,0.0,0.0,0.0,0.0,0.0111,0.0102,-0.0111,-0.0102,550,325,0.5097,0.3012,-2.460934233428519,nan,nan,NO_WELD
40.3,0.02143587704788931,0.05,0.02893587704788931,0.01393587704788931,0.0111,0.0102,0.0179,0.0037,552,326,0.5116,0.3021,-2.1093715902432693,-2.1093715902432693,0.0,WELD_FOUND
40.35,0.02143587704788931,0.05,0.02893587704788931,0.01393587704788931,0.0111,0.0102,0.0179,0.0037,552,326,0.5116,0.3021,-2.1093715902432693,-2.1093715902432693,0.0,WELD_FOUND
40.4,0.020951766623509165,0.1,0.035951766623509164,0.005951766623509165,0.0141,0.0111,0.0219,-0.0051,553,327,0.5125,0.3031,-2.460934233428519,-2.285152911835894,-0.17578132159262516,WELD_FOUND
40.45,0.020951766623509165,0.1,0.035951766623509164,0.005951766623509165,0.0141,0.0111,0.0219,-0.0051,553,327,0.5125,0.3031,-2.460934233428519,-2.285152911835894,-0.17578132159262516,WELD_FOUND
40.5,0.020102661432586058,0.1097924502088066,0.03657152896390704,0.0036337939012650693,0.0233,0.0178,0.0133,-0.0141,557,330,0.5162,0.3058,-2.460934233428519,-2.460934233428519,0.0,WELD_FOUND
40.55,0.020102661432586058,0.1097924502088066,0.03657152896390704,0.0036337939012650693,0.0233,0.0178,0.0133,-0.0141,557,330,0.5162,0.3058,-2.460934233428519,-2.460934233428519,0.0,WELD_FOUND
40.6,0.019934948006499656,0.10785210573802133,0.03611276386720286,0.003757132145796458,0.0287,0.0254,0.0074,-0.0217,561,334,0.5199,0.3095,-2.460934233428519,-2.460934233428519,0.0,WELD_FOUND
40.65,0.019934948006499656,0.10785210573802133,0.03611276386720286,0.003757132145796458,0.0287,0.0254,0.0074,-0.0217,561,334,0.5199,0.3095,-2.460934233428519,-2.460934233428519,0.0,WELD_FOUND
40.7,0.01990148962576631,0.10747727838932068,0.036023081384164414,0.0037798978673682093,0.0287,0.0254,0.0073,-0.0217,562,334,0.5208,0.3095,-1.7578091605014305,-2.460934233428519,0.7031250729270886,WELD_FOUND
40.749,0.01990148962576631,0.10747727838932068,0.036023081384164414,0.0037798978673682093,0.0197,0.0203,0.0163,-0.0166,562,334,0.5208,0.3095,-1.7578091605014305,-2.460934233428519,0.7031250729270886,WELD_FOUND
40.8,0.019894801321798997,0.10739749145883275,0.036004425040623914,0.0037851776029740845,0.0197,0.0203,0.0163,-0.0166,563,335,0.5218,0.3105,-1.0546840875743422,-2.460934233428519,1.406250145854177,WELD_FOUND
40.85,0.019894801321798997,0.10739749145883275,0.036004425040623914,0.0037851776029740845,0.0155,0.0159,0.0205,-0.0121,563,335,0.5218,0.3105,-1.0546840875743422,-2.460934233428519,1.406250145854177,WELD_FOUND
40.9,0.022972738407873977,0.06785447683558458,0.03315090993321167,0.012794566882536289,0.0155,0.0159,0.0176,-0.0031,565,335,0.5236,0.3105,-1.7578091605014305,-1.7578091605014305,0.0,WELD_FOUND
40.949,0.022972738407873977,0.06785447683558458,0.03315090993321167,0.012794566882536289,0.0155,0.0159,0.0176,-0.0031,565,335,0.5236,0.3105,-1.7578091605014305,-1.7578091605014305,0.0,WELD_FOUND
41.0,0.02361488001088652,0.07502807759733815,0.03486909165048724,0.012360668371285797,0.0167,0.012,0.0181,0.0003,566,336,0.5246,0.3114,-2.8124966631703576,-1.7578091605014305,-1.054687502668927,WELD_FOUND
41.05,0.02361488001088652,0.07502807759733815,0.03486909165048724,0.012360668371285797,0.0167,0.012,0.0181,0.0003,566,336,0.5246,0.3114,-2.8124966631703576,-1.7578091605014305,-1.054687502668927,WELD_FOUND
41.102,0.023744370498920933,0.07636294203678053,0.03519881180443801,0.012289929193403855,0.0211,0.0146,0.0141,-0.0023,569,338,0.5273,0.3132,-2.460934233428519,-1.7578091605014305,-0.7031250729270886,WELD_FOUND
41.15,0.023744370498920933,0.07636294203678053,0.03519881180443801,0.012289929193403855,0.0211,0.0146,0.0141,-0.0023,569,338,0.5273,0.3132,-2.460934233428519,-1.7578091605014305,-0.7031250729270886,WELD_FOUND
41.2,0.023770311083225096,0.07662977123698277,0.03526477676877251,0.012275845397677681,0.0201,0.0199,0.0152,-0.0076,571,341,0.5292,0.316,-1.7578091605014305,-1.7578091605014305,0.0,WELD_FOUND
41.25,0.023770311083225096,0.07662977123698277,0.03526477676877251,0.012275845397677681,0.0201,0.0199,0.0152,-0.0076,571,341,0.5292,0.316,-1.7578091605014305,-1.7578091605014305,0.0,WELD_FOUND
41.3,0.020640968684220586,0.1157342119344606,0.038001100474389676,0.0032808368940514983,0.0201,0.0199,0.0179,-0.0166,574,342,0.532,0.317,-4.218746595581123,-2.460934233428519,-1.7578123621526043,WELD_FOUND
41.349,0.020640968684220586,0.1157342119344606,0.038001100474389676,0.0032808368940514983,0.0195,0.0144,0.0185,-0.0111,574,342,0.532,0.317,-4.218746595581123,-2.460934233428519,-1.7578123621526043,WELD_FOUND
41.4,0.020041593391214224,0.10904040516205256,0.03639765416552211,0.0036855326169063403,0.0195,0.0144,0.0169,-0.0107,576,344,0.5338,0.3188,-1.7578091605014305,-2.460934233428519,0.7031250729270886,WELD_FOUND
41.449,0.020041593391214224,0.10904040516205256,0.03639765416552211,0.0036855326169063403,0.0195,0.0144,0.0169,-0.0107,576,344,0.5338,0.3188,-1.7578091605014305,-2.460934233428519,0.7031250729270886,WELD_FOUND
41.5,0.02300423902608885,0.06795606498340978,0.03319764877360032,0.012810829278577383,0.0191,0.0136,0.0141,-0.0008,577,344,0.5347,0.3188,-1.4062466240378864,-1.7578091605014305,0.3515625364635442,WELD_FOUND
41.55,0.02300423902608885,0.06795606498340978,0.03319764877360032,0.012810829278577383,0.0191,0.0136,0.0141,-0.0008,577,344,0.5347,0.3188,-1.4062466240378864,-1.7578091605014305,0.3515625364635442,WELD_FOUND
41.6,0.0,0.0,0.0,0.0,0.0189,0.0155,-0.0189,-0.0155,579,346,0.5366,0.3207,-1.4062466240378864,nan,nan,NO_WELD
41.65,0.0,0.0,0.0,0.0,0.0189,0.0155,-0.0189,-0.0155,579,346,0.5366,0.3207,-1.4062466240378864,nan,nan,NO_WELD
41.7,0.025266316884831108,0.05,0.03276631688483111,0.01776631688483111,0.0189,0.0155,0.0139,0.0022,580,346,0.5375,0.3207,-1.4062466240378864,-1.4062466240378864,0.0,WELD_FOUND
41.75,0.025266316884831108,0.05,0.03276631688483111,0.01776631688483111,0.0138,0.0124,0.019,0.0053,580,346,0.5375,0.3207,-1.4062466240378864,-1.4062466240378864,0.0,WELD_FOUND
41.8,0.024894350067244737,0.069972146181174,0.035390171994420835,0.014398528140068636,0.0138,0.0124,0.0216,0.002,582,348,0.5394,0.3225,-1.7578091605014305,-1.5820278389088056,-0.17578132159262494,WELD_FOUND
41.85,0.024894350067244737,0.069972146181174,0.035390171994420835,0.014398528140068636,0.0138,0.0124,0.0216,0.002,582,348,0.5394,0.3225,-1.7578091605014305,-1.5820278389088056,-0.17578132159262494,WELD_FOUND
41.9,0.025656162023356927,0.05944732590503344,0.03457326090911195,0.01673906313760191,0.0206,0.0223,0.014,-0.0055,585,352,0.5422,0.3262,-0.35155909468853286,-1.4062466240378864,1.0546875293493536,WELD_FOUND
41.95,0.025656162023356927,0.05944732590503344,0.03457326090911195,0.01673906313760191,0.0206,0.0223,0.014,-0.0055,585,352,0.5422,0.3262,-0.35155909468853286,-1.4062466240378864,1.0546875293493536,WELD_FOUND
42.0,0.0,0.0,0.0,0.0,0.0272,0.0208,-0.0272,-0.0208,589,354,0.5459,0.3281,-0.35155909468853286,nan,nan,NO_WELD
42.05,0.0,0.0,0.0,0.0,0.0272,0.0208,-0.0272,-0.0208,589,354,0.5459,0.3281,-0.35155909468853286,nan,nan,NO_WELD
42.102,0.015391413007055097,-0.05,0.007891413007055098,0.0228914130070551,0.0217,0.0162,-0.0139,0.0067,589,355,0.5459,0.329,4.5703160689555435,4.5703160689555435,0.0,WELD_FOUND
42.15,0.015391413007055097,-0.05,0.007891413007055098,0.0228914130070551,0.0217,0.0162,-0.0139,0.0067,589,355,0.5459,0.329,4.5703160689555435,4.5703160689555435,0.0,WELD_FOUND
42.2,0.01752579466340004,-0.1,0.002525794663400041,0.03252579466340004,0.0168,0.0134,-0.0142,0.0191,590,356,0.5468,0.3299,1.054690917763512,2.812503493359528,-1.757812575596016,WELD_FOUND
42.25,0.01752579466340004,-0.1,0.002525794663400041,0.03252579466340004,0.0168,0.0134,-0.0142,0.0191,590,356,0.5468,0.3299,1.054690917763512,2.812503493359528,-1.757812575596016,WELD_FOUND
42.3,0.025714730524666253,-0.05,0.018214730524666253,0.03321473052466625,0.0168,0.0134,0.0015,0.0198,590,356,0.5468,0.3299,-0.7031216044716506,1.054690917763512,-1.7578125222351626,WELD_FOUND
42.35,0.025714730524666253,-0.05,0.018214730524666253,0.03321473052466625,0.0134,0.0107,0.0048,0.0225,590,356,0.5468,0.3299,-0.7031216044716506,1.054690917763512,-1.7578125222351626,WELD_FOUND
42.4,0.0,0.0,0.0,0.0,0.0134,0.0107,-0.0134,-0.0107,593,359,0.5496,0.3327,-0.7031216044716506,nan,nan,NO_WELD
42.45,0.0,0.0,0.0,0.0,0.0134,0.0107,-0.0134,-0.0107,593,359,0.5496,0.3327,-0.7031216044716506,nan,nan,NO_WELD
42.5,0.0,0.0,0.0,0.0,0.0204,0.0212,-0.0204,-0.0212,595,362,0.5514,0.3355,-0.7031216044716506,nan,nan,NO_WELD
42.55,0.0,0.0,0.0,0.0,0.0204,0.0212,-0.0204,-0.0212,595,362,0.5514,0.3355,-0.7031216044716506,nan,nan,NO_WELD
42.6,0.0,0.0,0.0,0.0,0.0204,0.0212,-0.0204,-0.0212,594,362,0.5505,0.3355,-0.7031216044716506,nan,nan,NO_WELD
42.65,0.0,0.0,0.0,0.0,0.0097,0.017,-0.0097,-0.017,594,362,0.5505,0.3355,-0.7031216044716506,nan,nan,NO_WELD
42.7,0.0,0.0,0.0,0.0,0.0097,0.017,-0.0097,-0.017,594,363,0.5505,0.3364,-0.7031216044716506,nan,nan,NO_WELD
42.75,0.0,0.0,0.0,0.0,0.0078,0.017,-0.0078,-0.017,594,363,0.5505,0.3364,-0.7031216044716506,nan,nan,NO_WELD
42.8,0.0,0.0,0.0,0.0,0.0078,0.0126,-0.0078,-0.0126,594,363,0.5505,0.3364,-0.7031216044716506,nan,nan,NO_WELD
42.849,0.0,0.0,0.0,0.0,0.0078,0.0126,-0.0078,-0.0126,594,363,0.5505,0.3364,-0.7031216044716506,nan,nan,NO_WELD
42.9,0.0,0.0,0.0,0.0,0.0062,0.0126,-0.0062,-0.0126,594,363,0.5505,0.3364,-5.273434098250051,nan,nan,NO_WELD
42.95,0.0,0.0,0.0,0.0,0.0062,0.0101,-0.0062,-0.0101,594,363,0.5505,0.3364,-5.273434098250051,nan,nan,NO_WELD
43.0,0.0,0.0,0.0,0.0,0.005,0.0101,-0.005,-0.0101,594,363,0.5505,0.3364,-3.5156217360974464,nan,nan,NO_WELD
43.049,0.0,0.0,0.0,0.0,0.005,0.0101,-0.005,-0.0101,594,363,0.5505,0.3364,-3.5156217360974464,nan,nan,NO_WELD
43.102,0.023776798442149943,0.05,0.03127679844214994,0.016276798442149944,0.004,0.0081,0.0273,0.0082,594,363,0.5505,0.3364,-1.7578091605014305,-1.7578091605014305,0.0,WELD_FOUND
43.15,0.023776798442149943,0.05,0.03127679844214994,0.016276798442149944,0.004,0.0081,0.0273,0.0082,594,363,0.5505,0.3364,-1.7578091605014305,-1.7578091605014305,0.0,WELD_FOUND
43.2,0.035,0.0,0.035,0.035,0.0061,0.0065,0.0289,0.0285,595,363,0.5514,0.3364,2.109378420432439,0.17578466998614392,1.9335937504462952,WELD_FOUND
43.25,0.035,0.0,0.035,0.035,0.0061,0.0065,0.0289,0.0285,595,363,0.5514,0.3364,2.109378420432439,0.17578466998614392,1.9335937504462952,WELD_FOUND
43.3,0.024430261143633444,-0.05,0.016930261143633444,0.03193026114363344,0.0222,0.0261,-0.0053,0.0058,600,369,0.5561,0.342,2.812503493359528,2.109378420432439,0.7031250729270888,WELD_FOUND
43.35,0.024430261143633444,-0.05,0.016930261143633444,0.03193026114363344,0.0222,0.0261,-0.0053,0.0058,600,369,0.5561,0.342,2.812503493359528,2.109378420432439,0.7031250729270888,WELD_FOUND
43.4,0.02076327324441834,-0.1,0.005763273244418339,0.03576327324441834,0.0222,0.0261,-0.0164,0.0096,604,373,0.5598,0.3457,5.2734409284392205,2.4609410636176894,2.812499864821531,WELD_FOUND
43.45,0.02076327324441834,-0.1,0.005763273244418339,0.03576327324441834,0.0232,0.0256,-0.0175,0.0102,604,373,0.5598,0.3457,5.2734409284392205,2.4609410636176894,2.812499864821531,WELD_FOUND
43.5,0.018602649760007337,-0.1289667287687888,-0.0007423595553109827,0.03794765907532566,0.0232,0.0256,-0.024,0.0124,607,376,0.5625,0.3485,6.328128431108148,2.812503493359528,3.51562493774862,WELD_FOUND
43.55,0.018602649760007337,-0.1289667287687888,-0.0007423595553109827,0.03794765907532566,0.0251,0.0265,-0.0258,0.0115,607,376,0.5625,0.3485,6.328128431108148,2.812503493359528,3.51562493774862,WELD_FOUND
43.6,0.0,0.0,0.0,0.0,0.0251,0.0265,-0.0251,-0.0265,611,380,0.5663,0.3522,6.328128431108148,nan,nan,NO_WELD
43.65,0.0,0.0,0.0,0.0,0.0251,0.0265,-0.0251,-0.0265,611,380,0.5663,0.3522,6.328128431108148,nan,nan,NO_WELD
43.7,0.0,0.0,0.0,0.0,0.0298,0.0282,-0.0298,-0.0282,613,381,0.5681,0.3531,6.328128431108148,nan,nan,NO_WELD
43.749,0.0,0.0,0.0,0.0,0.0298,0.0282,-0.0298,-0.0282,613,381,0.5681,0.3531,6.328128431108148,nan,nan,NO_WELD
43.799,0.005924710320176987,-0.05,-0.0015752896798230127,0.013424710320176987,0.0298,0.0282,-0.0314,-0.0148,613,381,0.5681,0.3531,6.679691074293397,6.679691074293397,0.0,WELD_FOUND
43.849,0.005924710320176987,-0.05,-0.0015752896798230127,0.013424710320176987,0.0239,0.0226,-0.0254,-0.0091,613,381,0.5681,0.3531,6.679691074293397,6.679691074293397,0.0,WELD_FOUND
43.899,0.0,0.0,0.0,0.0,0.0239,0.0226,-0.0239,-0.0226,613,381,0.5681,0.3531,6.679691074293397,nan,nan,NO_WELD
43.949,0.0,0.0,0.0,0.0,0.0191,0.0181,-0.0191,-0.0181,613,381,0.5681,0.3531,6.679691074293397,nan,nan,NO_WELD
43.999,0.007419253149743842,-0.05,-8.074685025615761e-05,0.014919253149743843,0.0191,0.0181,-0.0192,-0.0031,613,381,0.5681,0.3531,5.2734409284392205,5.2734409284392205,0.0,WELD_FOUND
44.05,0.007419253149743842,-0.05,-8.074685025615761e-05,0.014919253149743843,0.0153,0.0144,-0.0154,0.0005,613,381,0.5681,0.3531,5.2734409284392205,5.2734409284392205,0.0,WELD_FOUND
44.101,0.005210321801161077,-0.1,-0.009789678198838922,0.02021032180116108,0.0153,0.0144,-0.0251,0.0058,613,381,0.5681,0.3531,7.382816360663898,6.328128431108148,1.05468792955575,WELD_FOUND
44.149,0.005210321801161077,-0.1,-0.009789678198838922,0.02021032180116108,0.0153,0.0144,-0.0251,0.0058,613,381,0.5681,0.3531,7.382816360663898,6.328128431108148,1.05468792955575,WELD_FOUND
44.199,0.0,0.0,0.0,0.0,0.0122,0.0116,-0.0122,-0.0116,613,381,0.5681,0.3531,7.382816360663898,nan,nan,NO_WELD
44.249,0.0,0.0,0.0,0.0,0.0122,0.0116,-0.0122,-0.0116,614,382,0.569,0.354,7.382816360663898,nan,nan,NO_WELD
44.3,0.005,-0.05,-0.0024999999999999996,0.0125,0.011,0.0106,-0.0135,0.0019,614,382,0.569,0.354,7.734379003849147,7.734379003849147,0.0,WELD_FOUND
44.349,0.005,-0.05,-0.0024999999999999996,0.0125,0.011,0.0106,-0.0135,0.0019,614,381,0.569,0.3531,7.734379003849147,7.734379003849147,0.0,WELD_FOUND
44.399,0.005,-0.1,-0.009999999999999998,0.02,0.011,0.0106,-0.021,0.0094,614,381,0.569,0.3531,11.601566371339606,9.667972260707554,1.9335941106320522,WELD_FOUND
44.449,0.005,-0.1,-0.009999999999999998,0.02,0.0088,0.0039,-0.0188,0.0161,614,381,0.569,0.3531,11.601566371339606,9.667972260707554,1.9335941106320522,WELD_FOUND
44.499,0.0,0.0,0.0,0.0,0.0088,0.0039,-0.0088,-0.0039,614,381,0.569,0.3531,11.601566371339606,nan,nan,NO_WELD
44.549,0.0,0.0,0.0,0.0,0.0071,0.0031,-0.0071,-0.0031,614,381,0.569,0.3531,11.601566371339606,nan,nan,NO_WELD
44.599,0.0,0.0,0.0,0.0,0.0071,0.0031,-0.0071,-0.0031,614,381,0.569,0.3531,11.601566371339606,nan,nan,NO_WELD
44.649,0.0,0.0,0.0,0.0,0.0071,0.0031,-0.0071,-0.0031,614,381,0.569,0.3531,11.601566371339606,nan,nan,NO_WELD
44.699,0.0,0.0,0.0,0.0,0.0057,0.0025,-0.0057,-0.0025,614,381,0.569,0.3531,11.601566371339606,nan,nan,NO_WELD
44.749,0.0,0.0,0.0,0.0,0.0057,0.0025,-0.0057,-0.0025,614,381,0.569,0.3531,11.601566371339606,nan,nan,NO_WELD
44.799,0.0,0.0,0.0,0.0,0.0057,0.0025,-0.0057,-0.0025,614,381,0.569,0.3531,11.601566371339606,nan,nan,NO_WELD
44.849,0.0,0.0,0.0,0.0,0.0045,0.002,-0.0045,-0.002,614,381,0.569,0.3531,11.601566371339606,nan,nan,NO_WELD
44.899,0.0,0.0,0.0,0.0,0.0045,0.002,-0.0045,-0.002,614,381,0.569,0.3531,11.601566371339606,nan,nan,NO_WELD
44.949,0.0,0.0,0.0,0.0,0.0045,0.002,-0.0045,-0.002,614,381,0.569,0.3531,11.601566371339606,nan,nan,NO_WELD
44.999,0.0,0.0,0.0,0.0,0.0036,0.0016,-0.0036,-0.0016,614,381,0.569,0.3531,0.7031284346608206,nan,nan,NO_WELD
45.049,0.0,0.0,0.0,0.0,0.0036,0.0016,-0.0036,-0.0016,614,381,0.569,0.3531,0.7031284346608206,nan,nan,NO_WELD
45.101,0.0,0.0,0.0,0.0,0.0036,0.0016,-0.0036,-0.0016,614,381,0.569,0.3531,-2.8124966631703576,nan,nan,NO_WELD
45.149,0.0,0.0,0.0,0.0,0.0029,0.0013,-0.0029,-0.0013,614,381,0.569,0.3531,-2.8124966631703576,nan,nan,NO_WELD
45.2,0.028006494101859913,-0.04947141115170443,0.02058578242910425,0.035427205774615576,0.0029,0.0013,0.0177,0.0341,614,381,0.569,0.3531,1.054690917763512,1.054690917763512,0.0,WELD_FOUND
45.25,0.028006494101859913,-0.04947141115170443,0.02058578242910425,0.035427205774615576,0.0023,0.001,0.0183,0.0344,614,381,0.569,0.3531,1.054690917763512,1.054690917763512,0.0,WELD_FOUND
45.3,0.0,0.0,0.0,0.0,0.0023,0.001,-0.0023,-0.001,614,381,0.569,0.3531,1.054690917763512,nan,nan,NO_WELD
45.349,0.0,0.0,0.0,0.0,0.0023,0.001,-0.0023,-0.001,617,385,0.5718,0.3568,1.054690917763512,nan,nan,NO_WELD
45.4,0.028006494101859913,-0.046019572764635086,0.02110355818716465,0.03490943001655518,0.0088,0.0105,0.0123,0.0244,617,385,0.5718,0.3568,1.054690917763512,1.054690917763512,0.0,WELD_FOUND
45.449,0.028006494101859913,-0.046019572764635086,0.02110355818716465,0.03490943001655518,0.0088,0.0105,0.0123,0.0244,618,387,0.5727,0.3587,1.054690917763512,1.054690917763512,0.0,WELD_FOUND
45.499,0.035,0.0,0.035,0.035,0.0088,0.0105,0.0262,0.0245,618,387,0.5727,0.3587,-1.4062466240378864,-0.17577783979697392,-1.2304687842409123,WELD_FOUND
45.549,0.035,0.0,0.035,0.035,0.0152,0.0187,0.0198,0.0163,621,390,0.5755,0.3614,-1.4062466240378864,-0.17577783979697392,-1.2304687842409123,WELD_FOUND
45.599,0.0,0.0,0.0,0.0,0.0152,0.0187,-0.0152,-0.0187,621,390,0.5755,0.3614,-1.4062466240378864,nan,nan,NO_WELD
45.649,0.0,0.0,0.0,0.0,0.0152,0.0187,-0.0152,-0.0187,625,394,0.5792,0.3651,-1.4062466240378864,nan,nan,NO_WELD
45.699,0.029433142875878317,0.04696966001781616,0.03647859187855074,0.022387693873205893,0.019,0.0211,0.0175,0.0013,625,394,0.5792,0.3651,-1.0546840875743422,-1.0546840875743422,0.0,WELD_FOUND
45.75,0.029433142875878317,0.04696966001781616,0.03647859187855074,0.022387693873205893,0.019,0.0211,0.0175,0.0013,627,396,0.5811,0.367,-1.0546840875743422,-1.0546840875743422,0.0,WELD_FOUND
45.8,0.02741095988093753,0.058605503223949765,0.03620178536453,0.018620134397345063,0.0188,0.0201,0.0174,-0.0014,627,396,0.5811,0.367,-1.4062466240378864,-1.2304654091669671,-0.17578121487091924,WELD_FOUND
45.849,0.02741095988093753,0.058605503223949765,0.03620178536453,0.018620134397345063,0.0188,0.0201,0.0174,-0.0014,629,398,0.5829,0.3689,-1.4062466240378864,-1.2304654091669671,-0.17578121487091924,WELD_FOUND
45.899,0.027886909400165593,0.044855367477265165,0.034615214521755366,0.02115860427857582,0.0188,0.0201,0.0158,0.0011,629,398,0.5829,0.3689,-1.0546840875743422,-1.0546840875743422,0.0,WELD_FOUND
45.949,0.027886909400165593,0.044855367477265165,0.034615214521755366,0.02115860427857582,0.0187,0.0219,0.0159,-0.0008,630,400,0.5839,0.3707,-1.0546840875743422,-1.0546840875743422,0.0,WELD_FOUND
45.999,0.027982590893600362,0.04578332364110411,0.034850089439765974,0.021115092347434746,0.0187,0.0219,0.0162,-0.0008,630,400,0.5839,0.3707,3.4150945850063755e-06,-1.0546840875743422,1.054687502668927,WELD_FOUND
46.049,0.027982590893600362,0.04578332364110411,0.034850089439765974,0.021115092347434746,0.0187,0.0219,0.0162,-0.0008,633,402,0.5866,0.3726,3.4150945850063755e-06,-1.0546840875743422,1.054687502668927,WELD_FOUND
46.101,0.0,0.0,0.0,0.0,0.0186,0.0181,-0.0186,-0.0181,633,402,0.5866,0.3726,3.4150945850063755e-06,nan,nan,NO_WELD
46.149,0.0,0.0,0.0,0.0,0.0186,0.0181,-0.0186,-0.0181,637,405,0.5904,0.3753,3.4150945850063755e-06,nan,nan,NO_WELD
46.199,0.01377794991563036,-0.05,0.006277949915630361,0.02127794991563036,0.026,0.0219,-0.0197,-0.0007,637,405,0.5904,0.3753,4.921878712140794,4.921878712140794,0.0,WELD_FOUND
46.249,0.01377794991563036,-0.05,0.006277949915630361,0.02127794991563036,0.026,0.0219,-0.0197,-0.0007,638,406,0.5913,0.3763,4.921878712140794,4.921878712140794,0.0,WELD_FOUND
46.299,0.0,0.0,0.0,0.0,0.026,0.0219,-0.026,-0.0219,638,406,0.5913,0.3763,4.921878712140794,nan,nan,NO_WELD
46.349,0.0,0.0,0.0,0.0,0.0181,0.0181,-0.0181,-0.0181,638,407,0.5913,0.3772,4.921878712140794,nan,nan,NO_WELD
46.399,0.008876760389881326,-0.05,0.0013767603898813263,0.016376760389881326,0.0181,0.0181,-0.0167,-0.0017,638,407,0.5913,0.3772,5.2734409284392205,5.2734409284392205,0.0,WELD_FOUND
46.449,0.008876760389881326,-0.05,0.0013767603898813263,0.016376760389881326,0.0071,0.0145,-0.0057,0.0019,637,407,0.5904,0.3772,5.2734409284392205,5.2734409284392205,0.0,WELD_FOUND
46.499,0.0,0.0,0.0,0.0,0.0071,0.0145,-0.0071,-0.0145,637,407,0.5904,0.3772,5.2734409284392205,nan,nan,NO_WELD
46.549,0.0,0.0,0.0,0.0,0.008,0.0116,-0.008,-0.0116,638,407,0.5913,0.3772,5.2734409284392205,nan,nan,NO_WELD
46.6,0.0,0.0,0.0,0.0,0.008,0.0116,-0.008,-0.0116,638,407,0.5913,0.3772,5.2734409284392205,nan,nan,NO_WELD
46.649,0.0,0.0,0.0,0.0,0.0064,0.0116,-0.0064,-0.0116,638,407,0.5913,0.3772,5.2734409284392205,nan,nan,NO_WELD
46.699,0.01733899414966453,-0.05,0.009838994149664531,0.02483899414966453,0.0064,0.0093,0.0035,0.0156,638,407,0.5913,0.3772,2.4609410636176894,2.4609410636176894,0.0,WELD_FOUND
46.749,0.01733899414966453,-0.05,0.009838994149664531,0.02483899414966453,0.0051,0.0093,0.0047,0.0156,638,407,0.5913,0.3772,2.4609410636176894,2.4609410636176894,0.0,WELD_FOUND
46.799,0.011018435731425046,-0.1,-0.003981564268574954,0.026018435731425045,0.0051,0.0074,-0.0091,0.0186,638,407,0.5913,0.3772,7.031253717478648,4.746097390548169,2.285156326930479,WELD_FOUND
46.849,0.011018435731425046,-0.1,-0.003981564268574954,0.026018435731425045,0.0105,0.0074,-0.0145,0.0186,640,410,0.5931,0.38,7.031253717478648,4.746097390548169,2.285156326930479,WELD_FOUND
46.899,0.0,0.0,0.0,0.0,0.0105,0.0074,-0.0105,-0.0074,640,410,0.5931,0.38,7.031253717478648,nan,nan,NO_WELD
46.949,0.0,0.0,0.0,0.0,0.0105,0.0193,-0.0105,-0.0193,643,413,0.5959,0.3828,7.031253717478648,nan,nan,NO_WELD
47.0,0.0,-0.05,-0.0075,0.0075,0.0137,0.0193,-0.0212,-0.0118,643,413,0.5959,0.3828,11.601566371339606,11.601566371339606,0.0,WELD_FOUND
47.049,0.0,-0.05,-0.0075,0.0075,0.0137,0.0153,-0.0212,-0.0078,643,414,0.5959,0.3837,11.601566371339606,11.601566371339606,0.0,WELD_FOUND
47.101,0.0,-0.1,-0.015,0.015,0.011,0.0153,-0.026,-0.0003,643,414,0.5959,0.3837,9.140628722816501,10.371097547078055,-1.2304688242615534,WELD_FOUND
47.149,0.0,-0.1,-0.015,0.015,0.011,0.0122,-0.026,0.0028,643,414,0.5959,0.3837,9.140628722816501,10.371097547078055,-1.2304688242615534,WELD_FOUND
47.199,0.005,-0.15000000000000002,-0.0175,0.027500000000000004,0.011,0.0122,-0.0285,0.0153,643,414,0.5959,0.3837,7.382816360663898,9.140628722816501,-1.7578123621526034,WELD_FOUND
47.249,0.005,-0.15000000000000002,-0.0175,0.027500000000000004,0.0088,0.011,-0.0263,0.0165,643,415,0.5959,0.3846,7.382816360663898,9.140628722816501,-1.7578123621526034,WELD_FOUND
47.299,0.005,-0.2,-0.024999999999999998,0.034999999999999996,0.0088,0.011,-0.0338,0.024,643,415,0.5959,0.3846,7.382816360663898,8.2617225417402,-0.8789061810763021,WELD_FOUND
47.349,0.005,-0.2,-0.024999999999999998,0.034999999999999996,0.0088,0.011,-0.0338,0.024,644,416,0.5968,0.3855,7.382816360663898,8.2617225417402,-0.8789061810763021,WELD_FOUND
47.399,0.005,-0.25,-0.0325,0.042499999999999996,0.0077,0.0091,-0.0402,0.0334,644,416,0.5968,0.3855,6.679691074293397,7.382816360663898,-0.7031252863705006,WELD_FOUND
47.449,0.005,-0.25,-0.0325,0.042499999999999996,0.0077,0.0091,-0.0402,0.0334,644,418,0.5968,0.3874,6.679691074293397,7.382816360663898,-0.7031252863705006,WELD_FOUND
47.499,0.005,-0.3,-0.04,0.049999999999999996,0.0077,0.0091,-0.0477,0.0409,644,418,0.5968,0.3874,7.031253717478648,7.382816360663898,-0.3515626431852503,WELD_FOUND
47.549,0.005,-0.3,-0.04,0.049999999999999996,0.0022,0.0153,-0.0422,0.0347,643,420,0.5959,0.3892,7.031253717478648,7.382816360663898,-0.3515626431852503,WELD_FOUND
47.599,0.005,-0.3,-0.04,0.049999999999999996,0.0022,0.0153,-0.0422,0.0347,643,420,0.5959,0.3892,5.625003571624471,7.031253717478648,-1.4062501458541767,WELD_FOUND
47.649,0.005,-0.3,-0.04,0.049999999999999996,-0.0061,0.024,-0.0339,0.026,641,424,0.5941,0.393,5.625003571624471,7.031253717478648,-1.4062501458541767,WELD_FOUND
47.699,0.005,-0.28622108584192363,-0.03793316287628855,0.04793316287628854,-0.0061,0.024,-0.0318,0.0239,641,424,0.5941,0.393,5.2734409284392205,6.679691074293397,-1.4062501458541767,WELD_FOUND
47.749,0.005,-0.28622108584192363,-0.03793316287628855,0.04793316287628854,-0.0061,0.024,-0.0318,0.0239,638,426,0.5913,0.3948,5.2734409284392205,6.679691074293397,-1.4062501458541767,WELD_FOUND
47.799,0.006018673190317883,-0.23622108584192364,-0.029414489685970664,0.04145183606660643,-0.0111,0.0194,-0.0183,0.0221,638,426,0.5913,0.3948,5.625003571624471,5.625003571624471,0.0,WELD_FOUND
47.849,0.006018673190317883,-0.23622108584192364,-0.029414489685970664,0.04145183606660643,-0.0111,0.0194,-0.0183,0.0221,635,429,0.5885,0.3976,5.625003571624471,5.625003571624471,0.0,WELD_FOUND
47.899,0.006560185563137527,-0.2426350105396238,-0.02983506601780604,0.04295543714408109,-0.0111,0.0194,-0.0188,0.0236,635,429,0.5885,0.3976,6.328128431108148,5.625003571624471,0.703124859483677,WELD_FOUND
47.949,0.006560185563137527,-0.2426350105396238,-0.02983506601780604,0.04295543714408109,-0.0165,0.0264,-0.0133,0.0165,634,432,0.5876,0.4004,6.328128431108148,5.625003571624471,0.703124859483677,WELD_FOUND
47.999,0.006671286749173139,-0.24487670985982726,-0.030060219729800948,0.043402793228147225,-0.0165,0.0264,-0.0135,0.017,634,432,0.5876,0.4004,5.2734409284392205,5.625003571624471,-0.3515626431852503,WELD_FOUND
48.049,0.006671286749173139,-0.24487670985982726,-0.030060219729800948,0.043402793228147225,-0.0136,0.0233,-0.0164,0.0201,633,434,0.5866,0.4022,5.2734409284392205,5.625003571624471,-0.3515626431852503,WELD_FOUND
48.101,0.006693618934839126,-0.24532392551829962,-0.030104969892905814,0.04349220776258407,-0.0136,0.0233,-0.0165,0.0202,633,434,0.5866,0.4022,6.328128431108148,5.625003571624471,0.703124859483677,WELD_FOUND
48.149,0.006693618934839126,-0.24532392551829962,-0.030104969892905814,0.04349220776258407,-0.0136,0.0233,-0.0165,0.0202,632,436,0.5857,0.4041,6.328128431108148,5.625003571624471,0.703124859483677,WELD_FOUND
48.199,0.006698089849910681,-0.24541473849394946,-0.03011412092418174,0.0435103006240031,-0.0106,0.0189,-0.0195,0.0246,632,436,0.5857,0.4041,4.218753425770293,5.625003571624471,-1.4062501458541776,WELD_FOUND
48.249,0.006698089849910681,-0.24541473849394946,-0.03011412092418174,0.0435103006240031,-0.0106,0.0189,-0.0195,0.0246,631,439,0.5848,0.4069,4.218753425770293,5.625003571624471,-1.4062501458541776,WELD_FOUND
48.299,0.007587983179694836,-0.2257984033532833,-0.02628177732329766,0.04145774368268733,-0.0106,0.0189,-0.0156,0.0226,631,439,0.5848,0.4069,5.2734409284392205,5.2734409284392205,0.0,WELD_FOUND
48.349,0.007587983179694836,-0.2257984033532833,-0.02628177732329766,0.04145774368268733,-0.0113,0.0262,-0.0149,0.0153,630,442,0.5839,0.4096,5.2734409284392205,5.2734409284392205,0.0,WELD_FOUND
48.399,0.007772620188916573,-0.22923234947000962,-0.026612232231584865,0.04215747260941801,-0.0113,0.0262,-0.0153,0.016,630,442,0.5839,0.4096,5.97656621480972,5.2734409284392205,0.7031252863704998,WELD_FOUND
48.449,0.007772620188916573,-0.22923234947000962,-0.026612232231584865,0.04215747260941801,-0.0113,0.0262,-0.0153,0.016,630,444,0.5839,0.4115,5.97656621480972,5.2734409284392205,0.7031252863704998,WELD_FOUND
48.499,0.006060581382515038,-0.2691641667987655,-0.034314043637299785,0.04643520640232986,-0.0091,0.0207,-0.0252,0.0258,630,444,0.5839,0.4115,5.97656621480972,5.97656621480972,0.0,WELD_FOUND
48.549,0.006060581382515038,-0.2691641667987655,-0.034314043637299785,0.04643520640232986,-0.0091,0.0207,-0.0252,0.0258,631,447,0.5848,0.4143,5.97656621480972,5.97656621480972,0.0,WELD_FOUND
48.599,0.005743698191412561,-0.26249081842427247,-0.03362992457222831,0.04511732095505343,-0.0091,0.0207,-0.0246,0.0245,631,447,0.5848,0.4143,7.734379003849147,5.97656621480972,1.757812789039427,WELD_FOUND
48.649,0.005743698191412561,-0.26249081842427247,-0.03362992457222831,0.04511732095505343,-0.0073,0.0248,-0.0264,0.0204,630,449,0.5839,0.4161,7.734379003849147,5.97656621480972,1.757812789039427,WELD_FOUND
48.699,0.005681342535999179,-0.261117082502049,-0.03348621983930817,0.04484890491130653,-0.0073,0.0248,-0.0262,0.0201,630,449,0.5839,0.4161,8.437503436446002,5.97656621480972,2.460937221636282,WELD_FOUND
48.749,0.005681342535999179,-0.261117082502049,-0.03348621983930817,0.04484890491130653,-0.0118,0.0186,-0.0217,0.0263,628,450,0.582,0.417,8.437503436446002,5.97656621480972,2.460937221636282,WELD_FOUND
48.8,0.005,-0.3,-0.04,0.049999999999999996,-0.0118,0.0186,-0.0282,0.0314,628,450,0.582,0.417,8.437503436446002,7.734379003849147,0.7031244325968551,WELD_FOUND
48.85,0.005,-0.3,-0.04,0.049999999999999996,-0.0108,0.0185,-0.0292,0.0315,627,452,0.5811,0.4189,8.437503436446002,7.734379003849147,0.7031244325968551,WELD_FOUND
48.9,0.005,-0.3,-0.04,0.049999999999999996,-0.0108,0.0185,-0.0292,0.0315,627,452,0.5811,0.4189,5.625003571624471,7.734379003849147,-2.1093754322246765,WELD_FOUND
48.95,0.005,-0.3,-0.04,0.049999999999999996,-0.0139,0.0222,-0.0261,0.0278,625,455,0.5792,0.4217,5.625003571624471,7.734379003849147,-2.1093754322246765,WELD_FOUND
49.0,0.005,-0.3,-0.04,0.049999999999999996,-0.0139,0.0222,-0.0261,0.0278,625,455,0.5792,0.4217,4.921878712140794,7.734379003849147,-2.8125002917083535,WELD_FOUND
49.05,0.005,-0.3,-0.04,0.049999999999999996,-0.0139,0.0222,-0.0261,0.0278,624,457,0.5783,0.4235,4.921878712140794,7.734379003849147,-2.8125002917083535,WELD_FOUND
49.102,0.0,0.0,0.0,0.0,-0.0108,0.0183,0.0108,-0.0183,624,457,0.5783,0.4235,4.921878712140794,nan,nan,NO_WELD
49.15,0.0,0.0,0.0,0.0,-0.0108,0.0183,0.0108,-0.0183,622,459,0.5765,0.4254,4.921878712140794,nan,nan,NO_WELD
49.2,0.0,0.0,0.0,0.0,-0.0139,0.0184,0.0139,-0.0184,622,459,0.5765,0.4254,4.921878712140794,nan,nan,NO_WELD
49.25,0.0,0.0,0.0,0.0,-0.0139,0.0184,0.0139,-0.0184,623,459,0.5774,0.4254,4.921878712140794,nan,nan,NO_WELD
49.3,0.0,0.0,0.0,0.0,-0.0046,0.0147,0.0046,-0.0147,623,459,0.5774,0.4254,4.921878712140794,nan,nan,NO_WELD
49.35,0.0,0.0,0.0,0.0,-0.0046,0.0147,0.0046,-0.0147,623,459,0.5774,0.4254,4.921878712140794,nan,nan,NO_WELD
49.399,0.0,0.0,0.0,0.0,-0.0046,0.0147,0.0046,-0.0147,623,459,0.5774,0.4254,4.921878712140794,nan,nan,NO_WELD
49.45,0.0,0.0,0.0,0.0,-0.0037,0.0118,0.0037,-0.0118,623,459,0.5774,0.4254,4.921878712140794,nan,nan,NO_WELD
49.5,0.0,0.0,0.0,0.0,-0.0037,0.0118,0.0037,-0.0118,623,459,0.5774,0.4254,4.921878712140794,nan,nan,NO_WELD
49.55,0.0,0.0,0.0,0.0,-0.003,0.0094,0.003,-0.0094,623,459,0.5774,0.4254,4.921878712140794,nan,nan,NO_WELD
49.6,0.0,0.0,0.0,0.0,-0.003,0.0094,0.003,-0.0094,623,459,0.5774,0.4254,7.734379003849147,nan,nan,NO_WELD
49.65,0.0,0.0,0.0,0.0,-0.003,0.0094,0.003,-0.0094,623,459,0.5774,0.4254,7.734379003849147,nan,nan,NO_WELD
49.699,0.0,0.0,0.0,0.0,-0.0024,0.0075,0.0024,-0.0075,623,459,0.5774,0.4254,-2.8124966631703576,nan,nan,NO_WELD
49.75,0.0,0.0,0.0,0.0,-0.0024,0.0075,0.0024,-0.0075,623,459,0.5774,0.4254,-2.8124966631703576,nan,nan,NO_WELD
49.8,0.0,0.0,0.0,0.0,-0.0019,0.006,0.0019,-0.006,623,459,0.5774,0.4254,-1.0546840875743422,nan,nan,NO_WELD
49.85,0.0,0.0,0.0,0.0,-0.0019,0.006,0.0019,-0.006,623,459,0.5774,0.4254,-1.0546840875743422,nan,nan,NO_WELD
49.9,0.0,0.0,0.0,0.0,-0.0019,0.006,0.0019,-0.006,623,459,0.5774,0.4254,-1.4062466240378864,nan,nan,NO_WELD
49.95,0.0,0.0,0.0,0.0,-0.0015,0.0048,0.0015,-0.0048,623,459,0.5774,0.4254,-1.4062466240378864,-1.4062466240378864,0.0,WELD_FOUND
49.999,0.0,0.0,0.0,0.0,-0.0015,0.0048,0.0015,-0.0048,623,459,0.5774,0.4254,-3.164059092912196,-1.4062466240378864,-1.7578124688743098,WELD_FOUND
50.05,0.02083160295781396,0.05,0.02833160295781396,0.013331602957813962,-0.0012,0.0039,0.0295,0.0095,623,459,0.5774,0.4254,-3.164059092912196,-2.285152911835894,-0.8789061810763021,WELD_FOUND
50.102,0.02083160295781396,0.05,0.02833160295781396,0.013331602957813962,-0.0012,0.0039,0.0295,0.0095,623,459,0.5774,0.4254,-2.8124966631703576,-2.285152911835894,-0.5273437513344637,WELD_FOUND
50.15,0.018615604652109215,0.1,0.033615604652109214,0.0036156046521092153,0.003,0.006,0.0306,-0.0024,624,460,0.5783,0.4263,-2.8124966631703576,-2.8124966631703576,0.0,WELD_FOUND
50.2,0.018615604652109215,0.1,0.033615604652109214,0.0036156046521092153,0.003,0.006,0.0306,-0.0024,624,460,0.5783,0.4263,-2.8124966631703576,-2.8124966631703576,0.0,WELD_FOUND
50.25,0.018903873143459284,0.11421457612982114,0.03603605956293245,0.0017716867239861156,0.003,0.006,0.0331,-0.0042,625,461,0.5792,0.4272,-2.460934233428519,-2.6367153415777325,0.17578110814921333,WELD_FOUND
50.3,0.018903873143459284,0.11421457612982114,0.03603605956293245,0.0017716867239861156,0.0043,0.0061,0.0318,-0.0043,625,461,0.5792,0.4272,-2.460934233428519,-2.6367153415777325,0.17578110814921333,WELD_FOUND
50.349,0.0,0.0,0.0,0.0,0.0043,0.0061,-0.0043,-0.0061,626,461,0.5802,0.4272,-2.460934233428519,nan,nan,NO_WELD
50.4,0.0,0.0,0.0,0.0,0.0063,0.0049,-0.0063,-0.0049,626,461,0.5802,0.4272,-2.460934233428519,nan,nan,NO_WELD
50.45,0.0,0.0,0.0,0.0,0.0063,0.0049,-0.0063,-0.0049,628,463,0.582,0.4291,-2.460934233428519,nan,nan,NO_WELD
50.5,0.0,0.0,0.0,0.0,0.0063,0.0049,-0.0063,-0.0049,628,463,0.582,0.4291,-2.460934233428519,nan,nan,NO_WELD
50.55,0.029550611174560305,0.019374315395577362,0.03245675848389691,0.026644463865223702,0.0062,0.0079,0.0262,0.0188,627,463,0.5811,0.4291,-0.35155909468853286,-0.35155909468853286,0.0,WELD_FOUND
50.6,0.029550611174560305,0.019374315395577362,0.03245675848389691,0.026644463865223702,0.0062,0.0079,0.0262,0.0188,627,463,0.5811,0.4291,-0.35155909468853286,-0.35155909468853286,0.0,WELD_FOUND
50.65,0.0,0.0,0.0,0.0,0.0074,0.0084,-0.0074,-0.0084,628,464,0.582,0.43,-0.35155909468853286,nan,nan,NO_WELD
50.7,0.0,0.0,0.0,0.0,0.0074,0.0084,-0.0074,-0.0084,628,464,0.582,0.43,-0.35155909468853286,nan,nan,NO_WELD
50.75,0.02324914243106871,0.05,0.03074914243106871,0.01574914243106871,0.0193,0.0199,0.0115,-0.0041,632,468,0.5857,0.4337,-2.1093715902432693,-2.1093715902432693,0.0,WELD_FOUND
50.8,0.02324914243106871,0.05,0.03074914243106871,0.01574914243106871,0.0193,0.0199,0.0115,-0.0041,632,468,0.5857,0.4337,-2.1093715902432693,-2.1093715902432693,0.0,WELD_FOUND
50.85,0.021304495971164027,0.1,0.03630449597116403,0.006304495971164028,0.0193,0.0199,0.017,-0.0136,632,468,0.5857,0.4337,-2.460934233428519,-2.285152911835894,-0.17578132159262516,WELD_FOUND
50.9,0.021304495971164027,0.1,0.03630449597116403,0.006304495971164028,0.0154,0.0159,0.0209,-0.0096,632,468,0.5857,0.4337,-2.460934233428519,-2.285152911835894,-0.17578132159262516,WELD_FOUND
50.95,0.021693823217169752,0.09095129232868317,0.03533651706647223,0.008051129367867277,0.0154,0.0159,0.0199,-0.0079,635,471,0.5885,0.4365,0.35156592487770283,-2.1093715902432693,2.460937515120972,WELD_FOUND
51.0,0.021693823217169752,0.09095129232868317,0.03533651706647223,0.008051129367867277,0.0154,0.0159,0.0199,-0.0079,635,471,0.5885,0.4365,0.35156592487770283,-2.1093715902432693,2.460937515120972,WELD_FOUND
51.05,0.021002648316691998,0.1015900729268915,0.03624115925572572,0.0057641373776582735,0.029,0.0268,0.0072,-0.0211,640,475,0.5931,0.4402,-2.8124966631703576,-2.285152911835894,-0.5273437513344637,WELD_FOUND
51.102,0.021002648316691998,0.1015900729268915,0.03624115925572572,0.0057641373776582735,0.029,0.0268,0.0072,-0.0211,640,475,0.5931,0.4402,-2.8124966631703576,-2.285152911835894,-0.5273437513344637,WELD_FOUND
51.15,0.0,0.0,0.0,0.0,0.029,0.0268,-0.029,-0.0268,643,478,0.5959,0.443,-2.8124966631703576,nan,nan,NO_WELD
51.2,0.0,0.0,0.0,0.0,0.0248,0.0235,-0.0248,-0.0235,643,478,0.5959,0.443,-2.8124966631703576,nan,nan,NO_WELD
51.25,0.0,0.0,0.0,0.0,0.0248,0.0235,-0.0248,-0.0235,645,480,0.5978,0.4448,-2.8124966631703576,nan,nan,NO_WELD
51.3,0.0,0.0,0.0,0.0,0.0223,0.0215,-0.0223,-0.0215,645,480,0.5978,0.4448,-2.8124966631703576,nan,nan,NO_WELD
51.35,0.0,0.0,0.0,0.0,0.0223,0.0215,-0.0223,-0.0215,645,480,0.5978,0.4448,-2.8124966631703576,nan,nan,NO_WELD
51.4,0.0,0.0,0.0,0.0,0.0178,0.0172,-0.0178,-0.0172,645,480,0.5978,0.4448,-2.8124966631703576,nan,nan,NO_WELD
51.45,0.0,0.0,0.0,0.0,0.0178,0.0172,-0.0178,-0.0172,645,480,0.5978,0.4448,-2.8124966631703576,nan,nan,NO_WELD
51.5,0.0,0.0,0.0,0.0,0.0143,0.0138,-0.0143,-0.0138,645,480,0.5978,0.4448,-2.1093715902432693,nan,nan,NO_WELD
51.55,0.02179170584530101,0.05,0.02929170584530101,0.014291705845301012,0.0143,0.0138,0.015,0.0005,645,480,0.5978,0.4448,-2.1093715902432693,-2.1093715902432693,0.0,WELD_FOUND
51.6,0.02179170584530101,0.05,0.02929170584530101,0.014291705845301012,0.0143,0.0138,0.015,0.0005,645,480,0.5978,0.4448,-3.164059092912196,-2.1093715902432693,-1.0546875026689269,WELD_FOUND
51.65,0.01952379711793208,0.1,0.034523797117932076,0.00452379711793208,0.0111,0.011,0.0235,-0.0065,646,480,0.5987,0.4448,-3.164059092912196,-2.6367153415777325,-0.5273437513344637,WELD_FOUND
51.699,0.01952379711793208,0.1,0.034523797117932076,0.00452379711793208,0.0111,0.011,0.0235,-0.0065,646,480,0.5987,0.4448,-2.1093715902432693,-2.6367153415777325,0.5273437513344632,WELD_FOUND
51.75,0.021328157302901784,0.08678500510910823,0.034345908069268016,0.00831040653653555,0.0111,0.011,0.0233,-0.0027,649,483,0.6015,0.4476,-2.1093715902432693,-2.1093715902432693,0.0,WELD_FOUND
51.8,0.021698597464944153,0.0909592708279491,0.035342488089136516,0.008054706840751788,0.014,0.014,0.0213,-0.006,649,483,0.6015,0.4476,-1.4062466240378864,-2.1093715902432693,0.7031249662053829,WELD_FOUND
51.85,0.021698597464944153,0.0909592708279491,0.035342488089136516,0.008054706840751788,0.014,0.014,0.0213,-0.006,652,485,0.6043,0.4495,-1.4062466240378864,-2.1093715902432693,0.7031249662053829,WELD_FOUND
51.9,0.021698597464944153,0.0909592708279491,0.035342488089136516,0.008054706840751788,0.0195,0.0158,0.0158,-0.0078,652,485,0.6043,0.4495,-4.570309238766374,-2.1093715902432693,-2.4609376485231045,WELD_FOUND
51.95,0.02177306822235456,0.09183146638737259,0.03554778818046045,0.007998348264248672,0.0195,0.0158,0.016,-0.0078,654,486,0.6061,0.4504,-4.570309238766374,-2.1093715902432693,-2.4609376485231045,WELD_FOUND
51.999,0.0,0.0,0.0,0.0,0.0195,0.0158,-0.0195,-0.0158,654,486,0.6061,0.4504,-4.570309238766374,nan,nan,NO_WELD
52.05,0.0,0.0,0.0,0.0,0.0241,0.0127,-0.0241,-0.0127,657,485,0.6089,0.4495,-4.570309238766374,nan,nan,NO_WELD
52.102,0.0,0.0,0.0,0.0,0.0241,0.0127,-0.0241,-0.0127,657,485,0.6089,0.4495,-4.570309238766374,nan,nan,NO_WELD
52.15,0.0,0.0,0.0,0.0,0.0241,0.0127,-0.0241,-0.0127,657,486,0.6089,0.4504,-4.570309238766374,nan,nan,NO_WELD
52.199,0.0,0.0,0.0,0.0,0.0193,0.0101,-0.0193,-0.0101,657,486,0.6089,0.4504,-4.570309238766374,nan,nan,NO_WELD
52.25,0.0,0.0,0.0,0.0,0.0193,0.0101,-0.0193,-0.0101,657,486,0.6089,0.4504,-4.570309238766374,nan,nan,NO_WELD
52.3,0.0,0.0,0.0,0.0,0.0154,0.008,-0.0154,-0.008,657,486,0.6089,0.4504,-4.570309238766374,nan,nan,NO_WELD
52.35,0.0,0.0,0.0,0.0,0.0154,0.008,-0.0154,-0.008,657,486,0.6089,0.4504,-4.570309238766374,nan,nan,NO_WELD
52.399,0.0,0.0,0.0,0.0,0.0154,0.008,-0.0154,-0.008,657,486,0.6089,0.4504,-4.570309238766374,nan,nan,NO_WELD
52.45,0.0,0.0,0.0,0.0,0.0123,0.0064,-0.0123,-0.0064,657,486,0.6089,0.4504,-4.570309238766374,nan,nan,NO_WELD
52.5,0.0,0.0,0.0,0.0,0.0123,0.0064,-0.0123,-0.0064,657,486,0.6089,0.4504,-3.164059092912196,nan,nan,NO_WELD
52.55,0.0,0.0,0.0,0.0,0.0123,0.0064,-0.0123,-0.0064,657,486,0.6089,0.4504,-3.164059092912196,nan,nan,NO_WELD
52.599,0.0,0.0,0.0,0.0,0.0099,0.0052,-0.0099,-0.0052,657,486,0.6089,0.4504,3.5156285662866162,nan,nan,NO_WELD
52.65,0.0,0.0,0.0,0.0,0.0099,0.0052,-0.0099,-0.0052,657,486,0.6089,0.4504,3.5156285662866162,nan,nan,NO_WELD
52.699,0.0,0.0,0.0,0.0,0.0079,0.0041,-0.0079,-0.0041,657,486,0.6089,0.4504,5.625003571624471,nan,nan,NO_WELD
52.75,0.0,0.0,0.0,0.0,0.0079,0.0041,-0.0079,-0.0041,657,486,0.6089,0.4504,5.625003571624471,nan,nan,NO_WELD
52.8,0.0,0.0,0.0,0.0,0.0063,0.0033,-0.0063,-0.0033,657,486,0.6089,0.4504,-2.1093715902432693,nan,nan,NO_WELD
52.85,0.0,0.0,0.0,0.0,0.0063,0.0033,-0.0063,-0.0033,657,486,0.6089,0.4504,-2.1093715902432693,nan,nan,NO_WELD
52.899,0.0,0.0,0.0,0.0,0.0063,0.0033,-0.0063,-0.0033,657,486,0.6089,0.4504,0.7031284346608206,nan,nan,NO_WELD
52.95,0.0,0.0,0.0,0.0,0.0051,0.0026,-0.0051,-0.0026,657,486,0.6089,0.4504,0.7031284346608206,nan,nan,NO_WELD
53.0,0.0,0.0,0.0,0.0,0.0051,0.0026,-0.0051,-0.0026,657,486,0.6089,0.4504,-1.7578091605014305,-1.7578091605014305,0.0,WELD_FOUND
53.05,0.023776798442149943,0.05,0.03127679844214994,0.016276798442149944,0.004,0.0021,0.0272,0.0142,657,486,0.6089,0.4504,-1.7578091605014305,-1.7578091605014305,0.0,WELD_FOUND
53.103,0.023776798442149943,0.05,0.03127679844214994,0.016276798442149944,0.004,0.0021,0.0272,0.0142,657,486,0.6089,0.4504,0.35156592487770283,-0.7031216044716506,1.0546875293493534,WELD_FOUND
53.15,0.02889401261369042,0.01777197086688943,0.031559808243723834,0.02622821698365701,0.004,0.0021,0.0275,0.0241,659,486,0.6107,0.4504,0.35156592487770283,-0.7031216044716506,1.0546875293493534,WELD_FOUND
53.2,0.02889401261369042,0.01777197086688943,0.031559808243723834,0.02622821698365701,0.0073,0.0017,0.0242,0.0245,659,486,0.6107,0.4504,-1.4062466240378864,-0.7031216044716506,-0.7031250195662357,WELD_FOUND
53.25,0.02644396378862934,0.06722260310239271,0.036527354253988245,0.016360573323270435,0.0073,0.0017,0.0292,0.0147,663,486,0.6144,0.4504,-1.4062466240378864,-1.4062466240378864,0.0,WELD_FOUND
53.3,0.02644396378862934,0.06722260310239271,0.036527354253988245,0.016360573323270435,0.0073,0.0017,0.0292,0.0147,663,486,0.6144,0.4504,-2.1093715902432693,-1.4062466240378864,-0.7031249662053829,WELD_FOUND
53.35,0.025126013272447505,0.07237199065419857,0.03598181187057729,0.01427021467431772,0.0268,0.0014,0.0092,0.0129,668,486,0.6191,0.4504,-2.1093715902432693,-1.5820278389088056,-0.5273437513344637,WELD_FOUND
53.4,0.025126013272447505,0.07237199065419857,0.03598181187057729,0.01427021467431772,0.0268,0.0014,0.0092,0.0129,668,486,0.6191,0.4504,-2.8124966631703576,-1.5820278389088056,-1.230468824261552,WELD_FOUND
53.45,0.024043662884658066,0.07956014435926848,0.03597768453854834,0.012109641230767795,0.0268,0.0014,0.0092,0.0108,673,486,0.6237,0.4504,-2.8124966631703576,-1.7578091605014305,-1.054687502668927,WELD_FOUND
53.5,0.024043662884658066,0.07956014435926848,0.03597768453854834,0.012109641230767795,0.0284,0.0011,0.0076,0.011,673,486,0.6237,0.4504,-2.460934233428519,-1.7578091605014305,-0.7031250729270886,WELD_FOUND
53.549,0.022233240556254887,0.09689437492972039,0.03676739679571295,0.00769908431679683,0.0284,0.0011,0.0084,0.0066,677,486,0.6274,0.4504,-2.460934233428519,-2.1093715902432693,-0.3515626431852499,WELD_FOUND
53.6,0.022233240556254887,0.09689437492972039,0.03676739679571295,0.00769908431679683,0.0284,0.0011,0.0084,0.0066,677,486,0.6274,0.4504,-2.1093715902432693,-2.1093715902432693,0.0,WELD_FOUND
53.65,0.021879658519615087,0.09301320197300271,0.03583163881556549,0.007927678223664681,0.0368,0.0105,-0.001,-0.0026,681,490,0.6311,0.4541,-2.1093715902432693,-2.1093715902432693,0.0,WELD_FOUND
53.7,0.021879658519615087,0.09301320197300271,0.03583163881556549,0.007927678223664681,0.0368,0.0105,-0.001,-0.0026,681,490,0.6311,0.4541,-2.1093715902432693,-2.1093715902432693,0.0,WELD_FOUND
53.75,0.02180928220944876,0.0922330055899641,0.035644233047943376,0.007974331370954145,0.0332,0.0174,0.0024,-0.0095,684,493,0.6339,0.4569,-2.1093715902432693,-2.1093715902432693,0.0,WELD_FOUND
53.8,0.02180928220944876,0.0922330055899641,0.035644233047943376,0.007974331370954145,0.0332,0.0174,0.0024,-0.0095,684,493,0.6339,0.4569,-2.460934233428519,-2.1093715902432693,-0.3515626431852499,WELD_FOUND
53.85,0.02026931274826221,0.1116329137824444,0.03701424981562887,0.0035243756808955515,0.0332,0.0174,0.0038,-0.0139,687,494,0.6367,0.4578,-2.460934233428519,-2.460934233428519,0.0,WELD_FOUND
53.899,0.02026931274826221,0.1116329137824444,0.03701424981562887,0.0035243756808955515,0.0273,0.0129,0.0097,-0.0094,687,494,0.6367,0.4578,-4.921871881951623,-2.460934233428519,-2.460937648523104,WELD_FOUND
53.95,0.01996808419757442,0.10823548421325951,0.03620340682956334,0.0037327615655854927,0.0273,0.0129,0.0089,-0.0092,689,495,0.6385,0.4588,-4.921871881951623,-2.460934233428519,-2.460937648523104,WELD_FOUND
53.999,0.0,0.0,0.0,0.0,0.0238,0.0115,-0.0238,-0.0115,689,495,0.6385,0.4588,-4.921871881951623,nan,nan,NO_WELD
54.05,0.0,0.0,0.0,0.0,0.0238,0.0115,-0.0238,-0.0115,690,494,0.6395,0.4578,-4.921871881951623,nan,nan,NO_WELD
54.101,0.0,0.0,0.0,0.0,0.0238,0.0115,-0.0238,-0.0115,690,494,0.6395,0.4578,-3.8671843792826963,nan,nan,NO_WELD
54.149,0.01441182814770259,0.05,0.021911828147702588,0.00691182814770259,0.0168,0.0044,0.0052,0.0025,690,494,0.6395,0.4578,-3.8671843792826963,-3.8671843792826963,0.0,WELD_FOUND
54.2,0.01441182814770259,0.05,0.021911828147702588,0.00691182814770259,0.0168,0.0044,0.0052,0.0025,690,494,0.6395,0.4578,-3.5156217360974464,-3.691403057690071,0.17578132159262472,WELD_FOUND
54.249,0.01402525943745238,0.1,0.029025259437452378,-0.0009747405625476196,0.0168,0.0044,0.0123,-0.0054,690,495,0.6395,0.4588,-3.5156217360974464,-3.691403057690071,0.17578132159262472,WELD_FOUND
54.3,0.01402525943745238,0.1,0.029025259437452378,-0.0009747405625476196,0.0134,0.0051,0.0156,-0.0061,690,495,0.6395,0.4588,-2.1093715902432693,-3.691403057690071,1.582031467446802,WELD_FOUND
54.35,0.01457692693253034,0.15000000000000002,0.03707692693253034,-0.007923073067469663,0.0134,0.0051,0.0237,-0.013,691,496,0.6404,0.4597,-2.1093715902432693,-3.5156217360974464,1.4062501458541772,WELD_FOUND
54.4,0.01457692693253034,0.15000000000000002,0.03707692693253034,-0.007923073067469663,0.0117,0.0068,0.0253,-0.0147,691,496,0.6404,0.4597,-3.5156217360974464,-3.5156217360974464,0.0,WELD_FOUND
54.449,0.014688537391274832,0.15302508344571883,0.037642299908132656,-0.008265225125582991,0.0117,0.0068,0.0259,-0.015,693,496,0.6423,0.4597,-3.5156217360974464,-3.5156217360974464,0.0,WELD_FOUND
54.5,0.014688537391274832,0.15302508344571883,0.037642299908132656,-0.008265225125582991,0.0117,0.0068,0.0259,-0.015,693,496,0.6423,0.4597,-2.8124966631703576,-3.5156217360974464,0.7031250729270888,WELD_FOUND
54.549,0.014710910561412882,0.1533236727276799,0.037709461470564865,-0.008287640347739104,0.017,0.0054,0.0207,-0.0137,695,496,0.6441,0.4597,-2.8124966631703576,-3.5156217360974464,0.7031250729270888,WELD_FOUND
54.6,0.014710910561412882,0.1533236727276799,0.037709461470564865,-0.008287640347739104,0.017,0.0054,0.0207,-0.0137,695,496,0.6441,0.4597,-2.460934233428519,-2.8124966631703576,0.3515624297418385,WELD_FOUND
54.649,0.017379256559672922,0.11393951217742998,0.03447018338628742,0.0002883297330584268,0.017,0.0054,0.0175,-0.0051,697,497,0.646,0.4606,-2.460934233428519,-2.8124966631703576,0.3515624297418385,WELD_FOUND
54.7,0.017379256559672922,0.11393951217742998,0.03447018338628742,0.0002883297330584268,0.0151,0.0057,0.0194,-0.0054,697,497,0.646,0.4606,-5.273434098250051,-2.8124966631703576,-2.460937435079693,WELD_FOUND
54.749,0.01793959718334293,0.12101431964542256,0.03609174513015631,-0.00021255076347045238,0.0151,0.0057,0.021,-0.0059,699,497,0.6478,0.4606,-5.273434098250051,-2.8124966631703576,-2.460937435079693,WELD_FOUND
54.8,0.01793959718334293,0.12101431964542256,0.03609174513015631,-0.00021255076347045238,0.0165,0.0046,0.0196,-0.0048,699,497,0.6478,0.4606,-5.273434098250051,-2.8124966631703576,-2.460937435079693,WELD_FOUND
54.849,0.015335613371134921,0.16157197825158234,0.039571410108872274,-0.00890018336660243,0.0165,0.0046,0.0231,-0.0135,701,498,0.6497,0.4615,-5.273434098250051,-3.5156217360974464,-1.7578123621526043,WELD_FOUND
54.9,0.015335613371134921,0.16157197825158234,0.039571410108872274,-0.00890018336660243,0.0165,0.0046,0.0231,-0.0135,701,498,0.6497,0.4615,-5.273434098250051,nan,nan,NO_WELD
54.949,0.0,0.0,0.0,0.0,0.0198,0.0052,-0.0198,-0.0052,703,498,0.6515,0.4615,-5.273434098250051,nan,nan,NO_WELD
55.0,0.0,0.0,0.0,0.0,0.0198,0.0052,-0.0198,-0.0052,703,498,0.6515,0.4615,-5.273434098250051,nan,nan,NO_WELD
55.049,0.0,0.0,0.0,0.0,0.0156,0.0042,-0.0156,-0.0042,704,498,0.6524,0.4615,-5.273434098250051,nan,nan,NO_WELD
55.101,0.0,0.0,0.0,0.0,0.0156,0.0042,-0.0156,-0.0042,704,498,0.6524,0.4615,-1.4062466240378864,nan,nan,WELD_FOUND
55.149,0.023527550883828414,0.05,0.031027550883828414,0.016027550883828415,0.0156,0.0042,0.0154,0.0119,704,498,0.6524,0.4615,-1.4062466240378864,-1.4062466240378864,0.0,WELD_FOUND
55.2,0.023527550883828414,0.05,0.031027550883828414,0.016027550883828415,0.0125,0.0033,0.0186,0.0127,704,498,0.6524,0.4615,-2.460934233428519,-1.4062466240378864,-1.0546876093906328,WELD_FOUND
55.25,0.02292327702137489,0.08597135210223988,0.035818979836710875,0.010027574206038907,0.0125,0.0033,0.0233,0.0067,705,500,0.6534,0.4634,-2.460934233428519,-1.9335904820940557,-0.5273437513344634,WELD_FOUND
55.3,0.02292327702137489,0.08597135210223988,0.035818979836710875,0.010027574206038907,0.0112,0.0094,0.0246,0.0006,705,500,0.6534,0.4634,-2.460934233428519,-1.9335904820940557,-0.5273437513344634,WELD_FOUND
55.35,0.020481981750043093,0.11388603921066781,0.037564887631643264,0.003399075868442923,0.0112,0.0094,0.0264,-0.006,709,503,0.6571,0.4662,-2.460934233428519,-2.460934233428519,0.0,WELD_FOUND
55.4,0.020481981750043093,0.11388603921066781,0.037564887631643264,0.003399075868442923,0.0112,0.0094,0.0264,-0.006,709,503,0.6571,0.4662,-2.460934233428519,-2.460934233428519,0.0,WELD_FOUND
55.45,0.020010212799506422,0.1087051057471187,0.036315978661574225,0.00370444693743862,0.024,0.0205,0.0123,-0.0168,712,506,0.6599,0.4689,-2.460934233428519,-2.460934233428519,0.0,WELD_FOUND
55.5,0.020010212799506422,0.1087051057471187,0.036315978661574225,0.00370444693743862,0.024,0.0205,0.0123,-0.0168,712,506,0.6599,0.4689,-2.460934233428519,-2.460934233428519,0.0,WELD_FOUND
55.549,0.01991651861354828,0.10764844865010934,0.03606378591106468,0.003769251316031879,0.024,0.0205,0.012,-0.0167,714,506,0.6617,0.4689,-2.1093715902432693,-2.460934233428519,0.3515626431852499,WELD_FOUND
55.6,0.01991651861354828,0.10764844865010934,0.03606378591106468,0.003769251316031879,0.0194,0.0164,0.0167,-0.0126,714,506,0.6617,0.4689,-2.1093715902432693,-2.460934233428519,0.3515626431852499,WELD_FOUND
55.65,0.019897806160522613,0.10743373645170094,0.036012866628277754,0.0037827456927674724,0.0194,0.0164,0.0167,-0.0126,715,507,0.6626,0.4699,-2.1093715902432693,-2.460934233428519,0.3515626431852499,WELD_FOUND
55.7,0.019897806160522613,0.10743373645170094,0.036012866628277754,0.0037827456927674724,0.0153,0.0135,0.0207,-0.0098,715,507,0.6626,0.4699,-2.1093715902432693,-2.460934233428519,0.3515626431852499,WELD_FOUND
55.749,0.02140603936376811,0.08784160278711457,0.0345822797818353,0.008229798945700926,0.0153,0.0135,0.0193,-0.0053,717,507,0.6645,0.4699,-2.1093715902432693,-2.1093715902432693,0.0,WELD_FOUND
55.799,0.02140603936376811,0.08784160278711457,0.0345822797818353,0.008229798945700926,0.0153,0.0135,0.0193,-0.0053,717,507,0.6645,0.4699,-2.1093715902432693,-2.1093715902432693,0.0,WELD_FOUND
55.849,0.021714297087211346,0.09115247398226714,0.03538716818455142,0.008041425989871275,0.0191,0.0106,0.0163,-0.0026,719,508,0.6663,0.4708,-2.8124966631703576,-2.1093715902432693,-0.7031250729270884,WELD_FOUND
55.9,0.021714297087211346,0.09115247398226714,0.03538716818455142,0.008041425989871275,0.0191,0.0106,0.0163,-0.0026,719,508,0.6663,0.4708,-2.8124966631703576,-2.1093715902432693,-0.7031250729270884,WELD_FOUND
55.949,0.021776213075211753,0.09186606033867466,0.03555612212601295,0.007996304024410554,0.0189,0.0138,0.0167,-0.0058,721,510,0.6682,0.4727,-1.0546840875743422,-2.1093715902432693,1.054687502668927,WELD_FOUND
55.999,0.021776213075211753,0.09186606033867466,0.03555612212601295,0.007996304024410554,0.0189,0.0138,0.0167,-0.0058,721,510,0.6682,0.4727,-1.0546840875743422,-2.1093715902432693,1.054687502668927,WELD_FOUND
56.05,0.0,0.0,0.0,0.0,0.0189,0.0138,-0.0189,-0.0138,723,511,0.6701,0.4736,-1.0546840875743422,nan,nan,NO_WELD
56.101,0.0,0.0,0.0,0.0,0.0163,0.0107,-0.0163,-0.0107,723,511,0.6701,0.4736,-1.0546840875743422,nan,nan,NO_WELD
56.149,0.0,0.0,0.0,0.0,0.0163,0.0107,-0.0163,-0.0107,724,512,0.671,0.4745,-1.0546840875743422,nan,nan,NO_WELD
56.2,0.0,0.0,0.0,0.0,0.0163,0.0107,-0.0163,-0.0107,724,512,0.671,0.4745,-1.0546840875743422,nan,nan,NO_WELD
56.249,0.0,0.0,0.0,0.0,0.0122,0.0089,-0.0122,-0.0089,724,512,0.671,0.4745,-1.0546840875743422,nan,nan,NO_WELD
56.3,0.0,0.0,0.0,0.0,0.0122,0.0089,-0.0122,-0.0089,724,512,0.671,0.4745,-1.0546840875743422,nan,nan,NO_WELD
56.349,0.0,0.0,0.0,0.0,0.0098,0.0071,-0.0098,-0.0071,724,512,0.671,0.4745,-1.7578091605014305,-1.7578091605014305,0.0,WELD_FOUND
56.4,0.0,0.0,0.0,0.0,0.0098,0.0071,-0.0098,-0.0071,724,512,0.671,0.4745,-1.7578091605014305,-1.7578091605014305,0.0,WELD_FOUND
56.449,0.0,0.0,0.0,0.0,0.0098,0.0071,-0.0098,-0.0071,724,512,0.671,0.4745,-1.7578091605014305,nan,nan,NO_WELD
56.5,0.0,0.0,0.0,0.0,0.0078,0.0057,-0.0078,-0.0057,724,512,0.671,0.4745,-1.7578091605014305,nan,nan,NO_WELD
56.549,0.0,0.0,0.0,0.0,0.0078,0.0057,-0.0078,-0.0057,724,512,0.671,0.4745,-1.7578091605014305,nan,nan,NO_WELD
56.599,0.0,0.0,0.0,0.0,0.0078,0.0057,-0.0078,-0.0057,724,512,0.671,0.4745,-1.7578091605014305,nan,nan,NO_WELD
56.649,0.02179170584530101,0.05,0.02929170584530101,0.014291705845301012,0.0063,0.0046,0.023,0.0097,724,512,0.671,0.4745,-2.1093715902432693,-2.1093715902432693,0.0,WELD_FOUND
56.7,0.02179170584530101,0.05,0.02929170584530101,0.014291705845301012,0.0063,0.0046,0.023,0.0097,724,512,0.671,0.4745,-2.1093715902432693,-2.1093715902432693,0.0,WELD_FOUND
56.75,0.0,0.0,0.0,0.0,0.0075,0.0064,-0.0075,-0.0064,725,513,0.6719,0.4754,-2.1093715902432693,nan,nan,NO_WELD
56.8,0.0,0.0,0.0,0.0,0.0075,0.0064,-0.0075,-0.0064,725,513,0.6719,0.4754,-2.1093715902432693,nan,nan,NO_WELD
56.849,0.0,0.0,0.0,0.0,0.0075,0.0064,-0.0075,-0.0064,727,515,0.6738,0.4773,-2.1093715902432693,nan,nan,NO_WELD
56.9,0.0,0.0,0.0,0.0,0.0094,0.0088,-0.0094,-0.0088,727,515,0.6738,0.4773,-2.1093715902432693,nan,nan,NO_WELD
56.949,0.0,0.0,0.0,0.0,0.0094,0.0088,-0.0094,-0.0088,727,515,0.6738,0.4773,-2.1093715902432693,nan,nan,NO_WELD
56.999,0.0,0.0,0.0,0.0,0.0094,0.0088,-0.0094,-0.0088,727,515,0.6738,0.4773,-2.1093715902432693,nan,nan,NO_WELD
57.05,0.0,0.0,0.0,0.0,0.0075,0.007,-0.0075,-0.007,727,515,0.6738,0.4773,-2.1093715902432693,nan,nan,NO_WELD
57.101,0.0,0.0,0.0,0.0,0.0075,0.007,-0.0075,-0.007,727,515,0.6738,0.4773,-2.1093715902432693,nan,nan,NO_WELD
57.15,0.0,0.0,0.0,0.0,0.0075,0.007,-0.0075,-0.007,727,515,0.6738,0.4773,-2.1093715902432693,-2.1093715902432693,0.0,WELD_FOUND
57.2,0.0,0.0,0.0,0.0,0.006,0.0056,-0.006,-0.0056,727,515,0.6738,0.4773,-2.1093715902432693,-2.1093715902432693,0.0,WELD_FOUND
57.25,0.0,0.0,0.0,0.0,0.006,0.0056,-0.006,-0.0056,727,515,0.6738,0.4773,-2.1093715902432693,nan,nan,NO_WELD
57.3,0.0,0.0,0.0,0.0,0.006,0.0056,-0.006,-0.0056,727,515,0.6738,0.4773,-2.1093715902432693,nan,nan,NO_WELD
57.35,0.018081071475928034,0.05,0.025581071475928033,0.010581071475928034,0.0048,0.0045,0.0208,0.0061,727,515,0.6738,0.4773,-2.8124966631703576,-2.8124966631703576,0.0,WELD_FOUND
57.4,0.018081071475928034,0.05,0.025581071475928033,0.010581071475928034,0.0048,0.0045,0.0208,0.0061,727,515,0.6738,0.4773,-2.8124966631703576,-2.8124966631703576,0.0,WELD_FOUND
57.45,0.023372858783020523,0.05388775614734672,0.03145602220512253,0.015289695360918516,0.0103,0.0064,0.0212,0.0089,729,516,0.6756,0.4782,-0.35155909468853286,-1.5820278389088056,1.2304687442202726,WELD_FOUND
57.5,0.023372858783020523,0.05388775614734672,0.03145602220512253,0.015289695360918516,0.0103,0.0064,0.0212,0.0089,729,516,0.6756,0.4782,-0.35155909468853286,-1.5820278389088056,1.2304687442202726,WELD_FOUND
57.55,0.02704630173994997,0.0365199772282008,0.03252429832418009,0.02156830515571985,0.0103,0.0064,0.0222,0.0152,732,519,0.6784,0.481,-1.0546840875743422,-1.0546840875743422,0.0,WELD_FOUND
57.6,0.02704630173994997,0.0365199772282008,0.03252429832418009,0.02156830515571985,0.0136,0.0113,0.0189,0.0103,732,519,0.6784,0.481,-1.0546840875743422,-1.0546840875743422,0.0,WELD_FOUND
57.65,0.0,0.0,0.0,0.0,0.0136,0.0113,-0.0136,-0.0113,736,523,0.6821,0.4847,-1.0546840875743422,nan,nan,NO_WELD
57.7,0.0,0.0,0.0,0.0,0.023,0.0216,-0.023,-0.0216,736,523,0.6821,0.4847,-1.0546840875743422,nan,nan,NO_WELD
57.75,0.02123604497843314,0.05,0.02873604497843314,0.01373604497843314,0.023,0.0216,0.0057,-0.0078,738,525,0.684,0.4866,-2.460934233428519,-2.460934233428519,0.0,WELD_FOUND
57.8,0.02123604497843314,0.05,0.02873604497843314,0.01373604497843314,0.0212,0.0204,0.0075,-0.0066,738,525,0.684,0.4866,-2.460934233428519,-2.460934233428519,0.0,WELD_FOUND
57.85,0.022461660705933355,0.08107846595553518,0.034623430599263635,0.010299890812603078,0.0212,0.0204,0.0134,-0.0101,739,526,0.6849,0.4875,-1.4062466240378864,-1.9335904820940557,0.5273438580561693,WELD_FOUND
57.9,0.022461660705933355,0.08107846595553518,0.034623430599263635,0.010299890812603078,0.0212,0.0204,0.0134,-0.0101,739,526,0.6849,0.4875,-1.4062466240378864,-1.9335904820940557,0.5273438580561693,WELD_FOUND
57.95,0.0,0.0,0.0,0.0,0.0226,0.0196,-0.0226,-0.0196,742,528,0.6877,0.4893,-1.4062466240378864,nan,nan,NO_WELD
58.0,0.0,0.0,0.0,0.0,0.0226,0.0196,-0.0226,-0.0196,742,528,0.6877,0.4893,-1.4062466240378864,nan,nan,NO_WELD
58.05,0.023510777824224928,0.05,0.031010777824224928,0.016010777824224928,0.0181,0.0155,0.0129,0.0005,742,529,0.6877,0.4903,-1.7578091605014305,-1.7578091605014305,0.0,WELD_FOUND
58.101,0.023510777824224928,0.05,0.031010777824224928,0.016010777824224928,0.0181,0.0155,0.0129,0.0005,742,529,0.6877,0.4903,-1.7578091605014305,-1.7578091605014305,0.0,WELD_FOUND
58.15,0.02537202103591178,0.05634606122618821,0.03382393021984001,0.016920111851983548,0.0183,0.013,0.0156,0.0039,744,530,0.6895,0.4912,-1.0546840875743422,-1.4062466240378864,0.3515625364635442,WELD_FOUND
58.2,0.02537202103591178,0.05634606122618821,0.03382393021984001,0.016920111851983548,0.0183,0.013,0.0156,0.0039,744,530,0.6895,0.4912,-1.0546840875743422,-1.4062466240378864,0.3515625364635442,WELD_FOUND
58.25,0.02409169977993391,0.08001983639893434,0.03609467523977406,0.01208872432009376,0.0183,0.013,0.0178,-0.0009,747,533,0.6923,0.494,-2.460934233428519,-1.7578091605014305,-0.7031250729270886,WELD_FOUND
58.3,0.02409169977993391,0.08001983639893434,0.03609467523977406,0.01208872432009376,0.0184,0.0152,0.0177,-0.0031,747,533,0.6923,0.494,-2.460934233428519,-1.7578091605014305,-0.7031250729270886,WELD_FOUND
58.35,0.023839612982468002,0.07736969869018061,0.03544506778599509,0.012234158178940911,0.0184,0.0152,0.0171,-0.003,750,536,0.6951,0.4967,-1.7578091605014305,-1.7578091605014305,0.0,WELD_FOUND
58.4,0.023839612982468002,0.07736969869018061,0.03544506778599509,0.012234158178940911,0.0184,0.0152,0.0171,-0.003,750,536,0.6951,0.4967,-1.7578091605014305,-1.7578091605014305,0.0,WELD_FOUND
58.45,0.0,0.0,0.0,0.0,0.0258,0.0239,-0.0258,-0.0239,753,539,0.6979,0.4995,-1.7578091605014305,nan,nan,NO_WELD
58.5,0.0,0.0,0.0,0.0,0.0258,0.0239,-0.0258,-0.0239,753,539,0.6979,0.4995,-1.7578091605014305,nan,nan,NO_WELD
58.55,0.030724762718456342,0.013019477295660112,0.032677684312805357,0.028771841124107324,0.0258,0.0239,0.0068,0.0048,753,540,0.6979,0.5005,-0.35155909468853286,-0.35155909468853286,0.0,WELD_FOUND
58.6,0.030724762718456342,0.013019477295660112,0.032677684312805357,0.028771841124107324,0.0207,0.0168,0.012,0.0119,753,540,0.6979,0.5005,-0.35155909468853286,-0.35155909468853286,0.0,WELD_FOUND
58.65,0.024923630552818314,-0.036980522704339894,0.019376552147167332,0.030470708958469296,0.0207,0.0168,-0.0013,0.0136,755,542,0.6997,0.5023,4.5703160689555435,2.109378420432439,2.4609376485231045,WELD_FOUND
58.7,0.024923630552818314,-0.036980522704339894,0.019376552147167332,0.030470708958469296,0.0198,0.0175,-0.0004,0.013,755,542,0.6997,0.5023,4.5703160689555435,2.109378420432439,2.4609376485231045,WELD_FOUND
58.75,0.012732528737137698,-0.0869805227043399,-0.00031454966851328543,0.02577960714278868,0.0198,0.0175,-0.0201,0.0083,758,545,0.7025,0.5051,6.679691074293397,4.5703160689555435,2.1093750053378537,WELD_FOUND
58.8,0.012732528737137698,-0.0869805227043399,-0.00031454966851328543,0.02577960714278868,0.023,0.0216,-0.0233,0.0042,758,545,0.7025,0.5051,6.679691074293397,4.5703160689555435,2.1093750053378537,WELD_FOUND
58.85,0.0,0.0,0.0,0.0,0.023,0.0216,-0.023,-0.0216,758,545,0.7025,0.5051,6.679691074293397,nan,nan,NO_WELD
58.9,0.0,0.0,0.0,0.0,0.023,0.0216,-0.023,-0.0216,758,545,0.7025,0.5051,6.679691074293397,nan,nan,NO_WELD
58.95,0.0,0.0,0.0,0.0,0.0184,0.0173,-0.0184,-0.0173,758,545,0.7025,0.5051,6.679691074293397,nan,nan,NO_WELD
59.0,0.0,0.0,0.0,0.0,0.0184,0.0173,-0.0184,-0.0173,758,545,0.7025,0.5051,6.679691074293397,nan,nan,NO_WELD
59.05,0.0052217294607265355,-0.05,-0.002278270539273464,0.012721729460726534,0.0184,0.0173,-0.0207,-0.0046,758,545,0.7025,0.5051,6.679691074293397,6.679691074293397,0.0,WELD_FOUND
59.101,0.0052217294607265355,-0.05,-0.002278270539273464,0.012721729460726534,0.0147,0.0138,-0.017,-0.0011,758,545,0.7025,0.5051,6.679691074293397,6.679691074293397,0.0,WELD_FOUND
59.15,0.005,-0.1,-0.009999999999999998,0.02,0.0147,0.0138,-0.0247,0.0062,758,545,0.7025,0.5051,7.031253717478648,6.855472395886022,0.17578132159262516,WELD_FOUND
59.199,0.005,-0.1,-0.009999999999999998,0.02,0.0118,0.0111,-0.0218,0.0089,758,545,0.7025,0.5051,7.031253717478648,6.855472395886022,0.17578132159262516,WELD_FOUND
59.25,0.0,0.0,0.0,0.0,0.0118,0.0111,-0.0118,-0.0111,759,546,0.7034,0.506,7.031253717478648,nan,nan,NO_WELD
59.3,0.0,0.0,0.0,0.0,0.0118,0.0111,-0.0118,-0.0111,759,546,0.7034,0.506,7.031253717478648,nan,nan,NO_WELD
59.35,0.00976713826233868,-0.05,0.0022671382623386804,0.01726713826233868,0.012,0.0116,-0.0097,0.0057,760,547,0.7043,0.5069,4.218753425770293,4.218753425770293,0.0,WELD_FOUND
59.4,0.00976713826233868,-0.05,0.0022671382623386804,0.01726713826233868,0.012,0.0116,-0.0097,0.0057,760,547,0.7043,0.5069,4.218753425770293,4.218753425770293,0.0,WELD_FOUND
59.45,0.020484330915714596,-0.040512101062450435,0.014407515756347031,0.026561146075082163,0.0109,0.0107,0.0035,0.0159,761,548,0.7053,0.5079,-0.7031216044716506,1.7578159906906006,-2.4609375951622514,WELD_FOUND
59.5,0.020484330915714596,-0.040512101062450435,0.014407515756347031,0.026561146075082163,0.0109,0.0107,0.0035,0.0159,761,548,0.7053,0.5079,-0.7031216044716506,1.7578159906906006,-2.4609375951622514,WELD_FOUND
59.55,0.0,0.0,0.0,0.0,0.0109,0.0107,-0.0109,-0.0107,763,550,0.7071,0.5097,-0.7031216044716506,nan,nan,NO_WELD
59.599,0.0,0.0,0.0,0.0,0.0115,0.0113,-0.0115,-0.0113,763,550,0.7071,0.5097,-0.7031216044716506,nan,nan,NO_WELD
59.65,0.0,0.0,0.0,0.0,0.0115,0.0113,-0.0115,-0.0113,764,551,0.7081,0.5107,-0.7031216044716506,nan,nan,NO_WELD
59.699,0.0,0.0,0.0,0.0,0.0115,0.0113,-0.0115,-0.0113,764,551,0.7081,0.5107,-0.7031216044716506,nan,nan,NO_WELD
59.75,0.0,0.0,0.0,0.0,0.0094,0.0093,-0.0094,-0.0093,764,551,0.7081,0.5107,-0.7031216044716506,nan,nan,NO_WELD
59.8,0.0,0.0,0.0,0.0,0.0094,0.0093,-0.0094,-0.0093,764,551,0.7081,0.5107,-0.7031216044716506,nan,nan,NO_WELD
59.85,0.0,0.0,0.0,0.0,0.0075,0.0074,-0.0075,-0.0074,764,551,0.7081,0.5107,-0.7031216044716506,nan,nan,NO_WELD
59.9,0.0,0.0,0.0,0.0,0.0075,0.0074,-0.0075,-0.0074,764,551,0.7081,0.5107,-0.7031216044716506,nan,nan,NO_WELD
59.95,0.0,0.0,0.0,0.0,0.0075,0.0074,-0.0075,-0.0074,764,551,0.7081,0.5107,-0.7031216044716506,nan,nan,NO_WELD
60.0,0.0,0.0,0.0,0.0,0.006,0.0059,-0.006,-0.0059,764,551,0.7081,0.5107,-5.273434098250051,nan,nan,NO_WELD
60.05,0.0,0.0,0.0,0.0,0.006,0.0059,-0.006,-0.0059,764,551,0.7081,0.5107,-5.273434098250051,nan,nan,NO_WELD
60.101,0.0,0.0,0.0,0.0,0.006,0.0059,-0.006,-0.0059,764,551,0.7081,0.5107,-2.460934233428519,nan,nan,NO_WELD
60.15,0.0,0.0,0.0,0.0,0.0048,0.0047,-0.0048,-0.0047,764,551,0.7081,0.5107,-2.460934233428519,nan,nan,NO_WELD
60.2,0.0,0.0,0.0,0.0,0.0048,0.0047,-0.0048,-0.0047,764,551,0.7081,0.5107,0.35156592487770283,nan,nan,NO_WELD
60.25,0.0,0.0,0.0,0.0,0.0038,0.0038,-0.0038,-0.0038,764,551,0.7081,0.5107,0.35156592487770283,nan,nan,NO_WELD
60.3,0.0,0.0,0.0,0.0,0.0038,0.0038,-0.0038,-0.0038,764,551,0.7081,0.5107,5.97656621480972,nan,nan,NO_WELD
60.349,0.0,0.0,0.0,0.0,0.0038,0.0038,-0.0038,-0.0038,764,551,0.7081,0.5107,5.97656621480972,nan,nan,NO_WELD
60.4,0.0,0.0,0.0,0.0,0.0031,0.003,-0.0031,-0.003,764,551,0.7081,0.5107,6.679691074293397,nan,nan,NO_WELD
60.449,0.0,0.0,0.0,0.0,0.0031,0.003,-0.0031,-0.003,764,551,0.7081,0.5107,6.679691074293397,nan,nan,NO_WELD
60.499,0.0,0.0,0.0,0.0,0.0031,0.003,-0.0031,-0.003,764,551,0.7081,0.5107,-1.7578091605014305,nan,nan,NO_WELD
60.549,0.0,0.0,0.0,0.0,0.0025,0.0024,-0.0025,-0.0024,764,551,0.7081,0.5107,-1.7578091605014305,nan,nan,NO_WELD
60.6,0.0,0.0,0.0,0.0,0.0025,0.0024,-0.0025,-0.0024,764,551,0.7081,0.5107,9.492191366001752,nan,nan,NO_WELD
60.649,0.0,0.0,0.0,0.0,0.002,0.0019,-0.002,-0.0019,764,551,0.7081,0.5107,9.492191366001752,nan,nan,NO_WELD
60.699,0.0,0.0,0.0,0.0,0.002,0.0019,-0.002,-0.0019,764,551,0.7081,0.5107,-2.8124966631703576,nan,nan,NO_WELD
60.749,0.0,0.0,0.0,0.0,0.002,0.0019,-0.002,-0.0019,764,551,0.7081,0.5107,-2.8124966631703576,nan,nan,NO_WELD
60.8,0.0,0.0,0.0,0.0,0.0016,0.0016,-0.0016,-0.0016,764,551,0.7081,0.5107,-2.460934233428519,nan,nan,NO_WELD
60.849,0.0,0.0,0.0,0.0,0.0016,0.0016,-0.0016,-0.0016,764,551,0.7081,0.5107,-2.460934233428519,nan,nan,NO_WELD
60.899,0.0,0.0,0.0,0.0,0.0016,0.0016,-0.0016,-0.0016,764,551,0.7081,0.5107,-18.98437248671975,nan,nan,NO_WELD
60.949,0.0,0.0,0.0,0.0,0.0013,0.0012,-0.0013,-0.0012,764,551,0.7081,0.5107,-18.98437248671975,nan,nan,NO_WELD
60.999,0.0,0.0,0.0,0.0,0.0013,0.0012,-0.0013,-0.0012,764,551,0.7081,0.5107,-17.929685410937644,nan,nan,NO_WELD
61.049,0.0,0.0,0.0,0.0,0.0013,0.0012,-0.0013,-0.0012,764,551,0.7081,0.5107,-17.929685410937644,nan,nan,NO_WELD
61.101,0.0,0.0,0.0,0.0,0.001,0.0,-0.001,0.0,764,551,0.7081,0.5107,7.031253717478648,nan,nan,NO_WELD
61.149,0.0,0.0,0.0,0.0,0.001,0.0,-0.001,0.0,764,551,0.7081,0.5107,7.031253717478648,nan,nan,NO_WELD
61.199,0.0,0.0,0.0,0.0,0.001,0.0,-0.001,0.0,764,551,0.7081,0.5107,8.085940793260752,nan,nan,NO_WELD
61.25,0.0,0.0,0.0,0.0,0.0,0.0,0.0,0.0,764,551,0.7081,0.5107,8.085940793260752,nan,nan,NO_WELD
61.299,0.0,0.0,0.0,0.0,0.0,0.0,0.0,0.0,764,551,0.7081,0.5107,-2.1093715902432693,nan,nan,NO_WELD
61.349,0.0,0.0,0.0,0.0,0.0,0.0,0.0,0.0,764,551,0.7081,0.5107,-2.1093715902432693,nan,nan,NO_WELD
61.399,0.0,0.0,0.0,0.0,0.0,0.0,0.0,0.0,764,551,0.7081,0.5107,-17.929685410937644,nan,nan,NO_WELD
61.449,0.0,0.0,0.0,0.0,0.0,0.0,0.0,0.0,764,551,0.7081,0.5107,-17.929685410937644,nan,nan,NO_WELD
61.499,0.0,0.0,0.0,0.0,0.0,0.0,0.0,0.0,764,551,0.7081,0.5107,5.97656621480972,nan,nan,NO_WELD
61.549,0.0,0.0,0.0,0.0,0.0,0.0,0.0,0.0,764,551,0.7081,0.5107,5.97656621480972,nan,nan,NO_WELD
61.6,0.0,0.0,0.0,0.0,0.0,0.0,0.0,0.0,764,551,0.7081,0.5107,-1.4062466240378864,nan,nan,NO_WELD
61.649,0.0,0.0,0.0,0.0,0.0,0.0,0.0,0.0,764,551,0.7081,0.5107,-1.4062466240378864,nan,nan,NO_WELD
61.699,0.0,0.0,0.0,0.0,0.0,0.0,0.0,0.0,764,551,0.7081,0.5107,-0.35155909468853286,nan,nan,NO_WELD
61.749,0.0,0.0,0.0,0.0,0.0,0.0,0.0,0.0,764,551,0.7081,0.5107,-0.35155909468853286,nan,nan,NO_WELD
61.799,0.0,0.0,0.0,0.0,0.0,0.0,0.0,0.0,764,551,0.7081,0.5107,-17.929685410937644,nan,nan,NO_WELD
61.849,0.0,0.0,0.0,0.0,0.0,0.0,0.0,0.0,764,551,0.7081,0.5107,-17.929685410937644,nan,nan,NO_WELD
61.899,0.0,0.0,0.0,0.0,0.0,0.0,0.0,0.0,764,551,0.7081,0.5107,-2.1093715902432693,nan,nan,NO_WELD
61.949,0.0,0.0,0.0,0.0,0.0,0.0,0.0,0.0,764,551,0.7081,0.5107,-2.1093715902432693,nan,nan,NO_WELD
61.999,0.0,0.0,0.0,0.0,0.0,0.0,0.0,0.0,764,551,0.7081,0.5107,-17.929685410937644,nan,nan,NO_WELD
62.049,0.0,0.0,0.0,0.0,0.0,0.0,0.0,0.0,764,551,0.7081,0.5107,-17.929685410937644,nan,nan,NO_WELD
62.101,0.0,0.0,0.0,0.0,0.0,0.0,0.0,0.0,764,551,0.7081,0.5107,-17.929685410937644,nan,nan,NO_WELD
62.15,0.0,0.0,0.0,0.0,0.0,0.0,0.0,0.0,764,551,0.7081,0.5107,-17.929685410937644,nan,nan,NO_WELD
62.199,0.0,0.0,0.0,0.0,0.0,0.0,0.0,0.0,764,551,0.7081,0.5107,5.2734409284392205,nan,nan,NO_WELD
62.249,0.0,0.0,0.0,0.0,0.0,0.0,0.0,0.0,764,551,0.7081,0.5107,5.2734409284392205,nan,nan,NO_WELD
62.299,0.0,0.0,0.0,0.0,0.0,0.0,0.0,0.0,764,551,0.7081,0.5107,-17.929685410937644,nan,nan,NO_WELD
62.349,0.0,0.0,0.0,0.0,0.0,0.0,0.0,0.0,764,551,0.7081,0.5107,-17.929685410937644,nan,nan,NO_WELD
62.399,0.0,0.0,0.0,0.0,0.0,0.0,0.0,0.0,764,551,0.7081,0.5107,-17.929685410937644,nan,nan,NO_WELD
62.449,0.0,0.0,0.0,0.0,0.0,0.0,0.0,0.0,764,551,0.7081,0.5107,-17.929685410937644,nan,nan,NO_WELD
62.499,0.0,0.0,0.0,0.0,0.0,0.0,0.0,0.0,764,551,0.7081,0.5107,5.97656621480972,nan,nan,NO_WELD
62.549,0.0,0.0,0.0,0.0,0.0,0.0,0.0,0.0,764,551,0.7081,0.5107,5.97656621480972,nan,nan,NO_WELD
62.599,0.0,0.0,0.0,0.0,0.0,0.0,0.0,0.0,764,551,0.7081,0.5107,-2.460934233428519,nan,nan,NO_WELD
62.649,0.0,0.0,0.0,0.0,0.0,0.0,0.0,0.0,764,551,0.7081,0.5107,-2.460934233428519,nan,nan,NO_WELD
62.699,0.0,0.0,0.0,0.0,0.0,0.0,0.0,0.0,764,551,0.7081,0.5107,-2.460934233428519,nan,nan,NO_WELD
62.749,0.0,0.0,0.0,0.0,0.0,0.0,0.0,0.0,764,551,0.7081,0.5107,-2.460934233428519,nan,nan,NO_WELD
62.799,0.0,0.0,0.0,0.0,0.0,0.0,0.0,0.0,764,551,0.7081,0.5107,-2.460934233428519,nan,nan,NO_WELD
62.849,0.0,0.0,0.0,0.0,0.0,0.0,0.0,0.0,764,551,0.7081,0.5107,-2.460934233428519,nan,nan,NO_WELD
62.899,0.0,0.0,0.0,0.0,0.0,0.0,0.0,0.0,764,551,0.7081,0.5107,-2.460934233428519,nan,nan,NO_WELD
62.949,0.0,0.0,0.0,0.0,0.0,0.0,0.0,0.0,764,551,0.7081,0.5107,-2.460934233428519,nan,nan,NO_WELD
62.999,0.0,0.0,0.0,0.0,0.0,0.0,0.0,0.0,764,551,0.7081,0.5107,-2.460934233428519,nan,nan,NO_WELD
63.049,0.0,0.0,0.0,0.0,0.0,0.0,0.0,0.0,764,551,0.7081,0.5107,-2.460934233428519,nan,nan,NO_WELD
63.101,0.0,0.0,0.0,0.0,0.0,0.0,0.0,0.0,764,551,0.7081,0.5107,-2.460934233428519,nan,nan,NO_WELD
63.149,0.0,0.0,0.0,0.0,0.0,0.0,0.0,0.0,764,551,0.7081,0.5107,-2.460934233428519,nan,nan,NO_WELD
63.199,0.0,0.0,0.0,0.0,0.0,0.0,0.0,0.0,764,551,0.7081,0.5107,-0.35155909468853286,-0.35155909468853286,0.0,WELD_FOUND
63.249,0.0,0.0,0.0,0.0,0.0,0.0,0.0,0.0,764,551,0.7081,0.5107,-0.35155909468853286,-0.35155909468853286,0.0,WELD_FOUND
63.299,0.0,0.0,0.0,0.0,0.0,0.0,0.0,0.0,764,551,0.7081,0.5107,-0.35155909468853286,nan,nan,NO_WELD
63.349,0.0,0.0,0.0,0.0,0.0,0.0,0.0,0.0,764,551,0.7081,0.5107,-0.35155909468853286,nan,nan,NO_WELD
63.4,0.02179170584530101,0.05,0.02929170584530101,0.014291705845301012,0.0,0.0,0.0293,0.0143,764,551,0.7081,0.5107,-2.1093715902432693,-2.1093715902432693,0.0,WELD_FOUND
63.449,0.02179170584530101,0.05,0.02929170584530101,0.014291705845301012,0.0,0.0,0.0293,0.0143,764,551,0.7081,0.5107,-2.1093715902432693,-2.1093715902432693,0.0,WELD_FOUND
63.499,0.0,0.0,0.0,0.0,0.0,0.0,0.0,0.0,765,551,0.709,0.5107,-2.1093715902432693,nan,nan,NO_WELD
63.549,0.0,0.0,0.0,0.0,0.0025,0.0,-0.0025,0.0,765,551,0.709,0.5107,-2.1093715902432693,nan,nan,NO_WELD
63.599,0.0,0.0,0.0,0.0,0.0025,0.0,-0.0025,0.0,767,553,0.7108,0.5125,-2.1093715902432693,nan,nan,NO_WELD
63.649,0.0,0.0,0.0,0.0,0.0089,0.0074,-0.0089,-0.0074,767,553,0.7108,0.5125,-2.1093715902432693,nan,nan,NO_WELD
63.699,0.020265923313856744,0.05,0.027765923313856744,0.012765923313856745,0.0089,0.0074,0.0189,0.0054,767,553,0.7108,0.5125,-2.460934233428519,-2.460934233428519,0.0,WELD_FOUND
63.749,0.020265923313856744,0.05,0.027765923313856744,0.012765923313856745,0.0089,0.0074,0.0189,0.0054,767,553,0.7108,0.5125,-2.460934233428519,-2.460934233428519,0.0,WELD_FOUND
63.8,0.019967411344230288,0.1,0.03496741134423029,0.004967411344230288,0.0071,0.0059,0.0278,-0.001,767,553,0.7108,0.5125,-2.460934233428519,-2.460934233428519,0.0,WELD_FOUND
63.849,0.019967411344230288,0.1,0.03496741134423029,0.004967411344230288,0.0071,0.0059,0.0278,-0.001,767,553,0.7108,0.5125,-2.460934233428519,-2.460934233428519,0.0,WELD_FOUND
63.899,0.019907974731771496,0.10754940646465375,0.03604038570146956,0.0037755637620734347,0.0071,0.0059,0.0289,-0.0022,770,556,0.7136,0.5153,-2.460934233428519,-2.460934233428519,0.0,WELD_FOUND
63.949,0.019907974731771496,0.10754940646465375,0.03604038570146956,0.0037755637620734347,0.0117,0.011,0.0243,-0.0072,770,556,0.7136,0.5153,-2.460934233428519,-2.460934233428519,0.0,WELD_FOUND
63.999,0.0,0.0,0.0,0.0,0.0117,0.011,-0.0117,-0.011,775,561,0.7182,0.5199,-2.460934233428519,nan,nan,NO_WELD
64.049,0.0,0.0,0.0,0.0,0.0117,0.011,-0.0117,-0.011,775,561,0.7182,0.5199,-2.460934233428519,nan,nan,NO_WELD
64.101,0.01843941955796481,0.05,0.025939419557964808,0.010939419557964809,0.0292,0.0288,-0.0033,-0.0179,779,565,0.722,0.5236,-2.8124966631703576,-2.8124966631703576,0.0,WELD_FOUND
64.149,0.01843941955796481,0.05,0.025939419557964808,0.010939419557964809,0.0292,0.0288,-0.0033,-0.0179,779,565,0.722,0.5236,-2.8124966631703576,-2.8124966631703576,0.0,WELD_FOUND
64.199,0.0,0.0,0.0,0.0,0.0292,0.0288,-0.0292,-0.0288,779,565,0.722,0.5236,-2.8124966631703576,nan,nan,NO_WELD
64.249,0.0,0.0,0.0,0.0,0.0234,0.023,-0.0234,-0.023,779,565,0.722,0.5236,-2.8124966631703576,nan,nan,NO_WELD
64.299,0.022655120989527024,0.05,0.030155120989527023,0.015155120989527024,0.0234,0.023,0.0068,-0.0079,780,566,0.7229,0.5246,-1.7578091605014305,-1.7578091605014305,0.0,WELD_FOUND
64.349,0.022655120989527024,0.05,0.030155120989527023,0.015155120989527024,0.0234,0.023,0.0068,-0.0079,780,566,0.7229,0.5246,-1.7578091605014305,-1.7578091605014305,0.0,WELD_FOUND
64.399,0.0,0.0,0.0,0.0,0.0165,0.0163,-0.0165,-0.0163,780,566,0.7229,0.5246,-1.7578091605014305,nan,nan,NO_WELD
64.449,0.0,0.0,0.0,0.0,0.0165,0.0163,-0.0165,-0.0163,780,566,0.7229,0.5246,-1.7578091605014305,nan,nan,NO_WELD
64.5,0.02196304694518151,0.05,0.02946304694518151,0.01446304694518151,0.0173,0.0172,0.0122,-0.0027,782,568,0.7247,0.5264,-2.1093715902432693,-2.1093715902432693,0.0,WELD_FOUND
64.549,0.02196304694518151,0.05,0.02946304694518151,0.01446304694518151,0.0173,0.0172,0.0122,-0.0027,782,568,0.7247,0.5264,-2.1093715902432693,-2.1093715902432693,0.0,WELD_FOUND
64.599,0.0,0.0,0.0,0.0,0.0173,0.0172,-0.0173,-0.0172,782,568,0.7247,0.5264,-2.1093715902432693,nan,nan,NO_WELD
64.649,0.0,0.0,0.0,0.0,0.0138,0.0137,-0.0138,-0.0137,782,568,0.7247,0.5264,-2.1093715902432693,nan,nan,NO_WELD
64.7,0.020298918806757014,0.05,0.027798918806757014,0.012798918806757015,0.0138,0.0137,0.014,-0.0009,784,570,0.7266,0.5283,-2.460934233428519,-2.460934233428519,0.0,WELD_FOUND
64.749,0.020298918806757014,0.05,0.027798918806757014,0.012798918806757015,0.0138,0.0137,0.014,-0.0009,784,570,0.7266,0.5283,-2.460934233428519,-2.460934233428519,0.0,WELD_FOUND
64.799,0.01851437942826697,0.1,0.033514379428266974,0.003514379428266972,0.0157,0.0132,0.0178,-0.0097,785,570,0.7275,0.5283,-3.164059092912196,-2.8124966631703576,-0.3515624297418385,WELD_FOUND
64.849,0.01851437942826697,0.1,0.033514379428266974,0.003514379428266972,0.0157,0.0132,0.0178,-0.0097,785,570,0.7275,0.5283,-3.164059092912196,-2.8124966631703576,-0.3515624297418385,WELD_FOUND
64.9,0.01961341860490157,0.10410538560826509,0.035229226446141335,0.003997610763661808,0.0205,0.019,0.0147,-0.015,788,573,0.7303,0.531,-2.460934233428519,-2.460934233428519,0.0,WELD_FOUND
64.949,0.01961341860490157,0.10410538560826509,0.035229226446141335,0.003997610763661808,0.0205,0.019,0.0147,-0.015,788,573,0.7303,0.531,-2.460934233428519,-2.460934233428519,0.0,WELD_FOUND
64.999,0.019837028825417317,0.10673794017021834,0.03584771985095007,0.0038263377998845674,0.0205,0.019,0.0153,-0.0152,790,574,0.7321,0.532,-2.460934233428519,-2.460934233428519,0.0,WELD_FOUND
65.049,0.019837028825417317,0.10673794017021834,0.03584771985095007,0.0038263377998845674,0.0173,0.0139,0.0186,-0.0101,790,574,0.7321,0.532,-2.460934233428519,-2.460934233428519,0.0,WELD_FOUND
65.101,0.019881902964928026,0.10724533464880473,0.03596870316224873,0.003795102767607316,0.0173,0.0139,0.0187,-0.0101,791,575,0.7331,0.5329,-1.4062466240378864,-2.460934233428519,1.0546876093906328,WELD_FOUND
65.149,0.019881902964928026,0.10724533464880473,0.03596870316224873,0.003795102767607316,0.0141,0.012,0.0219,-0.0082,791,575,0.7331,0.5329,-1.4062466240378864,-2.460934233428519,1.0546876093906328,WELD_FOUND
65.199,0.01989088387664647,0.1073528373705711,0.03599380948223213,0.0037879582710608067,0.0141,0.012,0.0219,-0.0082,792,575,0.734,0.5329,-5.273434098250051,-2.460934233428519,-2.8124998648215316,WELD_FOUND
65.249,0.01989088387664647,0.1073528373705711,0.03599380948223213,0.0037879582710608067,0.0141,0.012,0.0219,-0.0082,792,575,0.734,0.5329,-5.273434098250051,-2.460934233428519,-2.8124998648215316,WELD_FOUND
65.299,0.01989268030234281,0.10737323166397574,0.035998665051939174,0.003786695552746449,0.0134,0.0096,0.0226,-0.0058,793,575,0.7349,0.5329,-5.273434098250051,-2.460934233428519,-2.8124998648215316,WELD_FOUND
65.349,0.01989268030234281,0.10737323166397574,0.035998665051939174,0.003786695552746449,0.0134,0.0096,0.0226,-0.0058,793,575,0.7349,0.5329,-5.273434098250051,-2.460934233428519,-2.8124998648215316,WELD_FOUND
65.399,0.019893039597216184,0.10737745310573102,0.03599965756307584,0.003786421631356531,0.0134,0.0096,0.0226,-0.0058,795,576,0.7368,0.5338,-2.460934233428519,-2.460934233428519,0.0,WELD_FOUND
65.449,0.019893039597216184,0.10737745310573102,0.03599965756307584,0.003786421631356531,0.013,0.0083,0.023,-0.0045,795,576,0.7368,0.5338,-2.460934233428519,-2.460934233428519,0.0,WELD_FOUND
65.499,0.019893111456580227,0.10737830626063764,0.03599985739567588,0.0037863655174845794,0.013,0.0083,0.023,-0.0045,795,576,0.7368,0.5338,-2.460934233428519,-2.460934233428519,0.0,WELD_FOUND
65.55,0.019893111456580227,0.10737830626063764,0.03599985739567588,0.0037863655174845794,0.0104,0.0066,0.0256,-0.0028,795,576,0.7368,0.5338,-2.460934233428519,-2.460934233428519,0.0,WELD_FOUND
65.599,0.019893125828468604,0.10737847082566748,0.03599989645231873,0.0037863552046184835,0.0104,0.0066,0.0256,-0.0028,796,576,0.7377,0.5338,-2.460934233428519,-2.460934233428519,0.0,WELD_FOUND
65.649,0.019893125828468604,0.10737847082566748,0.03599989645231873,0.0037863552046184835,0.0104,0.0066,0.0256,-0.0028,796,576,0.7377,0.5338,-2.460934233428519,-2.460934233428519,0.0,WELD_FOUND
65.699,0.019893128702846905,0.1073785041645174,0.035999904327524514,0.0037863530781692967,0.0112,0.0053,0.0248,-0.0015,797,576,0.7386,0.5338,-0.35155909468853286,-2.460934233428519,2.109375138739986,WELD_FOUND
65.749,0.019893128702846905,0.1073785041645174,0.035999904327524514,0.0037863530781692967,0.0112,0.0053,0.0248,-0.0015,797,576,0.7386,0.5338,-0.35155909468853286,-2.460934233428519,2.109375138739986,WELD_FOUND
65.799,0.019893129277722594,0.10737851095422019,0.03599990592085562,0.003786352634589568,0.0104,0.0042,0.0256,-0.0004,798,576,0.7396,0.5338,4.5703160689555435,-2.460934233428519,7.031250302384063,WELD_FOUND
65.849,0.019893129277722594,0.10737851095422019,0.03599990592085562,0.003786352634589568,0.0104,0.0042,0.0256,-0.0004,798,576,0.7396,0.5338,4.5703160689555435,-2.460934233428519,7.031250302384063,WELD_FOUND
65.899,0.029795331227378874,0.05737851095422018,0.0384021078705119,0.021188554584245844,0.0104,0.0042,0.028,0.017,799,577,0.7405,0.5347,7.382816360663898,-0.35155909468853286,7.73437545535243,WELD_FOUND
65.949,0.029795331227378874,0.05737851095422018,0.0384021078705119,0.021188554584245844,0.0087,0.005,0.0297,0.0162,799,577,0.7405,0.5347,7.382816360663898,-0.35155909468853286,7.73437545535243,WELD_FOUND
66.0,0.0,0.0,0.0,0.0,0.0087,0.005,-0.0087,-0.005,801,580,0.7423,0.5375,7.382816360663898,nan,nan,NO_WELD
66.049,0.0,0.0,0.0,0.0,0.0126,0.0141,-0.0126,-0.0141,801,580,0.7423,0.5375,7.382816360663898,nan,nan,NO_WELD
66.102,0.0055084910631138205,-0.05,-0.0019915089368861792,0.01300849106311382,0.0126,0.0141,-0.0146,-0.0011,805,582,0.746,0.5394,7.734379003849147,7.734379003849147,0.0,WELD_FOUND
66.15,0.0055084910631138205,-0.05,-0.0019915089368861792,0.01300849106311382,0.0224,0.0159,-0.0244,-0.0029,805,582,0.746,0.5394,7.734379003849147,7.734379003849147,0.0,WELD_FOUND
66.2,0.0,0.0,0.0,0.0,0.0224,0.0159,-0.0224,-0.0159,805,582,0.746,0.5394,7.734379003849147,nan,nan,NO_WELD
66.249,0.0,0.0,0.0,0.0,0.0224,0.0159,-0.0224,-0.0159,805,582,0.746,0.5394,7.734379003849147,nan,nan,NO_WELD
66.299,0.0,0.0,0.0,0.0,0.0179,0.0127,-0.0179,-0.0127,805,582,0.746,0.5394,7.734379003849147,nan,nan,NO_WELD
66.349,0.0,0.0,0.0,0.0,0.0179,0.0127,-0.0179,-0.0127,805,582,0.746,0.5394,7.734379003849147,nan,nan,NO_WELD
66.399,0.0,0.0,0.0,0.0,0.0179,0.0127,-0.0179,-0.0127,805,582,0.746,0.5394,7.734379003849147,nan,nan,NO_WELD
66.449,0.0,0.0,0.0,0.0,0.0143,0.0102,-0.0143,-0.0102,805,582,0.746,0.5394,7.734379003849147,nan,nan,NO_WELD
66.499,0.0,0.0,0.0,0.0,0.0143,0.0102,-0.0143,-0.0102,805,582,0.746,0.5394,7.734379003849147,nan,nan,NO_WELD
66.549,0.0,0.0,0.0,0.0,0.0115,0.0081,-0.0115,-0.0081,805,582,0.746,0.5394,7.734379003849147,nan,nan,NO_WELD
66.599,0.0,0.0,0.0,0.0,0.0115,0.0081,-0.0115,-0.0081,805,582,0.746,0.5394,7.734379003849147,nan,nan,NO_WELD
66.649,0.0,0.0,0.0,0.0,0.0115,0.0081,-0.0115,-0.0081,805,582,0.746,0.5394,7.734379003849147,nan,nan,NO_WELD
66.699,0.0,0.0,0.0,0.0,0.0092,0.0065,-0.0092,-0.0065,805,582,0.746,0.5394,0.35156592487770283,nan,nan,NO_WELD
66.749,0.0,0.0,0.0,0.0,0.0092,0.0065,-0.0092,-0.0065,805,582,0.746,0.5394,0.35156592487770283,nan,nan,NO_WELD
66.8,0.0,0.0,0.0,0.0,0.0073,0.0052,-0.0073,-0.0052,805,582,0.746,0.5394,-2.1093715902432693,nan,nan,NO_WELD
66.85,0.0,0.0,0.0,0.0,0.0073,0.0052,-0.0073,-0.0052,805,582,0.746,0.5394,-2.1093715902432693,nan,nan,NO_WELD
66.9,0.025848408980401087,0.05,0.03334840898040109,0.018348408980401087,0.0059,0.0042,0.0275,0.0142,805,582,0.746,0.5394,-1.4062466240378864,-1.4062466240378864,0.0,WELD_FOUND
66.949,0.025848408980401087,0.05,0.03334840898040109,0.018348408980401087,0.0059,0.0042,0.0275,0.0142,805,582,0.746,0.5394,-1.4062466240378864,-1.4062466240378864,0.0,WELD_FOUND
67.0,0.02418419916164567,0.0810376518410839,0.03633984693780826,0.012028551385483085,0.0109,0.0062,0.0254,0.0058,807,583,0.7479,0.5403,-2.1093715902432693,-1.7578091605014305,-0.3515624297418387,WELD_FOUND
67.049,0.02418419916164567,0.0810376518410839,0.03633984693780826,0.012028551385483085,0.0109,0.0062,0.0254,0.0058,807,583,0.7479,0.5403,-2.1093715902432693,-1.7578091605014305,-0.3515624297418387,WELD_FOUND
67.101,0.0,0.0,0.0,0.0,0.0109,0.0062,-0.0109,-0.0062,811,588,0.7516,0.5449,-2.1093715902432693,nan,nan,NO_WELD
67.15,0.0,0.0,0.0,0.0,0.0165,0.0161,-0.0165,-0.0161,811,588,0.7516,0.5449,-2.1093715902432693,nan,nan,NO_WELD
67.2,0.0,0.0,0.0,0.0,0.0165,0.0161,-0.0165,-0.0161,814,590,0.7544,0.5468,-2.1093715902432693,nan,nan,NO_WELD
67.25,0.0,0.0,0.0,0.0,0.021,0.0171,-0.021,-0.0171,814,590,0.7544,0.5468,-2.1093715902432693,nan,nan,NO_WELD
67.3,0.0,0.0,0.0,0.0,0.021,0.0171,-0.021,-0.0171,813,590,0.7535,0.5468,-2.1093715902432693,nan,nan,NO_WELD
67.349,0.0,0.0,0.0,0.0,0.021,0.0171,-0.021,-0.0171,813,590,0.7535,0.5468,-2.1093715902432693,nan,nan,NO_WELD
67.4,0.0,0.0,0.0,0.0,0.0101,0.0137,-0.0101,-0.0137,813,590,0.7535,0.5468,3.4150945850063755e-06,3.4150945850063755e-06,0.0,WELD_FOUND
67.449,0.0,0.0,0.0,0.0,0.0101,0.0137,-0.0101,-0.0137,813,590,0.7535,0.5468,3.4150945850063755e-06,3.4150945850063755e-06,0.0,WELD_FOUND
67.5,0.03025113731584426,-0.03434239459322917,0.025099778126859887,0.035402496504828636,0.0081,0.0109,0.017,0.0245,813,590,0.7535,0.5468,1.4062534542270564,0.7031284346608206,0.7031250195662357,WELD_FOUND
67.549,0.03025113731584426,-0.03434239459322917,0.025099778126859887,0.035402496504828636,0.0081,0.0109,0.017,0.0245,813,590,0.7535,0.5468,1.4062534542270564,0.7031284346608206,0.7031250195662357,WELD_FOUND
67.6,0.03025113731584426,-0.03434239459322917,0.025099778126859887,0.035402496504828636,0.0085,0.0087,0.0166,0.0267,814,590,0.7544,0.5468,-1.7578091605014305,3.4150945850063755e-06,-1.7578125755960154,WELD_FOUND
67.65,0.035,0.0,0.035,0.035,0.0085,0.0087,0.0265,0.0263,814,590,0.7544,0.5468,-1.7578091605014305,3.4150945850063755e-06,-1.7578125755960154,WELD_FOUND
67.699,0.035,0.0,0.035,0.035,0.0085,0.0087,0.0265,0.0263,817,594,0.7572,0.5505,0.35156592487770283,3.4150945850063755e-06,0.3515625097831178,WELD_FOUND
67.749,0.035,0.0,0.035,0.035,0.0126,0.0152,0.0224,0.0198,817,594,0.7572,0.5505,0.35156592487770283,0.17578466998614392,0.1757812548915589,WELD_FOUND
67.8,0.035,0.0,0.035,0.035,0.0126,0.0152,0.0224,0.0198,822,599,0.7618,0.5551,-2.8124966631703576,0.17578466998614392,-2.9882813331565017,WELD_FOUND
67.849,0.035,0.0,0.035,0.035,0.0126,0.0152,0.0224,0.0198,822,599,0.7618,0.5551,-2.8124966631703576,3.4150945850063755e-06,-2.8125000782649425,WELD_FOUND
67.9,0.035,0.0,0.035,0.035,0.0346,0.0337,0.0004,0.0013,828,604,0.7674,0.5598,-4.921871881951623,3.4150945850063755e-06,-4.921875297046208,WELD_FOUND
67.95,0.02588903028460789,0.05,0.03338903028460789,0.01838903028460789,0.0346,0.0337,-0.0013,-0.0154,828,604,0.7674,0.5598,-4.921871881951623,-1.7578091605014305,-3.1640627214501924,WELD_FOUND
68.0,0.02588903028460789,0.05,0.03338903028460789,0.01838903028460789,0.0346,0.0337,-0.0013,-0.0154,832,609,0.7711,0.5644,-5.273434098250051,-1.7578091605014305,-3.51562493774862,WELD_FOUND
68.049,0.019530855370819198,0.1,0.034530855370819194,0.0045308553708191986,0.0307,0.0326,0.0038,-0.0281,832,609,0.7711,0.5644,-5.273434098250051,-2.8124966631703576,-2.460937435079693,WELD_FOUND
68.101,0.019530855370819198,0.1,0.034530855370819194,0.0045308553708191986,0.0307,0.0326,0.0038,-0.0281,834,611,0.7729,0.5663,-3.164059092912196,-2.8124966631703576,-0.3515624297418385,WELD_FOUND
68.149,0.01696807466647491,0.1458734003782077,0.038849084723206063,-0.004912935390256244,0.0258,0.027,0.013,-0.0319,834,611,0.7729,0.5663,-3.164059092912196,-3.164059092912196,0.0,WELD_FOUND
68.2,0.01696807466647491,0.1458734003782077,0.038849084723206063,-0.004912935390256244,0.0258,0.027,0.013,-0.0319,837,613,0.7757,0.5681,-3.164059092912196,nan,nan,WELD_FOUND
68.249,0.0,0.0,0.0,0.0,0.0258,0.027,-0.0258,-0.027,837,613,0.7757,0.5681,-3.164059092912196,nan,nan,NO_WELD
68.3,0.0,0.0,0.0,0.0,0.0303,0.0285,-0.0303,-0.0285,840,616,0.7785,0.5709,-3.164059092912196,nan,nan,NO_WELD
68.349,0.0,0.0,0.0,0.0,0.0303,0.0285,-0.0303,-0.0285,840,616,0.7785,0.5709,-3.164059092912196,nan,nan,NO_WELD
68.4,0.0,0.0,0.0,0.0,0.0303,0.0285,-0.0303,-0.0285,841,617,0.7794,0.5718,-3.164059092912196,nan,nan,NO_WELD
68.449,0.01785564391538781,0.05,0.02535564391538781,0.010355643915387812,0.0207,0.0196,0.0047,-0.0092,841,617,0.7794,0.5718,-2.8124966631703576,-2.8124966631703576,0.0,WELD_FOUND
68.5,0.01785564391538781,0.05,0.02535564391538781,0.010355643915387812,0.0207,0.0196,0.0047,-0.0092,841,617,0.7794,0.5718,-2.8124966631703576,-2.8124966631703576,0.0,WELD_FOUND
68.549,0.02252485268314895,0.06346144439983079,0.032044069343123566,0.013005636023174331,0.0207,0.0196,0.0114,-0.0066,841,617,0.7794,0.5718,-0.7031216044716506,-1.7578091605014305,1.05468755602978,WELD_FOUND
68.6,0.02252485268314895,0.06346144439983079,0.032044069343123566,0.013005636023174331,0.0149,0.0142,0.0172,-0.0012,842,618,0.7803,0.5727,-0.7031216044716506,-1.7578091605014305,1.05468755602978,WELD_FOUND
68.649,0.023523700696203804,0.07405270125550796,0.03463160588453,0.01241579550787761,0.0149,0.0142,0.0198,-0.0018,842,618,0.7803,0.5727,-1.7578091605014305,-1.7578091605014305,0.0,WELD_FOUND
68.7,0.023523700696203804,0.07405270125550796,0.03463160588453,0.01241579550787761,0.02,0.0197,0.0146,-0.0072,845,621,0.7831,0.5755,-1.7578091605014305,-1.7578091605014305,0.0,WELD_FOUND
68.749,0.0,0.0,0.0,0.0,0.02,0.0197,-0.02,-0.0197,845,621,0.7831,0.5755,-1.7578091605014305,nan,nan,NO_WELD
68.8,0.0,0.0,0.0,0.0,0.0231,0.0192,-0.0231,-0.0192,848,623,0.7859,0.5774,-1.7578091605014305,nan,nan,NO_WELD
68.85,0.022132807010166056,0.05,0.029632807010166056,0.014632807010166057,0.0231,0.0192,0.0065,-0.0046,848,623,0.7859,0.5774,-2.1093715902432693,-2.1093715902432693,0.0,WELD_FOUND
68.899,0.022132807010166056,0.05,0.029632807010166056,0.014632807010166057,0.0176,0.0152,0.012,-0.0006,849,624,0.7868,0.5783,-2.1093715902432693,-2.1093715902432693,0.0,WELD_FOUND
68.949,0.0,0.0,0.0,0.0,0.0176,0.0152,-0.0176,-0.0152,849,624,0.7868,0.5783,-2.1093715902432693,nan,nan,NO_WELD
68.999,0.0,0.0,0.0,0.0,0.0176,0.0152,-0.0176,-0.0152,852,626,0.7896,0.5802,-2.1093715902432693,nan,nan,NO_WELD
69.049,0.0,0.0,0.0,0.0,0.018,0.0141,-0.018,-0.0141,852,626,0.7896,0.5802,-2.1093715902432693,nan,nan,NO_WELD
69.101,0.0,0.0,0.0,0.0,0.018,0.0141,-0.018,-0.0141,851,625,0.7887,0.5792,-2.1093715902432693,nan,nan,NO_WELD
69.149,0.020331509464046164,0.05,0.027831509464046163,0.012831509464046164,0.018,0.0141,0.0099,-0.0013,851,625,0.7887,0.5792,-2.460934233428519,-2.460934233428519,0.0,WELD_FOUND
69.199,0.020331509464046164,0.05,0.027831509464046163,0.012831509464046164,0.0083,0.006,0.0195,0.0069,851,625,0.7887,0.5792,-2.460934233428519,-2.460934233428519,0.0,WELD_FOUND
69.249,0.0,0.0,0.0,0.0,0.0083,0.006,-0.0083,-0.006,851,625,0.7887,0.5792,-2.460934233428519,nan,nan,NO_WELD
69.299,0.0,0.0,0.0,0.0,0.0124,0.011,-0.0124,-0.011,853,627,0.7905,0.5811,-2.460934233428519,nan,nan,NO_WELD
69.349,0.0,0.0,0.0,0.0,0.0124,0.011,-0.0124,-0.011,853,627,0.7905,0.5811,-2.460934233428519,nan,nan,NO_WELD
69.399,0.0,0.0,0.0,0.0,0.0124,0.011,-0.0124,-0.011,854,627,0.7915,0.5811,-2.460934233428519,nan,nan,NO_WELD
69.449,0.035,0.0,0.035,0.035,0.0099,0.0088,0.0251,0.0262,854,627,0.7915,0.5811,0.7031284346608206,0.7031284346608206,0.0,WELD_FOUND
69.499,0.035,0.0,0.035,0.035,0.0099,0.0088,0.0251,0.0262,854,627,0.7915,0.5811,0.7031284346608206,0.7031284346608206,0.0,WELD_FOUND
69.549,0.031058593583162028,-0.040454697574003856,0.02499038894706145,0.037126798219262604,0.0079,0.007,0.0171,0.0301,854,627,0.7915,0.5811,0.7031284346608206,0.7031284346608206,0.0,WELD_FOUND
69.599,0.031058593583162028,-0.040454697574003856,0.02499038894706145,0.037126798219262604,0.0079,0.007,0.0171,0.0301,858,631,0.7952,0.5848,0.7031284346608206,0.7031284346608206,0.0,WELD_FOUND
69.649,0.03041177778899798,-0.03216738406514084,0.025586670179226854,0.035236885398769104,0.0079,0.007,0.0177,0.0282,858,631,0.7952,0.5848,-1.4062466240378864,0.7031284346608206,-2.1093750586987072,WELD_FOUND
69.699,0.03041177778899798,-0.03216738406514084,0.025586670179226854,0.035236885398769104,0.027,0.024,-0.0014,0.0112,863,635,0.7998,0.5885,-1.4062466240378864,0.7031284346608206,-2.1093750586987072,WELD_FOUND
69.749,0.035,0.0,0.035,0.035,0.027,0.024,0.008,0.011,863,635,0.7998,0.5885,-2.8124966631703576,-0.35155909468853286,-2.4609375684818247,WELD_FOUND
69.799,0.035,0.0,0.035,0.035,0.0273,0.0292,0.0077,0.0058,866,639,0.8026,0.5922,-2.8124966631703576,-0.35155909468853286,-2.4609375684818247,WELD_FOUND
69.85,0.027387433827640792,0.05,0.03488743382764079,0.019887433827640792,0.0273,0.0292,0.0076,-0.0093,866,639,0.8026,0.5922,-2.8124966631703576,-1.4062466240378864,-1.4062500391324713,WELD_FOUND
69.899,0.027387433827640792,0.05,0.03488743382764079,0.019887433827640792,0.0273,0.0292,0.0076,-0.0093,871,643,0.8072,0.5959,-2.8124966631703576,-1.4062466240378864,-1.4062500391324713,WELD_FOUND
69.949,0.0212963537468072,0.1,0.0362963537468072,0.0062963537468072005,0.0287,0.0274,0.0075,-0.0211,871,643,0.8072,0.5959,-2.460934233428519,-2.460934233428519,0.0,WELD_FOUND
69.999,0.0212963537468072,0.1,0.0362963537468072,0.0062963537468072005,0.0287,0.0274,0.0075,-0.0211,874,645,0.81,0.5978,-2.460934233428519,-2.460934233428519,0.0,WELD_FOUND
70.049,0.0,0.0,0.0,0.0,0.0287,0.0274,-0.0287,-0.0274,874,645,0.81,0.5978,-2.460934233428519,nan,nan,NO_WELD
70.101,0.0,0.0,0.0,0.0,0.0321,0.0313,-0.0321,-0.0313,877,649,0.8128,0.6015,-2.460934233428519,nan,nan,NO_WELD
70.149,0.0,0.0,0.0,0.0,0.0321,0.0313,-0.0321,-0.0313,877,649,0.8128,0.6015,-2.460934233428519,nan,nan,NO_WELD
70.199,0.0,0.0,0.0,0.0,0.0321,0.0313,-0.0321,-0.0313,878,648,0.8137,0.6005,-2.460934233428519,nan,nan,NO_WELD
70.249,0.018703089826865388,0.05,0.026203089826865388,0.011203089826865388,0.0217,0.0163,0.0045,-0.0051,878,648,0.8137,0.6005,-2.8124966631703576,-2.8124966631703576,0.0,WELD_FOUND
70.3,0.018703089826865388,0.05,0.026203089826865388,0.011203089826865388,0.0217,0.0163,0.0045,-0.0051,879,648,0.8146,0.6005,-2.8124966631703576,-2.8124966631703576,0.0,WELD_FOUND
70.35,0.0,0.0,0.0,0.0,0.0167,0.013,-0.0167,-0.013,879,648,0.8146,0.6005,-2.8124966631703576,nan,nan,NO_WELD
70.399,0.0,0.0,0.0,0.0,0.0167,0.013,-0.0167,-0.013,880,649,0.8156,0.6015,-2.8124966631703576,nan,nan,NO_WELD
70.449,0.0,0.0,0.0,0.0,0.0167,0.013,-0.0167,-0.013,880,649,0.8156,0.6015,-2.8124966631703576,nan,nan,NO_WELD
70.499,0.0,0.0,0.0,0.0,0.0125,0.0103,-0.0125,-0.0103,880,649,0.8156,0.6015,-2.8124966631703576,nan,nan,NO_WELD
70.549,0.02115510917777917,0.05,0.02865510917777917,0.013655109177779172,0.0125,0.0103,0.0161,0.0034,880,649,0.8156,0.6015,-2.1093715902432693,-2.1093715902432693,0.0,WELD_FOUND
70.599,0.02115510917777917,0.05,0.02865510917777917,0.013655109177779172,0.01,0.0082,0.0186,0.0054,880,649,0.8156,0.6015,-2.1093715902432693,-2.1093715902432693,0.0,WELD_FOUND
70.649,0.0,0.0,0.0,0.0,0.01,0.0082,-0.01,-0.0082,880,649,0.8156,0.6015,-2.1093715902432693,nan,nan,NO_WELD
70.699,0.0,0.0,0.0,0.0,0.01,0.0082,-0.01,-0.0082,883,652,0.8183,0.6043,-2.1093715902432693,nan,nan,NO_WELD
70.749,0.0,0.0,0.0,0.0,0.0134,0.0124,-0.0134,-0.0124,883,652,0.8183,0.6043,-2.1093715902432693,nan,nan,NO_WELD
70.799,0.0,0.0,0.0,0.0,0.0134,0.0124,-0.0134,-0.0124,883,652,0.8183,0.6043,-2.1093715902432693,nan,nan,NO_WELD
70.849,0.02166363157324326,0.05,0.02916363157324326,0.014163631573243261,0.0107,0.0099,0.0184,0.0043,883,652,0.8183,0.6043,-2.1093715902432693,-2.1093715902432693,0.0,WELD_FOUND
70.899,0.02166363157324326,0.05,0.02916363157324326,0.014163631573243261,0.0107,0.0099,0.0184,0.0043,883,652,0.8183,0.6043,-2.1093715902432693,-2.1093715902432693,0.0,WELD_FOUND
70.949,0.0,0.0,0.0,0.0,0.0086,0.0079,-0.0086,-0.0079,883,652,0.8183,0.6043,-2.1093715902432693,nan,nan,NO_WELD
70.999,0.0,0.0,0.0,0.0,0.0086,0.0079,-0.0086,-0.0079,886,655,0.8211,0.607,-2.1093715902432693,nan,nan,NO_WELD
71.049,0.023346299137305234,0.05,0.030846299137305234,0.015846299137305234,0.0086,0.0079,0.0223,0.0079,886,655,0.8211,0.607,-1.7578091605014305,-1.7578091605014305,0.0,WELD_FOUND
71.101,0.023346299137305234,0.05,0.030846299137305234,0.015846299137305234,0.0126,0.0097,0.0183,0.0062,886,654,0.8211,0.6061,-1.7578091605014305,-1.7578091605014305,0.0,WELD_FOUND
71.149,0.0,0.0,0.0,0.0,0.0126,0.0097,-0.0126,-0.0097,886,654,0.8211,0.6061,-1.7578091605014305,nan,nan,NO_WELD
71.199,0.0,0.0,0.0,0.0,0.0126,0.0097,-0.0126,-0.0097,889,657,0.8239,0.6089,-1.7578091605014305,nan,nan,NO_WELD
71.249,0.027040586285285977,0.04462863456623378,0.033734881470221044,0.02034629110035091,0.015,0.0132,0.0188,0.0071,889,657,0.8239,0.6089,-1.0546840875743422,-1.0546840875743422,0.0,WELD_FOUND
71.299,0.027040586285285977,0.04462863456623378,0.033734881470221044,0.02034629110035091,0.015,0.0132,0.0188,0.0071,890,657,0.8248,0.6089,-1.0546840875743422,-1.0546840875743422,0.0,WELD_FOUND
71.349,0.02524181059286187,0.07351407212173731,0.036268921411122465,0.014214699774601275,0.0127,0.0106,0.0236,0.0036,890,657,0.8248,0.6089,-2.1093715902432693,-1.5820278389088056,-0.5273437513344637,WELD_FOUND
71.399,0.02524181059286187,0.07351407212173731,0.036268921411122465,0.014214699774601275,0.0127,0.0106,0.0236,0.0036,893,660,0.8276,0.6117,-2.1093715902432693,-1.5820278389088056,-0.5273437513344637,WELD_FOUND
71.449,0.0,0.0,0.0,0.0,0.0187,0.0175,-0.0187,-0.0175,893,660,0.8276,0.6117,-2.1093715902432693,nan,nan,NO_WELD
71.499,0.0,0.0,0.0,0.0,0.0187,0.0175,-0.0187,-0.0175,897,664,0.8313,0.6154,-2.1093715902432693,nan,nan,NO_WELD
71.549,0.0,0.0,0.0,0.0,0.0261,0.0253,-0.0261,-0.0253,897,664,0.8313,0.6154,-2.1093715902432693,nan,nan,NO_WELD
71.599,0.0,0.0,0.0,0.0,0.0261,0.0253,-0.0261,-0.0253,898,665,0.8322,0.6163,-2.1093715902432693,nan,nan,NO_WELD
71.649,0.02246145311899053,0.05,0.029961453118990528,0.014961453118990529,0.0261,0.0253,0.0039,-0.0103,898,665,0.8322,0.6163,-2.1093715902432693,-2.1093715902432693,0.0,WELD_FOUND
71.699,0.02246145311899053,0.05,0.029961453118990528,0.014961453118990529,0.0181,0.0177,0.0119,-0.0027,898,665,0.8322,0.6163,-2.1093715902432693,-2.1093715902432693,0.0,WELD_FOUND
71.749,0.035,0.0,0.035,0.035,0.0181,0.0177,0.0169,0.0173,898,665,0.8322,0.6163,2.812503493359528,0.35156592487770283,2.460937568481825,WELD_FOUND
71.799,0.035,0.0,0.035,0.035,0.022,0.018,0.013,0.017,901,667,0.835,0.6182,2.812503493359528,0.35156592487770283,2.460937568481825,WELD_FOUND
71.849,0.021148511080792944,-0.05,0.013648511080792944,0.028648511080792943,0.022,0.018,-0.0083,0.0106,901,667,0.835,0.6182,7.031253717478648,2.812503493359528,4.21875022411912,WELD_FOUND
71.899,0.021148511080792944,-0.05,0.013648511080792944,0.028648511080792943,0.022,0.018,-0.0083,0.0106,905,671,0.8387,0.6219,7.031253717478648,2.812503493359528,4.21875022411912,WELD_FOUND
71.949,0.011043364882840313,-0.1,-0.0039566351171596865,0.026043364882840314,0.0231,0.0207,-0.027,0.0054,905,671,0.8387,0.6219,7.031253717478648,4.921878712140794,2.1093750053378537,WELD_FOUND
71.999,0.011043364882840313,-0.1,-0.0039566351171596865,0.026043364882840314,0.0231,0.0207,-0.027,0.0054,906,672,0.8397,0.6228,7.031253717478648,4.921878712140794,2.1093750053378537,WELD_FOUND
72.049,0.005771900467350557,-0.15000000000000002,-0.016728099532649445,0.02827190046735056,0.0176,0.0161,-0.0343,0.0122,906,672,0.8397,0.6228,6.328128431108148,6.328128431108148,0.0,WELD_FOUND
72.101,0.005771900467350557,-0.15000000000000002,-0.016728099532649445,0.02827190046735056,0.0176,0.0161,-0.0343,0.0122,907,674,0.8406,0.6246,6.328128431108148,6.328128431108148,0.0,WELD_FOUND
72.149,0.005,-0.2,-0.024999999999999998,0.034999999999999996,0.0142,0.0171,-0.0392,0.0179,907,674,0.8406,0.6246,7.031253717478648,7.031253717478648,0.0,WELD_FOUND
72.199,0.005,-0.2,-0.024999999999999998,0.034999999999999996,0.0142,0.0171,-0.0392,0.0179,910,677,0.8434,0.6274,7.031253717478648,7.031253717478648,0.0,WELD_FOUND
72.249,0.005,-0.25,-0.0325,0.042499999999999996,0.0196,0.0214,-0.0521,0.0211,910,677,0.8434,0.6274,6.679691074293397,7.031253717478648,-0.3515626431852503,WELD_FOUND
72.299,0.005,-0.25,-0.0325,0.042499999999999996,0.0196,0.0214,-0.0521,0.0211,912,680,0.8452,0.6302,6.679691074293397,7.031253717478648,-0.3515626431852503,WELD_FOUND
72.349,0.005,-0.28780301855031415,-0.038170452782547125,0.04817045278254712,0.0196,0.0214,-0.0578,0.0268,912,680,0.8452,0.6302,5.97656621480972,6.679691074293397,-0.703124859483677,WELD_FOUND
72.399,0.005,-0.28780301855031415,-0.038170452782547125,0.04817045278254712,0.0143,0.0227,-0.0524,0.0255,911,681,0.8443,0.6311,5.97656621480972,6.679691074293397,-0.703124859483677,WELD_FOUND
72.449,0.005,-0.27092096551804434,-0.03563814482770665,0.045638144827706645,0.0143,0.0227,-0.0499,0.0229,911,681,0.8443,0.6311,4.5703160689555435,6.328128431108148,-1.7578123621526043,WELD_FOUND
72.499,0.005,-0.27092096551804434,-0.03563814482770665,0.045638144827706645,0.0143,0.0227,-0.0499,0.0229,910,683,0.8434,0.633,4.5703160689555435,6.328128431108148,-1.7578123621526043,WELD_FOUND
72.549,0.005423875364774207,-0.2554282877454905,-0.03289036779704937,0.04373811852659778,0.0061,0.0186,-0.039,0.0252,910,683,0.8434,0.633,-0.35155909468853286,5.97656621480972,-6.328125309498253,WELD_FOUND
72.599,0.005423875364774207,-0.2554282877454905,-0.03289036779704937,0.04373811852659778,0.0061,0.0186,-0.039,0.0252,909,685,0.8424,0.6348,-0.35155909468853286,5.97656621480972,-6.328125309498253,WELD_FOUND
72.649,0.00921474452269666,-0.2054282877454905,-0.021599498639126913,0.040028987684520234,0.0061,0.0186,-0.0277,0.0215,909,685,0.8424,0.6348,-2.8124966631703576,4.5703160689555435,-7.382812732125901,WELD_FOUND
72.699,0.00921474452269666,-0.2054282877454905,-0.021599498639126913,0.040028987684520234,0.0012,0.0136,-0.0228,0.0264,909,684,0.8424,0.6339,-2.8124966631703576,4.5703160689555435,-7.382812732125901,WELD_FOUND
72.749,0.0,0.0,0.0,0.0,0.0012,0.0136,-0.0012,-0.0136,909,684,0.8424,0.6339,-2.8124966631703576,nan,nan,NO_WELD
72.799,0.0,0.0,0.0,0.0,0.0,0.0109,0.0,-0.0109,909,684,0.8424,0.6339,-2.8124966631703576,nan,nan,NO_WELD
72.849,0.0,0.0,0.0,0.0,0.0,0.0109,0.0,-0.0109,909,684,0.8424,0.6339,-2.8124966631703576,nan,nan,NO_WELD
72.899,0.0,0.0,0.0,0.0,0.0,0.0109,0.0,-0.0109,909,684,0.8424,0.6339,-2.8124966631703576,nan,nan,NO_WELD
72.949,0.0,0.0,0.0,0.0,0.0,0.0087,0.0,-0.0087,909,684,0.8424,0.6339,-2.8124966631703576,nan,nan,NO_WELD
72.999,0.0,0.0,0.0,0.0,0.0,0.0087,0.0,-0.0087,909,684,0.8424,0.6339,-2.8124966631703576,nan,nan,NO_WELD
73.049,0.03025113731584426,-0.035292727594877005,0.024957228176612712,0.035545046455075814,0.0,0.0087,0.025,0.0268,909,684,0.8424,0.6339,0.7031284346608206,0.7031284346608206,0.0,WELD_FOUND
73.101,0.03025113731584426,-0.035292727594877005,0.024957228176612712,0.035545046455075814,0.0025,0.007,0.0225,0.0286,910,684,0.8434,0.6339,0.7031284346608206,0.7031284346608206,0.0,WELD_FOUND
73.149,0.025009342204209944,-0.08529272759487701,0.012215433064978394,0.037803251343441494,0.0025,0.007,0.0097,0.0308,910,684,0.8434,0.6339,2.812503493359528,1.7578159906906006,1.0546875026689273,WELD_FOUND
73.199,0.025009342204209944,-0.08529272759487701,0.012215433064978394,0.037803251343441494,0.0163,0.0056,-0.0041,0.0322,914,684,0.8471,0.6339,2.812503493359528,1.7578159906906006,1.0546875026689273,WELD_FOUND
73.249,0.029162911101781545,-0.035292727594877005,0.023869001962549995,0.0344568202410131,0.0163,0.0056,0.0076,0.0289,914,684,0.8471,0.6339,0.35156592487770283,0.7031284346608206,-0.3515625097831178,WELD_FOUND
73.3,0.029162911101781545,-0.035292727594877005,0.023869001962549995,0.0344568202410131,0.0209,0.0045,0.003,0.03,917,684,0.8498,0.6339,0.35156592487770283,0.7031284346608206,-0.3515625097831178,WELD_FOUND
73.349,0.030950657397002916,-0.01886544327425442,0.028120840905864752,0.03378047388814108,0.0209,0.0045,0.0072,0.0293,917,684,0.8498,0.6339,-1.4062466240378864,0.5273471664290486,-1.933593790466935,WELD_FOUND
73.4,0.030950657397002916,-0.01886544327425442,0.028120840905864752,0.03378047388814108,0.0209,0.0045,0.0072,0.0293,920,684,0.8526,0.6339,-1.4062466240378864,0.5273471664290486,-1.933593790466935,WELD_FOUND
73.449,0.032252617077569004,-0.012353444477754915,0.030399600405905766,0.03410563374923224,0.02,0.0036,0.0104,0.0305,920,684,0.8526,0.6339,-1.7578091605014305,0.35156592487770283,-2.1093750853791335,WELD_FOUND
73.5,0.032252617077569004,-0.012353444477754915,0.030399600405905766,0.03410563374923224,0.02,0.0036,0.0104,0.0305,924,687,0.8563,0.6367,-1.7578091605014305,0.35156592487770283,-2.1093750853791335,WELD_FOUND
73.549,0.02806785682653043,0.037646555522245086,0.03371484015486719,0.022420873498193668,0.02,0.0036,0.0138,0.0189,924,687,0.8563,0.6367,-2.1093715902432693,-1.4062466240378864,-0.7031249662053829,WELD_FOUND
73.6,0.02806785682653043,0.037646555522245086,0.03371484015486719,0.022420873498193668,0.0317,0.0169,0.002,0.0055,928,690,0.86,0.6395,-2.1093715902432693,-1.4062466240378864,-0.7031249662053829,WELD_FOUND
73.649,0.02460654843831428,0.08543693457628684,0.03742208862475731,0.011791008251871253,0.0317,0.0169,0.0057,-0.0052,928,690,0.86,0.6395,-2.460934233428519,-1.7578091605014305,-0.7031250729270886,WELD_FOUND
73.7,0.02460654843831428,0.08543693457628684,0.03742208862475731,0.011791008251871253,0.0317,0.0169,0.0057,-0.0052,930,689,0.8619,0.6385,-2.460934233428519,-1.7578091605014305,-0.7031250729270886,WELD_FOUND
73.749,0.02234100032754409,0.09808836036105406,0.0370542543817022,0.00762774627338598,0.024,0.0077,0.0131,-0.0001,930,689,0.8619,0.6385,-2.8124966631703576,-2.1093715902432693,-0.7031250729270884,WELD_FOUND
73.8,0.02234100032754409,0.09808836036105406,0.0370542543817022,0.00762774627338598,0.024,0.0077,0.0131,-0.0001,931,689,0.8628,0.6385,-2.8124966631703576,-2.1093715902432693,-0.7031250729270884,WELD_FOUND
73.849,0.021901017780295243,0.0932601932902005,0.03589004677382532,0.00791198878676517,0.024,0.0077,0.0119,0.0002,931,689,0.8628,0.6385,-1.7578091605014305,-2.1093715902432693,0.3515624297418387,WELD_FOUND
73.9,0.021901017780295243,0.0932601932902005,0.03589004677382532,0.00791198878676517,0.0169,0.0062,0.019,0.0018,931,689,0.8628,0.6385,-1.7578091605014305,-2.1093715902432693,0.3515624297418387,WELD_FOUND
73.949,0.020286985543801556,0.1118235953369506,0.03706052484434415,0.003513446243258965,0.0169,0.0062,0.0202,-0.0026,931,689,0.8628,0.6385,-2.8124966631703576,-2.460934233428519,-0.3515624297418385,WELD_FOUND
74.0,0.020286985543801556,0.1118235953369506,0.03706052484434415,0.003513446243258965,0.0169,0.0062,0.0202,-0.0026,934,689,0.8656,0.6385,-2.8124966631703576,-2.460934233428519,-0.3515624297418385,WELD_FOUND
74.05,0.019971591783937093,0.10830003602508395,0.036216597187699685,0.0037265863801745,0.0175,0.0049,0.0187,-0.0012,934,689,0.8656,0.6385,-1.0546840875743422,-2.460934233428519,1.406250145854177,WELD_FOUND
74.101,0.019971591783937093,0.10830003602508395,0.036216597187699685,0.0037265863801745,0.0175,0.0049,0.0187,-0.0012,938,689,0.8693,0.6385,-1.0546840875743422,-2.460934233428519,1.406250145854177,WELD_FOUND
74.149,0.02298922888811997,0.06857391237076703,0.033275315743735025,0.012703142032504916,0.0175,0.0049,0.0157,0.0078,938,689,0.8693,0.6385,-1.4062466240378864,-1.7578091605014305,0.3515625364635442,WELD_FOUND
74.2,0.02298922888811997,0.06857391237076703,0.033275315743735025,0.012703142032504916,0.0327,0.0039,0.0005,0.0088,943,689,0.8739,0.6385,-1.4062466240378864,-1.7578091605014305,0.3515625364635442,WELD_FOUND
74.249,0.023618223402448454,0.07490567874334023,0.03485407521394949,0.01238237159094742,0.0327,0.0039,0.0021,0.0084,943,689,0.8739,0.6385,-2.1093715902432693,-1.7578091605014305,-0.3515624297418387,WELD_FOUND
74.3,0.023618223402448454,0.07490567874334023,0.03485407521394949,0.01238237159094742,0.0308,0.0039,0.0041,0.0084,946,689,0.8767,0.6385,-2.1093715902432693,-1.7578091605014305,-0.3515624297418387,WELD_FOUND
74.349,0.023745040989053827,0.07637246859495735,0.03520091127829743,0.012289170699810226,0.0308,0.0032,0.0044,0.0091,946,689,0.8767,0.6385,-1.7578091605014305,-1.7578091605014305,0.0,WELD_FOUND
74.4,0.023745040989053827,0.07637246859495735,0.03520091127829743,0.012289170699810226,0.0296,0.0032,0.0057,0.0091,949,689,0.8795,0.6385,-1.7578091605014305,-1.7578091605014305,0.0,WELD_FOUND
74.449,0.02377044525372449,0.07663168169697769,0.035265197508271146,0.012275692999177837,0.0296,0.0032,0.0057,0.0091,949,689,0.8795,0.6385,-2.460934233428519,-1.7578091605014305,-0.7031250729270886,WELD_FOUND
74.5,0.02377044525372449,0.07663168169697769,0.035265197508271146,0.012275692999177837,0.0296,0.0025,0.0057,0.0098,953,689,0.8832,0.6385,-2.460934233428519,-1.7578091605014305,-0.7031250729270886,WELD_FOUND
74.549,0.023775527736552605,0.07668543987881135,0.03527834371837431,0.012272711754730903,0.0276,0.0025,0.0076,0.0097,953,689,0.8832,0.6385,-1.7578091605014305,-1.7578091605014305,0.0,WELD_FOUND
74.6,0.023775527736552605,0.07668543987881135,0.03527834371837431,0.012272711754730903,0.0276,0.002,0.0076,0.0103,956,689,0.886,0.6385,-1.7578091605014305,-1.7578091605014305,0.0,WELD_FOUND
74.649,0.02218155750910716,0.09635639883401542,0.03663501733420947,0.007728097684004847,0.0276,0.002,0.009,0.0057,956,689,0.886,0.6385,-2.1093715902432693,-2.1093715902432693,0.0,WELD_FOUND
74.7,0.02218155750910716,0.09635639883401542,0.03663501733420947,0.007728097684004847,0.0338,0.0016,0.0028,0.0061,960,689,0.8897,0.6385,-2.1093715902432693,-2.1093715902432693,0.0,WELD_FOUND
74.749,0.021869399669484473,0.09288401329551509,0.035802001663811735,0.00793679767515721,0.0338,0.0016,0.002,0.0063,960,689,0.8897,0.6385,-2.8124966631703576,-2.1093715902432693,-0.7031250729270884,WELD_FOUND
74.8,0.021869399669484473,0.09288401329551509,0.035802001663811735,0.00793679767515721,0.0338,0.0016,0.002,0.0063,963,689,0.8925,0.6385,-2.8124966631703576,-2.1093715902432693,-0.7031250729270884,WELD_FOUND
74.849,0.020280897654187162,0.11174987292175417,0.037043378592450285,0.0035184167159240352,0.0277,0.0013,0.0093,0.0022,963,689,0.8925,0.6385,-2.8124966631703576,-2.460934233428519,-0.3515624297418385,WELD_FOUND
74.9,0.020280897654187162,0.11174987292175417,0.037043378592450285,0.0035184167159240352,0.0277,0.0013,0.0093,0.0022,966,689,0.8953,0.6385,-2.8124966631703576,-2.460934233428519,-0.3515624297418385,WELD_FOUND
74.949,0.018510936666925767,0.12803049196378777,0.037715510461493934,-0.0006936371276423971,0.0278,0.001,0.01,-0.0017,966,689,0.8953,0.6385,-3.5156217360974464,-2.8124966631703576,-0.7031250729270888,WELD_FOUND
74.999,0.018510936666925767,0.12803049196378777,0.037715510461493934,-0.0006936371276423971,0.0278,0.001,0.01,-0.0017,970,689,0.899,0.6385,-3.5156217360974464,-2.8124966631703576,-0.7031250729270888,WELD_FOUND
75.049,0.018166640512341417,0.12375022697942938,0.036729174559255826,-0.0003958935345729879,0.0315,0.0,0.0052,-0.0004,970,689,0.899,0.6385,-5.273434098250051,-2.8124966631703576,-2.460937435079693,WELD_FOUND
75.101,0.018166640512341417,0.12375022697942938,0.036729174559255826,-0.0003958935345729879,0.0315,0.0,0.0052,-0.0004,973,689,0.9017,0.6385,-5.273434098250051,-2.8124966631703576,-2.460937435079693,WELD_FOUND
75.149,0.01809816912313926,0.12292250431300662,0.03653654477009025,-0.0003402065238117327,0.0315,0.0,0.0051,-0.0003,973,689,0.9017,0.6385,-1.7578091605014305,-2.8124966631703576,1.054687502668927,WELD_FOUND
75.2,0.01809816912313926,0.12292250431300662,0.03653654477009025,-0.0003402065238117327,0.0288,0.0,0.0078,-0.0003,974,689,0.9027,0.6385,-1.7578091605014305,-2.8124966631703576,1.054687502668927,WELD_FOUND
75.249,0.01808449035896742,0.12275979082403085,0.03649845898257205,-0.0003294782646372056,0.0288,0.0,0.0077,-0.0003,974,689,0.9027,0.6385,-0.7031216044716506,-2.8124966631703576,2.1093750586987072,WELD_FOUND
75.3,0.01808449035896742,0.12275979082403085,0.03649845898257205,-0.0003294782646372056,0.021,0.0,0.0155,-0.0003,975,689,0.9036,0.6385,-0.7031216044716506,-2.8124966631703576,2.1093750586987072,WELD_FOUND
75.349,0.01952450695433173,0.10308369385042357,0.034987061031895264,0.004061952876768193,0.021,0.0,0.014,0.0041,975,689,0.9036,0.6385,-2.460934233428519,-2.460934233428519,0.0,WELD_FOUND
75.4,0.01952450695433173,0.10308369385042357,0.034987061031895264,0.004061952876768193,0.021,0.0,0.014,0.0041,977,689,0.9055,0.6385,-2.460934233428519,-2.460934233428519,0.0,WELD_FOUND
75.449,0.019819129141834962,0.10650693405366357,0.0357951692498845,0.0038430890337854268,0.0175,0.0,0.0183,0.0038,977,689,0.9055,0.6385,-5.273434098250051,-2.460934233428519,-2.8124998648215316,WELD_FOUND
75.5,0.019819129141834962,0.10650693405366357,0.0357951692498845,0.0038430890337854268,0.0175,0.0,0.0183,0.0038,979,692,0.9073,0.6413,-5.273434098250051,-2.460934233428519,-2.8124998648215316,WELD_FOUND
75.55,0.019878318334072814,0.1072084920589735,0.03595959214291884,0.0037970445252267886,0.0179,0.0111,0.018,-0.0073,979,692,0.9073,0.6413,-5.273434098250051,-2.460934233428519,-2.8124998648215316,WELD_FOUND
75.6,0.019878318334072814,0.1072084920589735,0.03595959214291884,0.0037970445252267886,0.0179,0.0111,0.018,-0.0073,982,694,0.9101,0.6432,-5.273434098250051,-2.460934233428519,-2.8124998648215316,WELD_FOUND
75.649,0.009788897805689497,0.1572084920589735,0.033370171614535524,-0.013792376003156527,0.0179,0.0111,0.0154,-0.0249,982,694,0.9101,0.6432,-5.273434098250051,-5.273434098250051,0.0,WELD_FOUND
75.7,0.009788897805689497,0.1572084920589735,0.033370171614535524,-0.013792376003156527,0.0231,0.0141,0.0103,-0.0279,984,695,0.9119,0.6441,-5.273434098250051,-5.273434098250051,0.0,WELD_FOUND
75.749,0.0,0.0,0.0,0.0,0.0231,0.0141,-0.0231,-0.0141,984,695,0.9119,0.6441,-5.273434098250051,nan,nan,NO_WELD
75.8,0.0,0.0,0.0,0.0,0.0185,0.0113,-0.0185,-0.0113,984,695,0.9119,0.6441,-5.273434098250051,nan,nan,NO_WELD
75.849,0.019011965491173746,0.05,0.026511965491173746,0.011511965491173747,0.0185,0.0113,0.008,0.0003,984,695,0.9119,0.6441,-2.1093715902432693,-2.1093715902432693,0.0,WELD_FOUND
75.9,0.019011965491173746,0.05,0.026511965491173746,0.011511965491173747,0.0185,0.0113,0.008,0.0003,984,695,0.9119,0.6441,-2.1093715902432693,-2.1093715902432693,0.0,WELD_FOUND
75.949,0.02606868778564853,0.02639922664670865,0.030028571782654827,0.02210880378864223,0.0148,0.009,0.0152,0.0131,984,695,0.9119,0.6441,3.4150945850063755e-06,-1.0546840875743422,1.054687502668927,WELD_FOUND
76.0,0.02606868778564853,0.02639922664670865,0.030028571782654827,0.02210880378864223,0.0148,0.009,0.0152,0.0131,986,697,0.9138,0.646,3.4150945850063755e-06,-1.0546840875743422,1.054687502668927,WELD_FOUND
76.049,0.035,0.0,0.035,0.035,0.0163,0.0128,0.0187,0.0222,986,697,0.9138,0.646,3.4150945850063755e-06,3.4150945850063755e-06,0.0,WELD_FOUND
76.101,0.035,0.0,0.035,0.035,0.0163,0.0128,0.0187,0.0222,989,700,0.9166,0.6487,3.4150945850063755e-06,3.4150945850063755e-06,0.0,WELD_FOUND
76.149,0.035,0.0,0.035,0.035,0.0163,0.0128,0.0187,0.0222,989,700,0.9166,0.6487,4.921878712140794,3.4150945850063755e-06,4.921875297046209,WELD_FOUND
76.2,0.035,0.0,0.035,0.035,0.027,0.025,0.008,0.01,993,704,0.9203,0.6524,4.921878712140794,3.4150945850063755e-06,4.921875297046209,WELD_FOUND
76.249,0.035,0.0,0.035,0.035,0.027,0.025,0.008,0.01,993,704,0.9203,0.6524,5.2734409284392205,3.4150945850063755e-06,5.273437513344636,WELD_FOUND
76.3,0.035,0.0,0.035,0.035,0.0311,0.0298,0.0039,0.0052,997,708,0.924,0.6562,5.2734409284392205,3.4150945850063755e-06,5.273437513344636,WELD_FOUND
76.349,0.01287315369224795,-0.05,0.00537315369224795,0.02037315369224795,0.0311,0.0298,-0.0257,-0.0094,997,708,0.924,0.6562,5.2734409284392205,4.921878712140794,0.35156221629842666,WELD_FOUND
76.4,0.01287315369224795,-0.05,0.00537315369224795,0.02037315369224795,0.0298,0.0327,-0.0244,-0.0123,1000,712,0.9268,0.6599,5.2734409284392205,4.921878712140794,0.35156221629842666,WELD_FOUND
76.449,0.008729658754269452,-0.1,-0.0062703412457305475,0.023729658754269453,0.0298,0.0327,-0.036,-0.009,1000,712,0.9268,0.6599,6.679691074293397,5.2734409284392205,1.4062501458541767,WELD_FOUND
76.499,0.008729658754269452,-0.1,-0.0062703412457305475,0.023729658754269453,0.0298,0.0327,-0.036,-0.009,1000,712,0.9268,0.6599,6.679691074293397,5.2734409284392205,1.4062501458541767,WELD_FOUND
76.549,0.007997221816075786,-0.15000000000000002,-0.014502778183924217,0.030497221816075788,0.0238,0.0262,-0.0383,0.0043,1000,712,0.9268,0.6599,5.2734409284392205,5.2734409284392205,0.0,WELD_FOUND
76.599,0.007997221816075786,-0.15000000000000002,-0.014502778183924217,0.030497221816075788,0.0238,0.0262,-0.0383,0.0043,1000,712,0.9268,0.6599,5.2734409284392205,5.2734409284392205,0.0,WELD_FOUND
76.649,0.007854584910413133,-0.2,-0.022145415089586867,0.03785458491041313,0.018,0.0194,-0.0401,0.0184,1001,713,0.9277,0.6608,6.328128431108148,5.2734409284392205,1.0546875026689273,WELD_FOUND
76.699,0.007854584910413133,-0.2,-0.022145415089586867,0.03785458491041313,0.018,0.0194,-0.0401,0.0184,1001,713,0.9277,0.6608,6.328128431108148,5.2734409284392205,1.0546875026689273,WELD_FOUND
76.749,0.007826211548559643,-0.23022638025010725,-0.026707745488956443,0.042360168586075726,0.018,0.0194,-0.0447,0.023,1004,715,0.9305,0.6626,5.2734409284392205,5.2734409284392205,0.0,WELD_FOUND
76.799,0.007826211548559643,-0.23022638025010725,-0.026707745488956443,0.042360168586075726,0.0182,0.0166,-0.0449,0.0258,1004,715,0.9305,0.6626,5.2734409284392205,5.2734409284392205,0.0,WELD_FOUND
76.849,0.007820543036960108,-0.23012337816001266,-0.02669796368704179,0.042339049760962005,0.0182,0.0166,-0.0449,0.0258,1007,720,0.9333,0.6673,4.218753425770293,5.2734409284392205,-1.0546875026689273,WELD_FOUND
76.899,0.007820543036960108,-0.23012337816001266,-0.02669796368704179,0.042339049760962005,0.0182,0.0166,-0.0449,0.0258,1007,720,0.9333,0.6673,4.218753425770293,5.2734409284392205,-1.0546875026689273,WELD_FOUND
76.949,0.00781940958107105,-0.2301025353001752,-0.026695970713955228,0.04233478987609733,0.0159,0.0273,-0.0426,0.0151,1006,722,0.9323,0.6691,3.4150945850063755e-06,5.2734409284392205,-5.273437513344636,WELD_FOUND
76.999,0.00781940958107105,-0.2301025353001752,-0.026695970713955228,0.04233478987609733,0.0159,0.0273,-0.0426,0.0151,1006,722,0.9323,0.6691,3.4150945850063755e-06,5.2734409284392205,-5.273437513344636,WELD_FOUND
77.049,0.01085998689784528,-0.18010253530017517,-0.016155393397180997,0.03787536719287156,0.0132,0.0275,-0.0294,0.0104,1007,725,0.9333,0.6719,1.054690917763512,4.218753425770293,-3.164062508006781,WELD_FOUND
77.101,0.01085998689784528,-0.18010253530017517,-0.016155393397180997,0.03787536719287156,0.0132,0.0275,-0.0294,0.0104,1007,725,0.9333,0.6719,1.054690917763512,4.218753425770293,-3.164062508006781,WELD_FOUND
77.149,0.0,0.0,0.0,0.0,0.0132,0.0275,-0.0132,-0.0275,1007,726,0.9333,0.6728,1.054690917763512,nan,nan,NO_WELD
77.199,0.0,0.0,0.0,0.0,0.0106,0.019,-0.0106,-0.019,1007,726,0.9333,0.6728,1.054690917763512,nan,nan,NO_WELD
77.249,0.0,0.0,0.0,0.0,0.0106,0.019,-0.0106,-0.019,1007,727,0.9333,0.6738,1.054690917763512,nan,nan,NO_WELD
77.299,0.0,0.0,0.0,0.0,0.0085,0.0151,-0.0085,-0.0151,1007,727,0.9333,0.6738,1.054690917763512,nan,nan,NO_WELD
77.349,0.035,0.0,0.035,0.035,0.0085,0.0151,0.0265,0.0199,1007,727,0.9333,0.6738,3.4150945850063755e-06,3.4150945850063755e-06,0.0,WELD_FOUND
77.399,0.035,0.0,0.035,0.035,0.0085,0.0151,0.0265,0.0199,1007,727,0.9333,0.6738,3.4150945850063755e-06,3.4150945850063755e-06,0.0,WELD_FOUND
77.449,0.0,0.0,0.0,0.0,0.0076,0.0115,-0.0076,-0.0115,1008,728,0.9342,0.6747,3.4150945850063755e-06,nan,nan,NO_WELD
77.499,0.0,0.0,0.0,0.0,0.0076,0.0115,-0.0076,-0.0115,1008,728,0.9342,0.6747,3.4150945850063755e-06,nan,nan,NO_WELD
77.549,0.02692528701265928,0.05,0.034425287012659275,0.01942528701265928,0.0076,0.0115,0.0269,0.0079,1012,732,0.9379,0.6784,-1.7578091605014305,-1.7578091605014305,0.0,WELD_FOUND
77.599,0.02692528701265928,0.05,0.034425287012659275,0.01942528701265928,0.0144,0.0168,0.02,0.0026,1012,732,0.9379,0.6784,-1.7578091605014305,-1.7578091605014305,0.0,WELD_FOUND
77.649,0.026062026457894866,0.06357180443926759,0.035597797123785004,0.01652625579200473,0.0144,0.0168,0.0212,-0.0003,1011,733,0.937,0.6793,-1.0546840875743422,-1.4062466240378864,0.3515625364635442,WELD_FOUND
77.699,0.026062026457894866,0.06357180443926759,0.035597797123785004,0.01652625579200473,0.0049,0.0138,0.0307,0.0027,1011,733,0.937,0.6793,-1.0546840875743422,-1.4062466240378864,0.3515625364635442,WELD_FOUND
77.749,0.024225456985838785,0.08137979387321616,0.036432426066821205,0.012018487904856361,0.0049,0.0138,0.0315,-0.0018,1013,735,0.9388,0.6812,-1.7578091605014305,-1.7578091605014305,0.0,WELD_FOUND
77.799,0.024225456985838785,0.08137979387321616,0.036432426066821205,0.012018487904856361,0.0104,0.0157,0.0261,-0.0037,1013,735,0.9388,0.6812,-1.7578091605014305,-1.7578091605014305,0.0,WELD_FOUND
77.849,0.02386619466850931,0.07763118373257737,0.03551087222839591,0.012221517108622706,0.0104,0.0157,0.0251,-0.0035,1014,736,0.9397,0.6821,-2.1093715902432693,-1.7578091605014305,-0.3515624297418387,WELD_FOUND
77.899,0.02386619466850931,0.07763118373257737,0.03551087222839591,0.012221517108622706,0.0104,0.0157,0.0251,-0.0035,1014,736,0.9397,0.6821,-2.1093715902432693,-1.7578091605014305,-0.3515624297418387,WELD_FOUND
77.95,0.023794664268126684,0.07688873791272252,0.03532797495503506,0.012261353581218307,0.0186,0.0218,0.0167,-0.0095,1018,740,0.9435,0.6858,-2.1093715902432693,-1.7578091605014305,-0.3515624297418387,WELD_FOUND
77.999,0.023794664268126684,0.07688873791272252,0.03532797495503506,0.012261353581218307,0.0186,0.0218,0.0167,-0.0095,1018,740,0.9435,0.6858,-2.1093715902432693,-1.7578091605014305,-0.3515624297418387,WELD_FOUND
78.049,0.0,0.0,0.0,0.0,0.0186,0.0218,-0.0186,-0.0218,1023,744,0.9481,0.6895,-2.1093715902432693,nan,nan,NO_WELD
78.101,0.0,0.0,0.0,0.0,0.0235,0.0229,-0.0235,-0.0229,1023,744,0.9481,0.6895,-2.1093715902432693,nan,nan,NO_WELD
78.149,0.02064550649142943,0.05,0.02814550649142943,0.01314550649142943,0.0235,0.0229,0.0046,-0.0098,1026,747,0.9509,0.6923,-2.460934233428519,-2.460934233428519,0.0,WELD_FOUND
78.199,0.02064550649142943,0.05,0.02814550649142943,0.01314550649142943,0.0252,0.0249,0.0029,-0.0117,1026,747,0.9509,0.6923,-2.460934233428519,-2.460934233428519,0.0,WELD_FOUND
78.249,0.020794316867077823,0.09927595895775312,0.035685710710740795,0.005902923023414854,0.0252,0.0249,0.0105,-0.019,1026,746,0.9509,0.6914,-2.1093715902432693,-2.285152911835894,0.17578132159262472,WELD_FOUND
78.299,0.020794316867077823,0.09927595895775312,0.035685710710740795,0.005902923023414854,0.0202,0.0112,0.0155,-0.0053,1026,746,0.9509,0.6914,-2.1093715902432693,-2.285152911835894,0.17578132159262472,WELD_FOUND
78.349,0.021590359039753954,0.08984180838324354,0.035066630297240484,0.008114087782267422,0.0202,0.0112,0.0149,-0.0031,1028,748,0.9527,0.6932,3.4150945850063755e-06,-2.1093715902432693,2.109375005337854,WELD_FOUND
78.399,0.021590359039753954,0.08984180838324354,0.035066630297240484,0.008114087782267422,0.0202,0.0112,0.0149,-0.0031,1028,748,0.9527,0.6932,3.4150945850063755e-06,-2.1093715902432693,2.109375005337854,WELD_FOUND
78.449,0.020982268402935347,0.10137353217684096,0.03618829822946149,0.005776238576409203,0.0245,0.0191,0.0117,-0.0133,1031,751,0.9555,0.696,-2.8124966631703576,-2.285152911835894,-0.5273437513344637,WELD_FOUND
78.5,0.020982268402935347,0.10137353217684096,0.03618829822946149,0.005776238576409203,0.0245,0.0191,0.0117,-0.0133,1031,751,0.9555,0.696,-2.8124966631703576,-2.285152911835894,-0.5273437513344637,WELD_FOUND
78.549,0.0,0.0,0.0,0.0,0.0245,0.0191,-0.0245,-0.0191,1034,752,0.9583,0.6969,-2.8124966631703576,nan,nan,NO_WELD
78.599,0.0,0.0,0.0,0.0,0.0221,0.0139,-0.0221,-0.0139,1034,752,0.9583,0.6969,-2.8124966631703576,nan,nan,NO_WELD
78.649,0.021628592849679988,0.05,0.029128592849679988,0.014128592849679988,0.0221,0.0139,0.007,0.0002,1035,753,0.9592,0.6979,-2.1093715902432693,-2.1093715902432693,0.0,WELD_FOUND
78.699,0.021628592849679988,0.05,0.029128592849679988,0.014128592849679988,0.0221,0.0139,0.007,0.0002,1035,753,0.9592,0.6979,-2.1093715902432693,-2.1093715902432693,0.0,WELD_FOUND
78.749,0.0,0.0,0.0,0.0,0.0182,0.0108,-0.0182,-0.0108,1036,753,0.9601,0.6979,-2.1093715902432693,nan,nan,NO_WELD
78.799,0.0,0.0,0.0,0.0,0.0182,0.0108,-0.0182,-0.0108,1036,753,0.9601,0.6979,-2.1093715902432693,nan,nan,NO_WELD
78.849,0.0,0.0,0.0,0.0,0.0182,0.0108,-0.0182,-0.0108,1037,755,0.9611,0.6997,-2.1093715902432693,nan,nan,NO_WELD
78.899,0.0,0.0,0.0,0.0,0.0134,0.0114,-0.0134,-0.0114,1037,755,0.9611,0.6997,-2.1093715902432693,nan,nan,NO_WELD
78.949,0.0,0.0,0.0,0.0,0.0134,0.0114,-0.0134,-0.0114,1037,755,0.9611,0.6997,-2.1093715902432693,nan,nan,NO_WELD
78.999,0.0,0.0,0.0,0.0,0.0107,0.0092,-0.0107,-0.0092,1037,755,0.9611,0.6997,-2.1093715902432693,nan,nan,NO_WELD
79.049,0.0,0.0,0.0,0.0,0.0107,0.0092,-0.0107,-0.0092,1037,755,0.9611,0.6997,-2.1093715902432693,nan,nan,NO_WELD
79.101,0.0,0.0,0.0,0.0,0.0107,0.0092,-0.0107,-0.0092,1037,755,0.9611,0.6997,-2.1093715902432693,nan,nan,NO_WELD
79.149,0.018081071475928034,0.05,0.025581071475928033,0.010581071475928034,0.0086,0.0073,0.017,0.0033,1037,755,0.9611,0.6997,-2.8124966631703576,-2.8124966631703576,0.0,WELD_FOUND
79.199,0.018081071475928034,0.05,0.025581071475928033,0.010581071475928034,0.0086,0.0073,0.017,0.0033,1037,755,0.9611,0.6997,-2.8124966631703576,-2.8124966631703576,0.0,WELD_FOUND
79.25,0.02102189341880841,0.0831428886627826,0.0334933267182258,0.00855046011939102,0.0088,0.0059,0.0246,0.0027,1038,755,0.962,0.6997,-1.4062466240378864,-2.1093715902432693,0.7031249662053829,WELD_FOUND
79.299,0.02102189341880841,0.0831428886627826,0.0334933267182258,0.00855046011939102,0.0088,0.0059,0.0246,0.0027,1038,755,0.962,0.6997,-1.4062466240378864,-2.1093715902432693,0.7031249662053829,WELD_FOUND
79.349,0.02484323868239782,0.051152161296519845,0.03251606287687579,0.017170414487919842,0.0088,0.0059,0.0237,0.0113,1041,758,0.9648,0.7025,3.4150945850063755e-06,-1.4062466240378864,1.4062500391324713,WELD_FOUND
79.399,0.02484323868239782,0.051152161296519845,0.03251606287687579,0.017170414487919842,0.0127,0.0109,0.0198,0.0062,1041,758,0.9648,0.7025,3.4150945850063755e-06,-1.4062466240378864,1.4062500391324713,WELD_FOUND
79.449,0.024810076453323292,0.06911274935491109,0.035176988856559954,0.014443164050086629,0.0127,0.0109,0.0224,0.0035,1045,761,0.9685,0.7053,-1.7578091605014305,-1.5820278389088056,-0.17578132159262494,WELD_FOUND
79.499,0.024810076453323292,0.06911274935491109,0.035176988856559954,0.014443164050086629,0.0127,0.0109,0.0224,0.0035,1045,761,0.9685,0.7053,-1.7578091605014305,-1.5820278389088056,-0.17578132159262494,WELD_FOUND
79.549,0.02563903970367439,0.059178776199779355,0.03451585613364129,0.016762223273707487,0.0274,0.0239,0.0071,-0.0071,1049,765,0.9722,0.709,-1.0546840875743422,-1.4062466240378864,0.3515625364635442,WELD_FOUND
79.599,0.02563903970367439,0.059178776199779355,0.03451585613364129,0.016762223273707487,0.0274,0.0239,0.0071,-0.0071,1049,765,0.9722,0.709,-1.0546840875743422,-1.4062466240378864,0.3515625364635442,WELD_FOUND
79.649,0.0,0.0,0.0,0.0,0.0274,0.0239,-0.0274,-0.0239,1052,768,0.975,0.7118,-1.0546840875743422,nan,nan,NO_WELD
79.699,0.0,0.0,0.0,0.0,0.0239,0.0217,-0.0239,-0.0217,1052,768,0.975,0.7118,-1.0546840875743422,nan,nan,NO_WELD
79.749,0.0,0.0,0.0,0.0,0.0239,0.0217,-0.0239,-0.0217,1053,769,0.9759,0.7127,-1.0546840875743422,nan,nan,NO_WELD
79.799,0.0,0.0,0.0,0.0,0.018,0.0167,-0.018,-0.0167,1053,769,0.9759,0.7127,-1.0546840875743422,nan,nan,NO_WELD
79.849,0.020984070482765307,0.05,0.028484070482765307,0.013484070482765308,0.018,0.0167,0.0105,-0.0033,1053,769,0.9759,0.7127,-2.460934233428519,-2.460934233428519,0.0,WELD_FOUND
79.899,0.020984070482765307,0.05,0.028484070482765307,0.013484070482765308,0.018,0.0167,0.0105,-0.0033,1053,769,0.9759,0.7127,-2.460934233428519,-2.460934233428519,0.0,WELD_FOUND
79.949,0.01936976767299723,0.1,0.03436976767299723,0.004369767672997231,0.0133,0.0125,0.0211,-0.0081,1054,770,0.9768,0.7136,-2.8124966631703576,-2.6367153415777325,-0.17578132159262516,WELD_FOUND
79.999,0.01936976767299723,0.1,0.03436976767299723,0.004369767672997231,0.0133,0.0125,0.0211,-0.0081,1054,770,0.9768,0.7136,-2.8124966631703576,-2.6367153415777325,-0.17578132159262516,WELD_FOUND
80.049,0.019787898947501867,0.1061545704111864,0.03571108450917983,0.00386471338582391,0.0106,0.0149,0.0251,-0.0111,1054,772,0.9768,0.7155,-1.7578091605014305,-2.460934233428519,0.7031250729270886,WELD_FOUND
80.101,0.019787898947501867,0.1061545704111864,0.03571108450917983,0.00386471338582391,0.0106,0.0149,0.0251,-0.0111,1054,772,0.9768,0.7155,-1.7578091605014305,-2.460934233428519,0.7031250729270886,WELD_FOUND
80.149,0.021383214568086718,0.08760916919070783,0.03452458994669289,0.008241839189480545,0.0106,0.0149,0.0239,-0.0067,1057,773,0.9796,0.7164,-0.35155909468853286,-2.1093715902432693,1.7578124955547363,WELD_FOUND
80.199,0.021383214568086718,0.08760916919070783,0.03452458994669289,0.008241839189480545,0.0138,0.0114,0.0207,-0.0032,1057,773,0.9796,0.7164,-0.35155909468853286,-2.1093715902432693,1.7578124955547363,WELD_FOUND
80.249,0.023287925296246896,0.07138548237741471,0.0339957476528591,0.01258010293963469,0.0138,0.0114,0.0202,0.0012,1059,773,0.9814,0.7164,1.7578159906906006,-1.7578091605014305,3.5156251511920313,WELD_FOUND
80.299,0.023287925296246896,0.07138548237741471,0.0339957476528591,0.01258010293963469,0.0157,0.0091,0.0183,0.0034,1059,773,0.9814,0.7164,1.7578159906906006,-1.7578091605014305,3.5156251511920313,WELD_FOUND
80.349,0.028785770591639094,0.021385482377414708,0.0319935929482513,0.025577948235026886,0.0157,0.0091,0.0163,0.0164,1062,775,0.9842,0.7182,-0.7031216044716506,-0.7031216044716506,0.0,WELD_FOUND
80.399,0.028785770591639094,0.021385482377414708,0.0319935929482513,0.025577948235026886,0.0157,0.0091,0.0163,0.0164,1062,775,0.9842,0.7182,-0.7031216044716506,-0.7031216044716506,0.0,WELD_FOUND
80.449,0.029955189135477196,0.02792149493263845,0.034143413375372966,0.02576696489558143,0.0242,0.0203,0.0099,0.0055,1065,779,0.987,0.722,-1.0546840875743422,-0.7031216044716506,-0.35156248310269156,WELD_FOUND
80.499,0.029955189135477196,0.02792149493263845,0.034143413375372966,0.02576696489558143,0.0242,0.0203,0.0099,0.0055,1065,779,0.987,0.722,-1.0546840875743422,-0.7031216044716506,-0.35156248310269156,WELD_FOUND
80.549,0.030191866823635203,0.030127797723995098,0.03471103648223447,0.025672697165035938,0.0242,0.0203,0.0105,0.0054,1068,782,0.9898,0.7247,-0.7031216044716506,-0.7031216044716506,0.0,WELD_FOUND
80.599,0.030191866823635203,0.030127797723995098,0.03471103648223447,0.025672697165035938,0.022,0.0196,0.0128,0.0061,1068,782,0.9898,0.7247,-0.7031216044716506,-0.7031216044716506,0.0,WELD_FOUND
80.649,0.030239314120442427,0.03056432123119831,0.03482396230512217,0.02565466593576268,0.022,0.0196,0.0129,0.0061,1071,786,0.9926,0.7284,3.4150945850063755e-06,-0.7031216044716506,0.7031250195662356,WELD_FOUND
80.699,0.030239314120442427,0.03056432123119831,0.03482396230512217,0.02565466593576268,0.0243,0.0266,0.0105,-0.0009,1071,786,0.9926,0.7284,3.4150945850063755e-06,-0.7031216044716506,0.7031250195662356,WELD_FOUND
80.749,0.03024880805017089,0.030657328422572138,0.03484740731355671,0.02565020878678507,0.0243,0.0266,0.0106,-0.0009,1076,790,0.9972,0.7321,0.35156592487770283,-0.7031216044716506,1.0546875293493534,WELD_FOUND
80.799,0.03024880805017089,0.030657328422572138,0.03484740731355671,0.02565020878678507,0.0331,0.0308,0.0017,-0.0051,1076,790,0.9972,0.7321,0.35156592487770283,-0.7031216044716506,1.0546875293493534,WELD_FOUND
80.849,0.035,0.0,0.035,0.035,0.0331,0.0308,0.0019,0.0042,1079,793,1.0,0.7349,0.7031284346608206,3.4150945850063755e-06,0.7031250195662356,WELD_FOUND
80.899,0.035,0.0,0.035,0.035,0.0331,0.0308,0.0019,0.0042,1079,793,1.0,0.7349,0.7031284346608206,3.4150945850063755e-06,0.7031250195662356,WELD_FOUND
80.949,0.033250626490762464,-0.01765840325279237,0.03060186600284361,0.03589938697868132,0.0372,0.0333,-0.0066,0.0026,1083,796,1.0037,0.7377,1.054690917763512,0.35156592487770283,0.7031249928858092,WELD_FOUND
80.999,0.033250626490762464,-0.01765840325279237,0.03060186600284361,0.03589938697868132,0.0372,0.0333,-0.0066,0.0026,1083,796,1.0037,0.7377,1.054690917763512,0.35156592487770283,0.7031249928858092,WELD_FOUND
81.049,0.0,0.0,0.0,0.0,0.0334,0.0311,-0.0334,-0.0311,1086,799,1.0065,0.7405,1.054690917763512,nan,nan,NO_WELD
81.101,0.0,0.0,0.0,0.0,0.0334,0.0311,-0.0334,-0.0311,1086,799,1.0065,0.7405,1.054690917763512,nan,nan,NO_WELD
81.149,0.0,0.0,0.0,0.0,0.0334,0.0311,-0.0334,-0.0311,1088,801,1.0083,0.7423,1.054690917763512,nan,nan,NO_WELD
81.199,0.0,0.0,0.0,0.0,0.025,0.0236,-0.025,-0.0236,1088,801,1.0083,0.7423,1.054690917763512,nan,nan,NO_WELD
81.249,0.0,0.0,0.0,0.0,0.025,0.0236,-0.025,-0.0236,1088,800,1.0083,0.7414,1.054690917763512,nan,nan,NO_WELD
81.299,0.0,0.0,0.0,0.0,0.025,0.0236,-0.025,-0.0236,1088,800,1.0083,0.7414,1.054690917763512,nan,nan,NO_WELD
81.349,0.0,0.0,0.0,0.0,0.02,0.0117,-0.02,-0.0117,1088,800,1.0083,0.7414,1.054690917763512,nan,nan,NO_WELD
81.399,0.0,0.0,0.0,0.0,0.02,0.0117,-0.02,-0.0117,1088,800,1.0083,0.7414,1.054690917763512,nan,nan,NO_WELD
81.449,0.025848408980401087,0.05,0.03334840898040109,0.018348408980401087,0.016,0.0093,0.0174,0.009,1088,800,1.0083,0.7414,-1.4062466240378864,-1.4062466240378864,0.0,WELD_FOUND
81.499,0.025848408980401087,0.05,0.03334840898040109,0.018348408980401087,0.016,0.0093,0.0174,0.009,1088,800,1.0083,0.7414,-1.4062466240378864,-1.4062466240378864,0.0,WELD_FOUND
81.549,0.02418419916164567,0.08106680203334332,0.03634421946664717,0.01202417885664417,0.016,0.0093,0.0204,0.0027,1088,800,1.0083,0.7414,-2.1093715902432693,-1.7578091605014305,-0.3515624297418387,WELD_FOUND
81.599,0.02418419916164567,0.08106680203334332,0.03634421946664717,0.01202417885664417,0.0128,0.0075,0.0236,0.0045,1088,800,1.0083,0.7414,-2.1093715902432693,-1.7578091605014305,-0.3515624297418387,WELD_FOUND
81.65,0.02226023771467006,0.09717664494007376,0.03683673445568113,0.007683740973658999,0.0128,0.0075,0.024,0.0002,1092,804,1.012,0.7451,-5.273434098250051,-2.1093715902432693,-3.1640625080067815,WELD_FOUND
81.699,0.02226023771467006,0.09717664494007376,0.03683673445568113,0.007683740973658999,0.0225,0.0193,0.0143,-0.0116,1092,804,1.012,0.7451,-5.273434098250051,-2.1093715902432693,-3.1640625080067815,WELD_FOUND
81.749,0.0167753971421791,0.14717664494007376,0.03885189388319016,-0.005301099598831963,0.0225,0.0193,0.0163,-0.0246,1097,808,1.0167,0.7488,-4.570309238766374,-3.3398404145048213,-1.2304688242615525,WELD_FOUND
81.799,0.0167753971421791,0.14717664494007376,0.03885189388319016,-0.005301099598831963,0.032,0.0264,0.0068,-0.0317,1097,808,1.0167,0.7488,-4.570309238766374,-3.3398404145048213,-1.2304688242615525,WELD_FOUND
81.849,0.0,0.0,0.0,0.0,0.032,0.0264,-0.032,-0.0264,1101,812,1.0204,0.7525,-4.570309238766374,nan,nan,NO_WELD
81.899,0.0,0.0,0.0,0.0,0.032,0.0264,-0.032,-0.0264,1101,812,1.0204,0.7525,-4.570309238766374,nan,nan,NO_WELD
81.949,0.0,0.0,0.0,0.0,0.0316,0.0257,-0.0316,-0.0257,1102,812,1.0213,0.7525,-4.570309238766374,nan,nan,NO_WELD
81.999,0.0,0.0,0.0,0.0,0.0316,0.0257,-0.0316,-0.0257,1102,812,1.0213,0.7525,-4.570309238766374,nan,nan,NO_WELD
82.049,0.0,0.0,0.0,0.0,0.0253,0.0206,-0.0253,-0.0206,1102,812,1.0213,0.7525,-4.570309238766374,nan,nan,NO_WELD
82.101,0.0,0.0,0.0,0.0,0.0253,0.0206,-0.0253,-0.0206,1102,812,1.0213,0.7525,-4.570309238766374,nan,nan,NO_WELD
82.149,0.035,0.0,0.035,0.035,0.0253,0.0206,0.0097,0.0144,1102,812,1.0213,0.7525,3.4150945850063755e-06,3.4150945850063755e-06,0.0,WELD_FOUND
82.199,0.035,0.0,0.035,0.035,0.0202,0.0165,0.0148,0.0185,1102,812,1.0213,0.7525,3.4150945850063755e-06,3.4150945850063755e-06,0.0,WELD_FOUND
82.249,0.03305891226031913,-0.01961210832217205,0.030117096011993322,0.036000728508644934,0.0202,0.0165,0.0099,0.0195,1103,814,1.0222,0.7544,0.7031284346608206,0.35156592487770283,0.3515625097831178,WELD_FOUND
82.3,0.03305891226031913,-0.01961210832217205,0.030117096011993322,0.036000728508644934,0.0158,0.0173,0.0143,0.0187,1103,814,1.0222,0.7544,0.7031284346608206,0.35156592487770283,0.3515625097831178,WELD_FOUND
82.349,0.035,0.0,0.035,0.035,0.0158,0.0173,0.0192,0.0177,1107,818,1.0259,0.7581,-2.460934233428519,3.4150945850063755e-06,-2.460937648523104,WELD_FOUND
82.399,0.035,0.0,0.035,0.035,0.0158,0.0173,0.0192,0.0177,1107,818,1.0259,0.7581,-2.460934233428519,3.4150945850063755e-06,-2.460937648523104,WELD_FOUND
82.449,0.028519586498897357,0.05,0.03601958649889736,0.021019586498897357,0.0293,0.0277,0.0067,-0.0067,1111,821,1.0296,0.7609,-2.460934233428519,-1.2304654091669671,-1.230468824261552,WELD_FOUND
82.5,0.028519586498897357,0.05,0.03601958649889736,0.021019586498897357,0.0293,0.0277,0.0067,-0.0067,1111,821,1.0296,0.7609,-2.460934233428519,-1.2304654091669671,-1.230468824261552,WELD_FOUND
82.549,0.02469087492158059,0.08644634382450998,0.03765782649525709,0.011723923347904093,0.0361,0.0352,0.0015,-0.0234,1116,826,1.0343,0.7655,-1.7578091605014305,-1.7578091605014305,0.0,WELD_FOUND
82.6,0.02469087492158059,0.08644634382450998,0.03765782649525709,0.011723923347904093,0.0361,0.0352,0.0015,-0.0234,1116,826,1.0343,0.7655,-1.7578091605014305,-1.7578091605014305,0.0,WELD_FOUND
82.649,0.020811254893907855,0.1174728759125033,0.03843218628078335,0.0031903235070323624,0.0328,0.0285,0.0056,-0.0253,1119,828,1.0371,0.7674,-5.273434098250051,-2.460934233428519,-2.8124998648215316,WELD_FOUND
82.699,0.020811254893907855,0.1174728759125033,0.03843218628078335,0.0031903235070323624,0.0328,0.0285,0.0056,-0.0253,1119,828,1.0371,0.7674,-5.273434098250051,-2.460934233428519,-2.8124998648215316,WELD_FOUND
82.749,0.0,0.0,0.0,0.0,0.0328,0.0285,-0.0328,-0.0285,1122,831,1.0398,0.7701,-5.273434098250051,nan,nan,NO_WELD
82.8,0.0,0.0,0.0,0.0,0.0271,0.0245,-0.0271,-0.0245,1122,831,1.0398,0.7701,-5.273434098250051,nan,nan,NO_WELD
82.849,0.0,0.0,0.0,0.0,0.0271,0.0245,-0.0271,-0.0245,1123,832,1.0408,0.7711,-5.273434098250051,nan,nan,NO_WELD
82.9,0.0,0.0,0.0,0.0,0.02,0.0184,-0.02,-0.0184,1123,832,1.0408,0.7711,-5.273434098250051,nan,nan,NO_WELD
82.949,0.0,0.0,0.0,0.0,0.02,0.0184,-0.02,-0.0184,1123,832,1.0408,0.7711,-5.273434098250051,nan,nan,NO_WELD
83.0,0.0,0.0,0.0,0.0,0.016,0.0147,-0.016,-0.0147,1123,832,1.0408,0.7711,-5.273434098250051,nan,nan,NO_WELD
83.049,0.02179170584530101,0.05,0.02929170584530101,0.014291705845301012,0.016,0.0147,0.0133,-0.0004,1123,832,1.0408,0.7711,-2.1093715902432693,-2.1093715902432693,0.0,WELD_FOUND
83.101,0.02179170584530101,0.05,0.02929170584530101,0.014291705845301012,0.0128,0.0118,0.0165,0.0025,1123,832,1.0408,0.7711,-2.1093715902432693,-2.1093715902432693,0.0,WELD_FOUND
83.149,0.01536173375602287,0.1,0.03036173375602287,0.00036173375602287054,0.0128,0.0118,0.0176,-0.0114,1124,833,1.0417,0.772,-5.273434098250051,-3.691403057690071,-1.5820310405599796,WELD_FOUND
83.2,0.01536173375602287,0.1,0.03036173375602287,0.00036173375602287054,0.0114,0.0108,0.019,-0.0104,1124,833,1.0417,0.772,-5.273434098250051,-3.691403057690071,-1.5820310405599796,WELD_FOUND
83.249,0.0,0.0,0.0,0.0,0.0114,0.0108,-0.0114,-0.0108,1127,835,1.0445,0.7739,-5.273434098250051,nan,nan,NO_WELD
83.3,0.0,0.0,0.0,0.0,0.0179,0.0139,-0.0179,-0.0139,1127,835,1.0445,0.7739,-5.273434098250051,nan,nan,NO_WELD
83.349,0.0,0.0,0.0,0.0,0.0179,0.0139,-0.0179,-0.0139,1128,835,1.0454,0.7739,-5.273434098250051,nan,nan,NO_WELD
83.399,0.0,0.0,0.0,0.0,0.0145,0.0111,-0.0145,-0.0111,1128,835,1.0454,0.7739,-0.35155909468853286,nan,nan,NO_WELD
83.449,0.02862631626500528,0.020366557486053757,0.03168129988791334,0.025571332642097218,0.0145,0.0111,0.0172,0.0145,1128,835,1.0454,0.7739,-0.35155909468853286,-0.35155909468853286,0.0,WELD_FOUND
83.499,0.02862631626500528,0.020366557486053757,0.03168129988791334,0.025571332642097218,0.0116,0.0089,0.0201,0.0167,1128,835,1.0454,0.7739,-0.35155909468853286,nan,nan,NO_WELD
83.549,0.0,0.0,0.0,0.0,0.0116,0.0089,-0.0116,-0.0089,1129,837,1.0463,0.7757,-0.35155909468853286,nan,nan,NO_WELD
83.6,0.0,0.0,0.0,0.0,0.0106,0.0127,-0.0106,-0.0127,1129,837,1.0463,0.7757,3.4150945850063755e-06,3.4150945850063755e-06,0.0,WELD_FOUND
83.649,0.035,0.0,0.035,0.035,0.0106,0.0127,0.0244,0.0223,1131,839,1.0482,0.7776,3.4150945850063755e-06,3.4150945850063755e-06,0.0,WELD_FOUND
83.7,0.035,0.0,0.035,0.035,0.0106,0.0127,0.0244,0.0223,1131,839,1.0482,0.7776,3.4150945850063755e-06,nan,nan,WELD_FOUND
83.75,0.0,0.0,0.0,0.0,0.0138,0.0126,-0.0138,-0.0126,1132,839,1.0491,0.7776,3.4150945850063755e-06,nan,nan,NO_WELD
83.8,0.0,0.0,0.0,0.0,0.0138,0.0126,-0.0138,-0.0126,1132,839,1.0491,0.7776,-2.460934233428519,-2.460934233428519,0.0,WELD_FOUND
83.849,0.022360835583221217,0.05,0.029860835583221217,0.014860835583221217,0.0138,0.0126,0.016,0.0023,1135,842,1.0519,0.7803,-2.460934233428519,-2.460934233428519,0.0,WELD_FOUND
83.9,0.0,0.0,0.0,0.0,0.0157,0.015,-0.0157,-0.015,1135,842,1.0519,0.7803,-2.460934233428519,nan,nan,NO_WELD
83.949,0.0,0.0,0.0,0.0,0.0157,0.015,-0.0157,-0.015,1136,842,1.0528,0.7803,-2.460934233428519,nan,nan,NO_WELD
84.0,0.028577907473367553,0.028386641410972586,0.03283590368501344,0.024319911261721665,0.0131,0.012,0.0197,0.0123,1136,842,1.0528,0.7803,-0.7031216044716506,-0.7031216044716506,0.0,WELD_FOUND
84.049,0.028577907473367553,0.028386641410972586,0.03283590368501344,0.024319911261721665,0.0131,0.012,0.0197,0.0123,1136,842,1.0528,0.7803,-0.7031216044716506,-0.7031216044716506,0.0,WELD_FOUND
84.101,0.0,0.0,0.0,0.0,0.0131,0.012,-0.0131,-0.012,1136,842,1.0528,0.7803,-0.7031216044716506,nan,nan,NO_WELD
84.149,0.0,0.0,0.0,0.0,0.0153,0.0146,-0.0153,-0.0146,1139,845,1.0556,0.7831,-0.7031216044716506,nan,nan,NO_WELD
84.199,0.0,0.0,0.0,0.0,0.0153,0.0146,-0.0153,-0.0146,1139,845,1.0556,0.7831,-0.7031216044716506,nan,nan,NO_WELD
84.249,0.0,0.0,0.0,0.0,0.0122,0.0125,-0.0122,-0.0125,1139,846,1.0556,0.784,-0.7031216044716506,nan,nan,NO_WELD
84.3,0.0,0.0,0.0,0.0,0.0122,0.0125,-0.0122,-0.0125,1139,846,1.0556,0.784,-0.7031216044716506,nan,nan,NO_WELD
84.349,0.0,0.0,0.0,0.0,0.0098,0.01,-0.0098,-0.01,1139,846,1.0556,0.784,-0.7031216044716506,nan,nan,NO_WELD
84.4,0.02800653687058349,0.05,0.035506536870583486,0.02050653687058349,0.0098,0.01,0.0257,0.0105,1139,846,1.0556,0.784,-1.0546840875743422,-1.0546840875743422,0.0,WELD_FOUND
84.449,0.02800653687058349,0.05,0.035506536870583486,0.02050653687058349,0.0098,0.01,0.0257,0.0105,1139,846,1.0556,0.784,-1.0546840875743422,-1.0546840875743422,0.0,WELD_FOUND
84.499,0.0,0.0,0.0,0.0,0.0078,0.008,-0.0078,-0.008,1139,846,1.0556,0.784,-1.0546840875743422,nan,nan,NO_WELD
84.549,0.0,0.0,0.0,0.0,0.0078,0.008,-0.0078,-0.008,1142,849,1.0584,0.7868,-1.0546840875743422,nan,nan,NO_WELD
84.599,0.0,0.0,0.0,0.0,0.0078,0.008,-0.0078,-0.008,1142,849,1.0584,0.7868,-1.0546840875743422,nan,nan,NO_WELD
84.649,0.0,0.0,0.0,0.0,0.0171,0.0172,-0.0171,-0.0172,1144,851,1.0602,0.7887,-1.0546840875743422,nan,nan,NO_WELD
84.699,0.0,0.0,0.0,0.0,0.0171,0.0172,-0.0171,-0.0172,1144,851,1.0602,0.7887,-1.0546840875743422,nan,nan,NO_WELD
84.749,0.0,0.0,0.0,0.0,0.0171,0.0172,-0.0171,-0.0172,1144,851,1.0602,0.7887,-1.0546840875743422,nan,nan,NO_WELD
84.8,0.0,0.0,0.0,0.0,0.0137,0.0137,-0.0137,-0.0137,1144,851,1.0602,0.7887,-1.0546840875743422,nan,nan,NO_WELD
84.849,0.0,0.0,0.0,0.0,0.0137,0.0137,-0.0137,-0.0137,1144,851,1.0602,0.7887,-1.0546840875743422,nan,nan,NO_WELD
84.9,0.03258234416615065,0.017187124820114454,0.03516041288916782,0.030004275443133478,0.0109,0.011,0.0242,0.019,1144,851,1.0602,0.7887,-0.35155909468853286,-0.35155909468853286,0.0,WELD_FOUND
84.949,0.03258234416615065,0.017187124820114454,0.03516041288916782,0.030004275443133478,0.0109,0.011,0.0242,0.019,1144,851,1.0602,0.7887,-0.35155909468853286,-0.35155909468853286,0.0,WELD_FOUND
84.999,0.029795331297020125,0.044897418008975946,0.03652994399836652,0.023060718595673733,0.0109,0.011,0.0256,0.0121,1144,851,1.0602,0.7887,-1.4062466240378864,-0.8789028727034228,-0.5273437513344635,WELD_FOUND
85.049,0.029795331297020125,0.044897418008975946,0.03652994399836652,0.023060718595673733,0.014,0.014,0.0225,0.009,1147,854,1.063,0.7915,-1.4062466240378864,-0.8789028727034228,-0.5273437513344635,WELD_FOUND
85.101,0.026615368150264444,0.06885618018548066,0.03694379517808654,0.016286941122442347,0.014,0.014,0.023,0.0023,1147,854,1.063,0.7915,-2.1093715902432693,-1.4062466240378864,-0.7031249662053829,WELD_FOUND
85.149,0.026615368150264444,0.06885618018548066,0.03694379517808654,0.016286941122442347,0.014,0.014,0.023,0.0023,1152,859,1.0676,0.7961,-2.1093715902432693,-1.4062466240378864,-0.7031249662053829,WELD_FOUND
85.199,0.0,0.0,0.0,0.0,0.0207,0.0208,-0.0207,-0.0208,1152,859,1.0676,0.7961,-2.1093715902432693,nan,nan,NO_WELD
85.249,0.0,0.0,0.0,0.0,0.0207,0.0208,-0.0207,-0.0208,1156,862,1.0713,0.7989,-2.1093715902432693,nan,nan,NO_WELD
85.299,0.027725468125635762,0.04560565979400155,0.034566317094735996,0.020884619156535528,0.0273,0.0236,0.0073,-0.0027,1156,862,1.0713,0.7989,-1.0546840875743422,-1.0546840875743422,0.0,WELD_FOUND
85.349,0.027725468125635762,0.04560565979400155,0.034566317094735996,0.020884619156535528,0.0273,0.0236,0.0073,-0.0027,1157,863,1.0723,0.7998,-1.0546840875743422,-1.0546840875743422,0.0,WELD_FOUND
85.4,0.02537349640319063,0.07479242942163747,0.03659236081643625,0.014154631989945009,0.0273,0.0236,0.0093,-0.0094,1157,863,1.0723,0.7998,-2.1093715902432693,-1.5820278389088056,-0.5273437513344637,WELD_FOUND
85.449,0.02537349640319063,0.07479242942163747,0.03659236081643625,0.014154631989945009,0.0262,0.0191,0.0103,-0.0049,1160,864,1.0751,0.8007,-2.1093715902432693,-1.5820278389088056,-0.5273437513344637,WELD_FOUND
85.499,0.0,0.0,0.0,0.0,0.0262,0.0191,-0.0262,-0.0191,1160,864,1.0751,0.8007,-2.1093715902432693,nan,nan,NO_WELD
85.549,0.0,0.0,0.0,0.0,0.0262,0.0191,-0.0262,-0.0191,1163,867,1.0778,0.8035,-2.1093715902432693,nan,nan,NO_WELD
85.6,0.0,0.0,0.0,0.0,0.0232,0.0189,-0.0232,-0.0189,1163,867,1.0778,0.8035,-2.1093715902432693,nan,nan,NO_WELD
85.649,0.0,0.0,0.0,0.0,0.0232,0.0189,-0.0232,-0.0189,1163,868,1.0778,0.8044,-2.1093715902432693,nan,nan,NO_WELD
85.7,0.0,0.0,0.0,0.0,0.0185,0.015,-0.0185,-0.015,1163,868,1.0778,0.8044,-2.1093715902432693,nan,nan,NO_WELD
85.749,0.0,0.0,0.0,0.0,0.0185,0.015,-0.0185,-0.015,1163,868,1.0778,0.8044,-2.1093715902432693,nan,nan,NO_WELD
85.8,0.0,0.0,0.0,0.0,0.0185,0.015,-0.0185,-0.015,1163,868,1.0778,0.8044,-2.1093715902432693,nan,nan,NO_WELD
85.849,0.0,0.0,0.0,0.0,0.0148,0.012,-0.0148,-0.012,1163,868,1.0778,0.8044,-2.1093715902432693,nan,nan,NO_WELD
85.899,0.0,0.0,0.0,0.0,0.0148,0.012,-0.0148,-0.012,1163,868,1.0778,0.8044,-2.1093715902432693,nan,nan,NO_WELD
85.949,0.0,0.0,0.0,0.0,0.0148,0.012,-0.0148,-0.012,1163,868,1.0778,0.8044,-2.1093715902432693,nan,nan,NO_WELD
85.999,0.0,0.0,0.0,0.0,0.0119,0.0096,-0.0119,-0.0096,1163,868,1.0778,0.8044,-2.1093715902432693,nan,nan,NO_WELD
86.049,0.0,0.0,0.0,0.0,0.0119,0.0096,-0.0119,-0.0096,1163,868,1.0778,0.8044,-2.1093715902432693,nan,nan,NO_WELD
86.101,0.0,0.0,0.0,0.0,0.0095,0.0077,-0.0095,-0.0077,1163,868,1.0778,0.8044,8.437503436446002,nan,nan,NO_WELD
86.149,0.0,0.0,0.0,0.0,0.0095,0.0077,-0.0095,-0.0077,1163,868,1.0778,0.8044,8.437503436446002,nan,nan,NO_WELD
86.199,0.0,0.0,0.0,0.0,0.0095,0.0077,-0.0095,-0.0077,1163,868,1.0778,0.8044,6.679691074293397,nan,nan,NO_WELD
86.249,0.0,0.0,0.0,0.0,0.0076,0.0062,-0.0076,-0.0062,1163,868,1.0778,0.8044,6.679691074293397,nan,nan,NO_WELD
86.299,0.0,0.0,0.0,0.0,0.0076,0.0062,-0.0076,-0.0062,1163,868,1.0778,0.8044,-1.7578091605014305,nan,nan,NO_WELD
86.349,0.0,0.0,0.0,0.0,0.0076,0.0062,-0.0076,-0.0062,1163,868,1.0778,0.8044,-1.7578091605014305,nan,nan,NO_WELD
86.399,0.0,0.0,0.0,0.0,0.0061,0.0049,-0.0061,-0.0049,1163,868,1.0778,0.8044,-4.570309238766374,nan,nan,NO_WELD
86.449,0.0,0.0,0.0,0.0,0.0061,0.0049,-0.0061,-0.0049,1163,868,1.0778,0.8044,-4.570309238766374,nan,nan,NO_WELD
86.499,0.016355530829818745,0.05,0.023855530829818745,0.008855530829818745,0.0049,0.0039,0.019,0.0049,1163,868,1.0778,0.8044,-3.164059092912196,-3.164059092912196,0.0,WELD_FOUND
86.549,0.016355530829818745,0.05,0.023855530829818745,0.008855530829818745,0.0049,0.0039,0.019,0.0049,1163,868,1.0778,0.8044,-3.164059092912196,-3.164059092912196,0.0,WELD_FOUND
86.599,0.0,0.0,0.0,0.0,0.0049,0.0039,-0.0049,-0.0039,1163,868,1.0778,0.8044,-3.164059092912196,nan,nan,NO_WELD
86.649,0.0,0.0,0.0,0.0,0.0079,0.0048,-0.0079,-0.0048,1165,869,1.0797,0.8054,-3.164059092912196,nan,nan,NO_WELD
86.7,0.016355530829818745,0.05,0.023855530829818745,0.008855530829818745,0.0079,0.0048,0.016,0.004,1165,869,1.0797,0.8054,-3.164059092912196,-3.164059092912196,0.0,WELD_FOUND
86.749,0.016355530829818745,0.05,0.023855530829818745,0.008855530829818745,0.0079,0.0048,0.016,0.004,1166,870,1.0806,0.8063,-3.164059092912196,-3.164059092912196,0.0,WELD_FOUND
86.799,0.017035364595385398,0.1,0.0320353645953854,0.0020353645953853985,0.0072,0.0054,0.0249,-0.0033,1166,870,1.0806,0.8063,-2.8124966631703576,-2.988277984762983,0.17578132159262516,WELD_FOUND
86.849,0.017035364595385398,0.1,0.0320353645953854,0.0020353645953853985,0.0072,0.0054,0.0249,-0.0033,1169,872,1.0834,0.8081,-2.8124966631703576,-2.988277984762983,0.17578132159262516,WELD_FOUND
86.899,0.0164903901628444,0.1397900026704134,0.037458890563406406,-0.00447811023771761,0.0072,0.0054,0.0303,-0.0098,1169,872,1.0834,0.8081,-3.8671843792826963,-3.164059092912196,-0.7031252863705002,WELD_FOUND
86.949,0.0164903901628444,0.1397900026704134,0.037458890563406406,-0.00447811023771761,0.0216,0.0131,0.0158,-0.0176,1173,874,1.0871,0.81,-3.8671843792826963,-3.164059092912196,-0.7031252863705002,WELD_FOUND
86.999,0.01706284587523086,0.128584918379928,0.03635058363222006,-0.0022248918817583396,0.0216,0.0131,0.0147,-0.0153,1173,874,1.0871,0.81,-2.460934233428519,-2.988277984762983,0.5273437513344637,WELD_FOUND
87.049,0.01706284587523086,0.128584918379928,0.03635058363222006,-0.0022248918817583396,0.0204,0.0116,0.016,-0.0138,1175,875,1.089,0.8109,-2.460934233428519,-2.988277984762983,0.5273437513344637,WELD_FOUND
87.1,0.017875065774221564,0.12018565844138353,0.03590291454042909,-0.00015278299198596274,0.0204,0.0116,0.0155,-0.0117,1175,875,1.089,0.8109,-0.35155909468853286,-2.8124966631703576,2.4609375684818247,WELD_FOUND
87.149,0.017875065774221564,0.12018565844138353,0.03590291454042909,-0.00015278299198596274,0.0204,0.0116,0.0155,-0.0117,1176,874,1.0899,0.81,-0.35155909468853286,-2.8124966631703576,2.4609375684818247,WELD_FOUND
87.199,0.0,0.0,0.0,0.0,0.0147,0.0045,-0.0147,-0.0045,1176,874,1.0899,0.81,-0.35155909468853286,nan,nan,NO_WELD
87.25,0.0,0.0,0.0,0.0,0.0147,0.0045,-0.0147,-0.0045,1177,873,1.0908,0.8091,-0.35155909468853286,nan,nan,NO_WELD
87.299,0.02761899135881136,-0.05,0.020118991358811362,0.03511899135881136,0.0125,-0.001,0.0076,0.0361,1177,873,1.0908,0.8091,2.109378420432439,2.109378420432439,0.0,WELD_FOUND
87.349,0.02761899135881136,-0.05,0.020118991358811362,0.03511899135881136,0.0125,-0.001,0.0076,0.0361,1177,873,1.0908,0.8091,2.109378420432439,2.109378420432439,0.0,WELD_FOUND
87.399,0.016296119724817204,-0.1,0.0012961197248172046,0.031296119724817204,0.0125,-0.001,-0.0112,0.0323,1177,873,1.0908,0.8091,5.2734409284392205,3.6914098878792414,1.5820310405599791,WELD_FOUND
87.449,0.016296119724817204,-0.1,0.0012961197248172046,0.031296119724817204,0.0125,0.0,-0.0112,0.0313,1179,873,1.0927,0.8091,5.2734409284392205,3.6914098878792414,1.5820310405599791,WELD_FOUND
87.499,0.011405240197985743,-0.15000000000000002,-0.01109475980201426,0.03390524019798574,0.0125,0.0,-0.0236,0.0339,1179,873,1.0927,0.8091,4.5703160689555435,4.5703160689555435,0.0,WELD_FOUND
87.55,0.011405240197985743,-0.15000000000000002,-0.01109475980201426,0.03390524019798574,0.0149,0.0,-0.026,0.0339,1181,873,1.0945,0.8091,4.5703160689555435,4.5703160689555435,0.0,WELD_FOUND
87.599,0.0122137185216697,-0.17339059957585973,-0.013794871414709258,0.03822230845804866,0.0149,0.0,-0.0287,0.0382,1181,873,1.0945,0.8091,3.5156285662866162,4.042972104177668,-0.5273435378910518,WELD_FOUND
87.649,0.0122137185216697,-0.17339059957585973,-0.013794871414709258,0.03822230845804866,0.0149,0.0,-0.0287,0.0382,1186,873,1.0991,0.8091,3.5156285662866162,4.042972104177668,-0.5273435378910518,WELD_FOUND
87.699,0.0,0.0,0.0,0.0,0.0213,0.0,-0.0213,0.0,1186,873,1.0991,0.8091,3.5156285662866162,nan,nan,NO_WELD
87.749,0.0,0.0,0.0,0.0,0.0213,0.0,-0.0213,0.0,1189,873,1.1019,0.8091,3.5156285662866162,nan,nan,NO_WELD
87.799,0.018208112968868716,-0.05,0.010708112968868717,0.025708112968868716,0.0239,0.0,-0.0132,0.0257,1189,873,1.1019,0.8091,2.4609410636176894,2.4609410636176894,0.0,WELD_FOUND
87.849,0.018208112968868716,-0.05,0.010708112968868717,0.025708112968868716,0.0239,0.0,-0.0132,0.0257,1188,873,1.101,0.8091,2.4609410636176894,2.4609410636176894,0.0,WELD_FOUND
87.899,0.024213510178726624,-0.04448241508935157,0.01754114791532389,0.03088587244212936,0.0106,0.0,0.0069,0.0309,1188,873,1.101,0.8091,0.35156592487770283,1.4062534542270564,-1.0546875293493536,WELD_FOUND
87.949,0.024213510178726624,-0.04448241508935157,0.01754114791532389,0.03088587244212936,0.0106,0.0,0.0069,0.0309,1189,873,1.1019,0.8091,0.35156592487770283,1.4062534542270564,-1.0546875293493536,WELD_FOUND
87.999,0.02551712408061765,-0.05796603361271861,0.01682221903870986,0.03421202912252544,0.0106,0.0,0.0062,0.0342,1189,873,1.1019,0.8091,1.4062534542270564,1.4062534542270564,0.0,WELD_FOUND
88.05,0.02551712408061765,-0.05796603361271861,0.01682221903870986,0.03421202912252544,0.0162,0.0,0.0006,0.0342,1192,873,1.1047,0.8091,1.4062534542270564,1.4062534542270564,0.0,WELD_FOUND
88.1,0.028378818803627137,-0.03122217520602067,0.023695492522724036,0.03306214508453024,0.0162,0.0,0.0074,0.0331,1192,873,1.1047,0.8091,0.35156592487770283,0.8789097028925928,-0.52734377801489,WELD_FOUND
88.15,0.028378818803627137,-0.03122217520602067,0.023695492522724036,0.03306214508453024,0.0172,0.0,0.0065,0.0331,1194,873,1.1066,0.8091,0.35156592487770283,0.8789097028925928,-0.52734377801489,WELD_FOUND
88.2,0.03171838701069838,-0.0076865596983907835,0.030565403055939765,0.032871370965456996,0.0172,0.0,0.0134,0.0329,1194,873,1.1066,0.8091,-1.7578091605014305,0.35156592487770283,-2.1093750853791335,WELD_FOUND
88.25,0.03171838701069838,-0.0076865596983907835,0.030565403055939765,0.032871370965456996,0.0251,0.0,0.0054,0.0329,1198,873,1.1103,0.8091,-1.7578091605014305,0.35156592487770283,-2.1093750853791335,WELD_FOUND
88.3,0.032408587223551104,-0.013759941281584956,0.03034459603131336,0.034472578415788845,0.0251,0.0,0.0052,0.0345,1198,873,1.1103,0.8091,-2.460934233428519,0.35156592487770283,-2.812500158306222,WELD_FOUND
88.35,0.032408587223551104,-0.013759941281584956,0.03034459603131336,0.034472578415788845,0.0299,0.0,0.0004,0.0345,1202,873,1.114,0.8091,-2.460934233428519,0.35156592487770283,-2.812500158306222,WELD_FOUND
88.399,0.026304361628987732,0.03624005871841505,0.03174037043674999,0.020868352821225476,0.0299,0.0,0.0018,0.0209,1202,873,1.114,0.8091,-3.5156217360974464,-1.7578091605014305,-1.757812575596016,WELD_FOUND
88.45,0.026304361628987732,0.03624005871841505,0.03174037043674999,0.020868352821225476,0.0299,0.0,0.0018,0.0209,1205,873,1.1168,0.8091,-3.5156217360974464,-1.7578091605014305,-1.757812575596016,WELD_FOUND
88.499,0.02110385035407667,0.08624005871841506,0.03403985916183893,0.008167841546314412,0.0254,0.0,0.0087,0.0082,1205,873,1.1168,0.8091,-2.460934233428519,-2.460934233428519,0.0,WELD_FOUND
88.55,0.02110385035407667,0.08624005871841506,0.03403985916183893,0.008167841546314412,0.0254,0.0,0.0087,0.0082,1206,873,1.1177,0.8091,-2.460934233428519,-2.460934233428519,0.0,WELD_FOUND
88.599,0.02013241258761358,0.11013239453096671,0.03665227176725859,0.0036125534079685766,0.0189,0.0,0.0177,0.0036,1206,873,1.1177,0.8091,-3.8671843792826963,-2.460934233428519,-1.4062501458541772,WELD_FOUND
88.65,0.02013241258761358,0.11013239453096671,0.03665227176725859,0.0036125534079685766,0.0189,0.0,0.0177,0.0036,1206,873,1.1177,0.8091,-3.8671843792826963,-2.460934233428519,-1.4062501458541772,WELD_FOUND
88.699,0.015731940843970716,0.16013239453096673,0.039751800023615724,-0.008287918335674292,0.0189,0.0,0.0208,-0.0083,1206,873,1.1177,0.8091,-5.273434098250051,-3.5156217360974464,-1.7578123621526043,WELD_FOUND
88.75,0.015731940843970716,0.16013239453096673,0.039751800023615724,-0.008287918335674292,0.0163,0.0,0.0235,-0.0083,1208,873,1.1195,0.8091,-5.273434098250051,-3.5156217360974464,-1.7578123621526043,WELD_FOUND
88.799,0.0,0.0,0.0,0.0,0.0163,0.0,-0.0163,0.0,1208,873,1.1195,0.8091,-5.273434098250051,nan,nan,NO_WELD
88.85,0.0,0.0,0.0,0.0,0.0135,0.0,-0.0135,0.0,1209,873,1.1205,0.8091,-5.273434098250051,nan,nan,NO_WELD
88.899,0.0,0.0,0.0,0.0,0.0135,0.0,-0.0135,0.0,1209,873,1.1205,0.8091,-5.273434098250051,nan,nan,NO_WELD
88.95,0.0,0.0,0.0,0.0,0.0135,0.0,-0.0135,0.0,1209,873,1.1205,0.8091,-5.273434098250051,nan,nan,NO_WELD
88.999,0.019021874334753483,0.05,0.026521874334753483,0.011521874334753483,0.0108,0.0,0.0157,0.0115,1209,873,1.1205,0.8091,-2.460934233428519,-2.460934233428519,0.0,WELD_FOUND
89.05,0.019021874334753483,0.05,0.026521874334753483,0.011521874334753483,0.0108,0.0,0.0157,0.0115,1210,873,1.1214,0.8091,-2.460934233428519,-2.460934233428519,0.0,WELD_FOUND
89.101,0.01898539956050922,0.1,0.03398539956050922,0.0039853995605092195,0.0102,0.0,0.0238,0.004,1210,873,1.1214,0.8091,-2.8124966631703576,-2.6367153415777325,-0.17578132159262516,WELD_FOUND
89.15,0.01898539956050922,0.1,0.03398539956050922,0.0039853995605092195,0.0102,0.0,0.0238,0.004,1211,873,1.1223,0.8091,-2.8124966631703576,-2.6367153415777325,-0.17578132159262516,WELD_FOUND
89.2,0.019709887735257395,0.10528043064958038,0.03550195233269445,0.003917823137820339,0.0098,0.0,0.0257,0.0039,1211,873,1.1223,0.8091,2.109378420432439,-2.460934233428519,4.570312653860958,WELD_FOUND
89.25,0.019709887735257395,0.10528043064958038,0.03550195233269445,0.003917823137820339,0.0098,0.0,0.0257,0.0039,1213,873,1.1242,0.8091,2.109378420432439,-2.460934233428519,4.570312653860958,WELD_FOUND
89.3,0.022143030569870853,0.07785630350352522,0.033821476095399636,0.01046458504434207,0.0133,0.0,0.0205,0.0105,1213,873,1.1242,0.8091,-1.4062466240378864,-1.9335904820940557,0.5273438580561693,WELD_FOUND
89.35,0.022143030569870853,0.07785630350352522,0.033821476095399636,0.01046458504434207,0.0133,0.0,0.0205,0.0105,1215,873,1.126,0.8091,-1.4062466240378864,-1.9335904820940557,0.5273438580561693,WELD_FOUND
89.399,0.0,0.0,0.0,0.0,0.0133,0.0,-0.0133,0.0,1215,873,1.126,0.8091,-1.4062466240378864,nan,nan,NO_WELD
89.45,0.0,0.0,0.0,0.0,0.0179,0.0,-0.0179,0.0,1217,873,1.1279,0.8091,-1.4062466240378864,nan,nan,NO_WELD
89.499,0.0,0.0,0.0,0.0,0.0179,0.0,-0.0179,0.0,1217,873,1.1279,0.8091,-1.4062466240378864,nan,nan,NO_WELD
89.55,0.0,0.0,0.0,0.0,0.0143,0.0,-0.0143,0.0,1217,873,1.1279,0.8091,-1.4062466240378864,nan,nan,NO_WELD
89.6,0.028368595355174612,-0.05,0.020868595355174612,0.035868595355174615,0.0143,0.0,0.0066,0.0359,1217,873,1.1279,0.8091,1.7578159906906006,1.7578159906906006,0.0,WELD_FOUND
89.65,0.028368595355174612,-0.05,0.020868595355174612,0.035868595355174615,0.0143,0.0,0.0066,0.0359,1218,873,1.1288,0.8091,1.7578159906906006,1.7578159906906006,0.0,WELD_FOUND
89.7,0.019217639865573434,-0.1,0.0042176398655734346,0.03421763986557343,0.011,0.0,-0.0068,0.0342,1218,873,1.1288,0.8091,4.218753425770293,2.9882848149521526,1.2304686108181406,WELD_FOUND
89.75,0.019217639865573434,-0.1,0.0042176398655734346,0.03421763986557343,0.011,0.0,-0.0068,0.0342,1221,873,1.1316,0.8091,4.218753425770293,2.9882848149521526,1.2304686108181406,WELD_FOUND
89.8,0.013053363269831917,-0.15000000000000002,-0.009446636730168085,0.03555336326983192,0.0177,0.0,-0.0272,0.0356,1221,873,1.1316,0.8091,6.328128431108148,4.218753425770293,2.1093750053378546,WELD_FOUND
89.85,0.013053363269831917,-0.15000000000000002,-0.009446636730168085,0.03555336326983192,0.0177,0.0,-0.0272,0.0356,1222,873,1.1325,0.8091,6.328128431108148,4.218753425770293,2.1093750053378546,WELD_FOUND
89.9,0.008759260664126377,-0.2,-0.021240739335873622,0.038759260664126376,0.0177,0.0,-0.039,0.0388,1222,873,1.1325,0.8091,6.328128431108148,5.2734409284392205,1.0546875026689273,WELD_FOUND
89.95,0.008759260664126377,-0.2,-0.021240739335873622,0.038759260664126376,0.0181,0.0,-0.0393,0.0388,1224,873,1.1344,0.8091,6.328128431108148,5.2734409284392205,1.0546875026689273,WELD_FOUND
90.0,0.0,0.0,0.0,0.0,0.0181,0.0,-0.0181,0.0,1224,873,1.1344,0.8091,6.328128431108148,nan,nan,NO_WELD
90.05,0.0,0.0,0.0,0.0,0.0181,0.0,-0.0181,0.0,1225,873,1.1353,0.8091,6.328128431108148,nan,nan,NO_WELD
90.101,0.0,0.0,0.0,0.0,0.0133,0.0,-0.0133,0.0,1225,873,1.1353,0.8091,6.328128431108148,nan,nan,NO_WELD
90.15,0.0,0.0,0.0,0.0,0.0133,0.0,-0.0133,0.0,1225,873,1.1353,0.8091,6.328128431108148,nan,nan,NO_WELD
90.199,0.0,0.0,0.0,0.0,0.0106,0.0,-0.0106,0.0,1225,873,1.1353,0.8091,6.328128431108148,nan,nan,NO_WELD
90.25,0.0,0.0,0.0,0.0,0.0106,0.0,-0.0106,0.0,1225,873,1.1353,0.8091,6.328128431108148,nan,nan,NO_WELD
90.299,0.0,0.0,0.0,0.0,0.0085,0.0,-0.0085,0.0,1225,873,1.1353,0.8091,6.328128431108148,nan,nan,NO_WELD
90.35,0.0,0.0,0.0,0.0,0.0085,0.0,-0.0085,0.0,1225,873,1.1353,0.8091,6.328128431108148,nan,nan,NO_WELD
90.4,0.0,0.0,0.0,0.0,0.0085,0.0,-0.0085,0.0,1225,873,1.1353,0.8091,6.328128431108148,nan,nan,NO_WELD
90.45,0.0,0.0,0.0,0.0,0.0068,0.0,-0.0068,0.0,1225,873,1.1353,0.8091,6.328128431108148,nan,nan,NO_WELD
90.499,0.0,0.0,0.0,0.0,0.0068,0.0,-0.0068,0.0,1225,873,1.1353,0.8091,1.054690917763512,nan,nan,NO_WELD
90.55,0.0,0.0,0.0,0.0,0.0068,0.0,-0.0068,0.0,1225,873,1.1353,0.8091,1.054690917763512,nan,nan,NO_WELD
90.599,0.0,0.0,0.0,0.0,0.0055,0.0,-0.0055,0.0,1225,873,1.1353,0.8091,8.789066079631251,nan,nan,NO_WELD
90.65,0.0,0.0,0.0,0.0,0.0055,0.0,-0.0055,0.0,1225,873,1.1353,0.8091,8.789066079631251,nan,nan,NO_WELD
90.699,0.0,0.0,0.0,0.0,0.0044,0.0,-0.0044,0.0,1225,873,1.1353,0.8091,-18.632808989760854,nan,nan,NO_WELD
90.75,0.0,0.0,0.0,0.0,0.0044,0.0,-0.0044,0.0,1225,873,1.1353,0.8091,-18.632808989760854,nan,nan,NO_WELD
90.799,0.0,0.0,0.0,0.0,0.0044,0.0,-0.0044,0.0,1225,873,1.1353,0.8091,3.4150945850063755e-06,nan,nan,NO_WELD
90.85,0.0,0.0,0.0,0.0,0.0035,0.0,-0.0035,0.0,1225,873,1.1353,0.8091,3.4150945850063755e-06,nan,nan,NO_WELD
90.899,0.0,0.0,0.0,0.0,0.0035,0.0,-0.0035,0.0,1225,873,1.1353,0.8091,3.4150945850063755e-06,nan,nan,NO_WELD
90.949,0.0,0.0,0.0,0.0,0.0035,0.0,-0.0035,0.0,1225,873,1.1353,0.8091,3.4150945850063755e-06,nan,nan,NO_WELD
91.0,0.0,0.0,0.0,0.0,0.0028,0.0,-0.0028,0.0,1225,873,1.1353,0.8091,-21.445310135242853,nan,nan,NO_WELD
91.049,0.0,0.0,0.0,0.0,0.0028,0.0,-0.0028,0.0,1225,873,1.1353,0.8091,-21.445310135242853,nan,nan,NO_WELD
91.1,0.0,0.0,0.0,0.0,0.0028,0.0,-0.0028,0.0,1225,873,1.1353,0.8091,-5.273434098250051,nan,nan,NO_WELD
91.149,0.0,0.0,0.0,0.0,0.0022,0.0,-0.0022,0.0,1225,873,1.1353,0.8091,-5.273434098250051,nan,nan,NO_WELD
91.2,0.0,0.0,0.0,0.0,0.0022,0.0,-0.0022,0.0,1225,873,1.1353,0.8091,-2.1093715902432693,nan,nan,NO_WELD
91.249,0.0,0.0,0.0,0.0,0.0018,0.0,-0.0018,0.0,1225,873,1.1353,0.8091,-2.1093715902432693,nan,nan,NO_WELD
91.299,0.00781914882825486,0.05,0.01531914882825486,0.00031914882825486053,0.0018,0.0,0.0135,0.0003,1225,873,1.1353,0.8091,-5.273434098250051,-5.273434098250051,0.0,WELD_FOUND
91.349,0.00781914882825486,0.05,0.01531914882825486,0.00031914882825486053,0.0018,0.0,0.0135,0.0003,1225,873,1.1353,0.8091,-5.273434098250051,-5.273434098250051,0.0,WELD_FOUND
91.399,0.00781914882825486,0.1,0.022819148828254858,-0.007180851171745139,0.0014,0.0,0.0214,-0.0072,1225,873,1.1353,0.8091,-5.273434098250051,-5.273434098250051,0.0,WELD_FOUND
91.449,0.00781914882825486,0.1,0.022819148828254858,-0.007180851171745139,0.0014,0.0,0.0214,-0.0072,1225,873,1.1353,0.8091,-5.273434098250051,-5.273434098250051,0.0,WELD_FOUND
91.499,0.00781914882825486,0.15000000000000002,0.030319148828254865,-0.014680851171745142,0.0014,0.0,0.0289,-0.0147,1225,873,1.1353,0.8091,-1.7578091605014305,-5.273434098250051,3.51562493774862,WELD_FOUND
91.549,0.00781914882825486,0.15000000000000002,0.030319148828254865,-0.014680851171745142,0.0011,0.0,0.0292,-0.0147,1225,873,1.1353,0.8091,-1.7578091605014305,-5.273434098250051,3.51562493774862,WELD_FOUND
91.599,0.01316400033624506,0.13165865853550768,0.03291279911657121,-0.006584798444081092,0.0011,0.0,0.0318,-0.0066,1224,873,1.1344,0.8091,0.35156592487770283,-3.5156217360974464,3.867187660975149,WELD_FOUND
91.649,0.01316400033624506,0.13165865853550768,0.03291279911657121,-0.006584798444081092,-0.003,0.0,0.0359,-0.0066,1224,873,1.1344,0.8091,0.35156592487770283,-3.5156217360974464,3.867187660975149,WELD_FOUND
91.699,0.021405068887747698,0.08165865853550767,0.03365386766807385,0.009156270107421547,-0.003,0.0,0.0367,0.0092,1226,873,1.1362,0.8091,1.054690917763512,-1.7578091605014305,2.8125000782649425,WELD_FOUND
91.749,0.021405068887747698,0.08165865853550767,0.03365386766807385,0.009156270107421547,0.0056,0.0,0.0281,0.0092,1226,873,1.1362,0.8091,1.054690917763512,-1.7578091605014305,2.8125000782649425,WELD_FOUND
91.799,0.035,0.0,0.035,0.035,0.0056,0.0,0.0294,0.035,1227,873,1.1371,0.8091,2.4609410636176894,0.35156592487770283,2.1093751387399866,WELD_FOUND
91.849,0.035,0.0,0.035,0.035,0.0056,0.0,0.0294,0.035,1227,873,1.1371,0.8091,2.4609410636176894,0.35156592487770283,2.1093751387399866,WELD_FOUND
91.9,0.02954152299159842,-0.05,0.02204152299159842,0.03704152299159842,0.0108,0.0,0.0113,0.037,1229,873,1.139,0.8091,2.4609410636176894,1.054690917763512,1.4062501458541774,WELD_FOUND
91.949,0.02954152299159842,-0.05,0.02204152299159842,0.03704152299159842,0.0108,0.0,0.0113,0.037,1229,873,1.139,0.8091,2.4609410636176894,1.054690917763512,1.4062501458541774,WELD_FOUND
91.999,0.02167066557503165,-0.1,0.00667066557503165,0.03667066557503165,0.0108,0.0,-0.0041,0.0367,1234,873,1.1436,0.8091,4.5703160689555435,2.4609410636176894,2.109375005337854,WELD_FOUND
92.049,0.02167066557503165,-0.1,0.00667066557503165,0.03667066557503165,0.0188,0.0,-0.0122,0.0367,1234,873,1.1436,0.8091,4.5703160689555435,2.4609410636176894,2.109375005337854,WELD_FOUND
92.1,0.02024252326698573,-0.11141376512351078,0.0035304584984591145,0.03695458803551235,0.0188,0.0,-0.0153,0.037,1238,873,1.1473,0.8091,2.812503493359528,2.4609410636176894,0.3515624297418385,WELD_FOUND
92.149,0.02024252326698573,-0.11141376512351078,0.0035304584984591145,0.03695458803551235,0.0261,0.0,-0.0226,0.037,1238,873,1.1473,0.8091,2.812503493359528,2.4609410636176894,0.3515624297418385,WELD_FOUND
92.199,0.019962735972387246,-0.10818906259150343,0.003734376583661731,0.03619109536111276,0.0261,0.0,-0.0224,0.0362,1239,873,1.1483,0.8091,1.054690917763512,2.4609410636176894,-1.4062501458541774,WELD_FOUND
92.249,0.019962735972387246,-0.10818906259150343,0.003734376583661731,0.03619109536111276,0.0194,0.0,-0.0156,0.0362,1239,873,1.1483,0.8091,1.054690917763512,2.4609410636176894,-1.4062501458541774,WELD_FOUND
92.299,0.019907012160147973,-0.10753907547259793,0.0037761508392582833,0.036037873481037666,0.0194,0.0,-0.0156,0.036,1241,873,1.1501,0.8091,0.35156592487770283,2.4609410636176894,-2.1093751387399866,WELD_FOUND
92.349,0.019907012160147973,-0.10753907547259793,0.0037761508392582833,0.036037873481037666,0.0194,0.0,-0.0156,0.036,1241,873,1.1501,0.8091,0.35156592487770283,2.4609410636176894,-2.1093751387399866,WELD_FOUND
92.399,0.0,0.0,0.0,0.0,0.019,0.0,-0.019,0.0,1242,873,1.151,0.8091,0.35156592487770283,nan,nan,NO_WELD
92.449,0.0,0.0,0.0,0.0,0.019,0.0,-0.019,0.0,1242,873,1.151,0.8091,0.35156592487770283,nan,nan,NO_WELD
92.499,0.0,0.0,0.0,0.0,0.0188,0.0,-0.0188,0.0,1244,873,1.1529,0.8091,0.35156592487770283,nan,nan,NO_WELD
92.549,0.0,0.0,0.0,0.0,0.0188,0.0,-0.0188,0.0,1244,873,1.1529,0.8091,0.35156592487770283,nan,nan,NO_WELD
92.599,0.0,0.0,0.0,0.0,0.0188,0.0,-0.0188,0.0,1244,873,1.1529,0.8091,0.35156592487770283,nan,nan,NO_WELD
92.649,0.0,0.0,0.0,0.0,0.0151,0.0,-0.0151,0.0,1244,873,1.1529,0.8091,0.35156592487770283,nan,nan,NO_WELD
92.699,0.009025560534973096,-0.05,0.0015255605349730958,0.016525560534973095,0.0151,0.0,-0.0135,0.0165,1244,873,1.1529,0.8091,4.921878712140794,4.921878712140794,0.0,WELD_FOUND
92.749,0.009025560534973096,-0.05,0.0015255605349730958,0.016525560534973095,0.012,0.0,-0.0105,0.0165,1244,873,1.1529,0.8091,4.921878712140794,4.921878712140794,0.0,WELD_FOUND
92.8,0.006275465064877564,-0.1,-0.008724534935122435,0.021275465064877562,0.012,0.0,-0.0208,0.0213,1244,873,1.1529,0.8091,7.031253717478648,5.97656621480972,1.0546875026689273,WELD_FOUND
92.849,0.006275465064877564,-0.1,-0.008724534935122435,0.021275465064877562,0.012,0.0,-0.0208,0.0213,1244,873,1.1529,0.8091,7.031253717478648,5.97656621480972,1.0546875026689273,WELD_FOUND
92.899,0.005,-0.15000000000000002,-0.0175,0.027500000000000004,0.0096,0.0,-0.0271,0.0275,1244,873,1.1529,0.8091,9.843754009187002,7.031253717478648,2.8125002917083544,WELD_FOUND
92.949,0.005,-0.15000000000000002,-0.0175,0.027500000000000004,0.0096,0.0,-0.0271,0.0275,1244,873,1.1529,0.8091,9.843754009187002,7.031253717478648,2.8125002917083544,WELD_FOUND
92.999,0.0,0.0,0.0,0.0,0.0077,0.0,-0.0077,0.0,1244,873,1.1529,0.8091,9.843754009187002,nan,nan,NO_WELD
93.049,0.0,0.0,0.0,0.0,0.0077,0.0,-0.0077,0.0,1244,873,1.1529,0.8091,9.843754009187002,nan,nan,NO_WELD
93.101,0.005,-0.05,-0.0024999999999999996,0.0125,0.0077,0.0,-0.0102,0.0125,1244,873,1.1529,0.8091,8.437503436446002,8.437503436446002,0.0,WELD_FOUND
93.149,0.005,-0.05,-0.0024999999999999996,0.0125,0.0062,0.0,-0.0087,0.0125,1244,873,1.1529,0.8091,8.437503436446002,8.437503436446002,0.0,WELD_FOUND
93.199,0.005,-0.1,-0.009999999999999998,0.02,0.0062,0.0,-0.0162,0.02,1244,873,1.1529,0.8091,7.031253717478648,7.734379003849147,-0.7031252863704998,WELD_FOUND
93.249,0.005,-0.1,-0.009999999999999998,0.02,0.0062,0.0,-0.0162,0.02,1244,873,1.1529,0.8091,7.031253717478648,7.734379003849147,-0.7031252863704998,WELD_FOUND
93.3,0.0,0.0,0.0,0.0,0.0049,0.0,-0.0049,0.0,1244,873,1.1529,0.8091,7.031253717478648,nan,nan,NO_WELD
93.349,0.0,0.0,0.0,0.0,0.0049,0.0,-0.0049,0.0,1244,873,1.1529,0.8091,7.031253717478648,nan,nan,NO_WELD
93.399,0.0,0.0,0.0,0.0,0.0049,0.0,-0.0049,0.0,1244,873,1.1529,0.8091,7.031253717478648,nan,nan,NO_WELD
93.449,0.0,0.0,0.0,0.0,0.0039,0.0,-0.0039,0.0,1244,873,1.1529,0.8091,7.031253717478648,nan,nan,NO_WELD
93.499,0.0,0.0,0.0,0.0,0.0039,0.0,-0.0039,0.0,1244,873,1.1529,0.8091,7.031253717478648,nan,nan,NO_WELD
93.549,0.0,0.0,0.0,0.0,0.0032,0.0,-0.0032,0.0,1244,873,1.1529,0.8091,7.031253717478648,nan,nan,NO_WELD
93.599,0.0,0.0,0.0,0.0,0.0032,0.0,-0.0032,0.0,1244,873,1.1529,0.8091,7.031253717478648,nan,nan,NO_WELD
93.649,0.0,0.0,0.0,0.0,0.0032,0.0,-0.0032,0.0,1244,873,1.1529,0.8091,7.031253717478648,nan,nan,NO_WELD
93.699,0.0,0.0,0.0,0.0,0.0025,0.0,-0.0025,0.0,1244,873,1.1529,0.8091,8.437503436446002,8.437503436446002,0.0,WELD_FOUND
93.749,0.0,0.0,0.0,0.0,0.0025,0.0,-0.0025,0.0,1244,873,1.1529,0.8091,8.437503436446002,8.437503436446002,0.0,WELD_FOUND
93.8,0.0,0.0,0.0,0.0,0.002,0.0,-0.002,0.0,1244,873,1.1529,0.8091,8.437503436446002,nan,nan,NO_WELD
93.849,0.0,0.0,0.0,0.0,0.002,0.0,-0.002,0.0,1244,873,1.1529,0.8091,8.437503436446002,nan,nan,NO_WELD
93.899,0.005,-0.05,-0.0024999999999999996,0.0125,0.002,0.0,-0.0045,0.0125,1244,873,1.1529,0.8091,7.734379003849147,7.734379003849147,0.0,WELD_FOUND
93.949,0.005,-0.05,-0.0024999999999999996,0.0125,0.0016,0.0,-0.0041,0.0125,1244,873,1.1529,0.8091,7.734379003849147,7.734379003849147,0.0,WELD_FOUND
93.999,0.0,0.0,0.0,0.0,0.0016,0.0,-0.0016,0.0,1244,873,1.1529,0.8091,7.734379003849147,nan,nan,NO_WELD
94.049,0.0,0.0,0.0,0.0,0.0016,0.0,-0.0016,0.0,1244,873,1.1529,0.8091,7.734379003849147,nan,nan,NO_WELD
94.101,0.005,-0.05,-0.0024999999999999996,0.0125,0.0013,0.0,-0.0038,0.0125,1244,873,1.1529,0.8091,9.140628722816501,9.140628722816501,0.0,WELD_FOUND
94.149,0.005,-0.05,-0.0024999999999999996,0.0125,0.0013,0.0,-0.0038,0.0125,1244,873,1.1529,0.8091,9.140628722816501,9.140628722816501,0.0,WELD_FOUND
94.199,0.0,0.0,0.0,0.0,0.001,0.0,-0.001,0.0,1244,873,1.1529,0.8091,9.140628722816501,nan,nan,NO_WELD
94.249,0.0,0.0,0.0,0.0,0.001,0.0,-0.001,0.0,1244,873,1.1529,0.8091,9.140628722816501,nan,nan,NO_WELD
94.299,0.0,0.0,0.0,0.0,0.001,0.0,-0.001,0.0,1244,873,1.1529,0.8091,9.140628722816501,nan,nan,NO_WELD
94.349,0.0,0.0,0.0,0.0,0.0,0.0,0.0,0.0,1244,873,1.1529,0.8091,9.140628722816501,nan,nan,NO_WELD
94.399,0.0,0.0,0.0,0.0,0.0,0.0,0.0,0.0,1244,873,1.1529,0.8091,9.140628722816501,nan,nan,NO_WELD
94.449,0.0,0.0,0.0,0.0,0.0,0.0,0.0,0.0,1244,873,1.1529,0.8091,9.140628722816501,nan,nan,NO_WELD
94.5,0.005,-0.05,-0.0024999999999999996,0.0125,0.0,0.0,-0.0025,0.0125,1244,873,1.1529,0.8091,6.679691074293397,6.679691074293397,0.0,WELD_FOUND
94.549,0.005,-0.05,-0.0024999999999999996,0.0125,0.0,0.0,-0.0025,0.0125,1244,873,1.1529,0.8091,6.679691074293397,6.679691074293397,0.0,WELD_FOUND
94.599,0.0,0.0,0.0,0.0,0.0,0.0,0.0,0.0,1244,873,1.1529,0.8091,6.679691074293397,nan,nan,NO_WELD
94.649,0.0,0.0,0.0,0.0,0.0,0.0,0.0,0.0,1244,873,1.1529,0.8091,6.679691074293397,nan,nan,NO_WELD
94.7,0.005,-0.05,-0.0024999999999999996,0.0125,0.0,0.0,-0.0025,0.0125,1244,873,1.1529,0.8091,7.734379003849147,7.734379003849147,0.0,WELD_FOUND
94.749,0.005,-0.05,-0.0024999999999999996,0.0125,0.0,0.0,-0.0025,0.0125,1244,873,1.1529,0.8091,7.734379003849147,7.734379003849147,0.0,WELD_FOUND
94.799,0.005,-0.1,-0.009999999999999998,0.02,0.0,0.0,-0.01,0.02,1244,873,1.1529,0.8091,7.734379003849147,7.734379003849147,0.0,WELD_FOUND
94.849,0.005,-0.1,-0.009999999999999998,0.02,0.0,0.0,-0.01,0.02,1244,873,1.1529,0.8091,7.734379003849147,7.734379003849147,0.0,WELD_FOUND
94.9,0.005,-0.15000000000000002,-0.0175,0.027500000000000004,0.0,0.0,-0.0175,0.0275,1244,873,1.1529,0.8091,7.734379003849147,7.734379003849147,0.0,WELD_FOUND
94.949,0.005,-0.15000000000000002,-0.0175,0.027500000000000004,0.0,0.0,-0.0175,0.0275,1244,873,1.1529,0.8091,7.734379003849147,7.734379003849147,0.0,WELD_FOUND
94.999,0.0,0.0,0.0,0.0,0.0,0.0,0.0,0.0,1244,873,1.1529,0.8091,7.734379003849147,nan,nan,NO_WELD
95.049,0.0,0.0,0.0,0.0,0.0,0.0,0.0,0.0,1244,873,1.1529,0.8091,7.734379003849147,nan,nan,NO_WELD
95.101,0.005,-0.05,-0.0024999999999999996,0.0125,0.0,0.0,-0.0025,0.0125,1244,873,1.1529,0.8091,7.031253717478648,7.031253717478648,0.0,WELD_FOUND
95.149,0.005,-0.05,-0.0024999999999999996,0.0125,0.0,0.0,-0.0025,0.0125,1244,873,1.1529,0.8091,7.031253717478648,7.031253717478648,0.0,WELD_FOUND
95.199,0.005,-0.1,-0.009999999999999998,0.02,0.0,0.0,-0.01,0.02,1244,873,1.1529,0.8091,7.734379003849147,7.382816360663898,0.35156264318524943,WELD_FOUND
95.249,0.005,-0.1,-0.009999999999999998,0.02,0.0,0.0,-0.01,0.02,1244,873,1.1529,0.8091,7.734379003849147,7.382816360663898,0.35156264318524943,WELD_FOUND
95.299,0.0,0.0,0.0,0.0,0.0,0.0,0.0,0.0,1244,873,1.1529,0.8091,7.734379003849147,nan,nan,NO_WELD
95.349,0.0,0.0,0.0,0.0,0.0,0.0,0.0,0.0,1244,873,1.1529,0.8091,7.734379003849147,nan,nan,NO_WELD
95.399,0.005,-0.05,-0.0024999999999999996,0.0125,0.0,0.0,-0.0025,0.0125,1244,873,1.1529,0.8091,6.679691074293397,6.679691074293397,0.0,WELD_FOUND
95.449,0.005,-0.05,-0.0024999999999999996,0.0125,0.0,0.0,-0.0025,0.0125,1244,873,1.1529,0.8091,6.679691074293397,6.679691074293397,0.0,WELD_FOUND
95.499,0.005,-0.1,-0.009999999999999998,0.02,0.0,0.0,-0.01,0.02,1244,873,1.1529,0.8091,8.789066079631251,7.734379003849147,1.0546870757821036,WELD_FOUND
95.549,0.005,-0.1,-0.009999999999999998,0.02,0.0,0.0,-0.01,0.02,1244,873,1.1529,0.8091,8.789066079631251,7.734379003849147,1.0546870757821036,WELD_FOUND
95.599,0.0,0.0,0.0,0.0,0.0,0.0,0.0,0.0,1244,873,1.1529,0.8091,8.789066079631251,nan,nan,NO_WELD
95.649,0.0,0.0,0.0,0.0,0.0,0.0,0.0,0.0,1244,873,1.1529,0.8091,8.789066079631251,nan,nan,NO_WELD
95.699,0.0,0.0,0.0,0.0,0.0,0.0,0.0,0.0,1244,873,1.1529,0.8091,8.789066079631251,nan,nan,NO_WELD
95.749,0.0,0.0,0.0,0.0,0.0,0.0,0.0,0.0,1244,873,1.1529,0.8091,8.789066079631251,nan,nan,NO_WELD
95.799,0.005,-0.05,-0.0024999999999999996,0.0125,0.0,0.0,-0.0025,0.0125,1244,873,1.1529,0.8091,10.546878441783855,10.546878441783855,0.0,WELD_FOUND
95.849,0.005,-0.05,-0.0024999999999999996,0.0125,0.0,0.0,-0.0025,0.0125,1244,873,1.1529,0.8091,10.546878441783855,10.546878441783855,0.0,WELD_FOUND
95.9,0.0,-0.1,-0.015,0.015,0.0,0.0,-0.015,0.015,1244,873,1.1529,0.8091,9.492191366001752,10.019534903892804,-0.5273435378910527,WELD_FOUND
95.949,0.0,-0.1,-0.015,0.015,0.0,0.0,-0.015,0.015,1244,873,1.1529,0.8091,9.492191366001752,10.019534903892804,-0.5273435378910527,WELD_FOUND
96.0,0.005,-0.15000000000000002,-0.0175,0.027500000000000004,0.0,0.0,-0.0175,0.0275,1244,873,1.1529,0.8091,8.085940793260752,9.492191366001752,-1.4062505727409995,WELD_FOUND
96.049,0.005,-0.15000000000000002,-0.0175,0.027500000000000004,0.0,0.0,-0.0175,0.0275,1244,873,1.1529,0.8091,8.085940793260752,9.492191366001752,-1.4062505727409995,WELD_FOUND
96.101,0.0,0.0,0.0,0.0,0.0,0.0,0.0,0.0,1244,873,1.1529,0.8091,8.085940793260752,nan,nan,NO_WELD
96.149,0.0,0.0,0.0,0.0,0.0,0.0,0.0,0.0,1244,873,1.1529,0.8091,8.085940793260752,nan,nan,NO_WELD
96.199,0.0,0.0,0.0,0.0,0.0,0.0,0.0,0.0,1244,873,1.1529,0.8091,8.085940793260752,nan,nan,NO_WELD
96.249,0.0,0.0,0.0,0.0,0.0,0.0,0.0,0.0,1244,873,1.1529,0.8091,8.085940793260752,nan,nan,NO_WELD
96.3,0.0,0.0,0.0,0.0,0.0,0.0,0.0,0.0,1244,873,1.1529,0.8091,8.085940793260752,nan,nan,NO_WELD
96.349,0.0,0.0,0.0,0.0,0.0,0.0,0.0,0.0,1244,873,1.1529,0.8091,8.085940793260752,nan,nan,NO_WELD
96.399,0.0,0.0,0.0,0.0,0.0,0.0,0.0,0.0,1244,873,1.1529,0.8091,8.085940793260752,nan,nan,NO_WELD
96.449,0.0,0.0,0.0,0.0,0.0,0.0,0.0,0.0,1244,873,1.1529,0.8091,8.085940793260752,nan,nan,NO_WELD
96.499,0.005,-0.05,-0.0024999999999999996,0.0125,0.0,0.0,-0.0025,0.0125,1244,873,1.1529,0.8091,7.031253717478648,7.031253717478648,0.0,WELD_FOUND
96.549,0.005,-0.05,-0.0024999999999999996,0.0125,0.0,0.0,-0.0025,0.0125,1244,873,1.1529,0.8091,7.031253717478648,7.031253717478648,0.0,WELD_FOUND
96.599,0.005,-0.1,-0.009999999999999998,0.02,0.0,0.0,-0.01,0.02,1244,873,1.1529,0.8091,5.97656621480972,6.503909752700772,-0.5273435378910518,WELD_FOUND
96.649,0.005,-0.1,-0.009999999999999998,0.02,0.0,0.0,-0.01,0.02,1244,873,1.1529,0.8091,5.97656621480972,6.503909752700772,-0.5273435378910518,WELD_FOUND
96.7,0.0,0.0,0.0,0.0,0.0,0.0,0.0,0.0,1244,873,1.1529,0.8091,5.97656621480972,nan,nan,NO_WELD
96.749,0.0,0.0,0.0,0.0,0.0,0.0,0.0,0.0,1244,873,1.1529,0.8091,5.97656621480972,nan,nan,NO_WELD
96.799,0.0,0.0,0.0,0.0,0.0,0.0,0.0,0.0,1244,873,1.1529,0.8091,5.97656621480972,nan,nan,NO_WELD
96.849,0.0,0.0,0.0,0.0,0.0,0.0,0.0,0.0,1244,873,1.1529,0.8091,5.97656621480972,nan,nan,NO_WELD
96.899,0.005,-0.05,-0.0024999999999999996,0.0125,0.0,0.0,-0.0025,0.0125,1244,873,1.1529,0.8091,7.031253717478648,7.031253717478648,0.0,WELD_FOUND
96.949,0.005,-0.05,-0.0024999999999999996,0.0125,0.0,0.0,-0.0025,0.0125,1244,873,1.1529,0.8091,7.031253717478648,7.031253717478648,0.0,WELD_FOUND
96.999,0.005,-0.1,-0.009999999999999998,0.02,0.0,0.0,-0.01,0.02,1244,873,1.1529,0.8091,9.140628722816501,8.085940793260752,1.0546879295557492,WELD_FOUND
97.049,0.005,-0.1,-0.009999999999999998,0.02,0.0,0.0,-0.01,0.02,1244,873,1.1529,0.8091,9.140628722816501,8.085940793260752,1.0546879295557492,WELD_FOUND
97.1,0.005,-0.15000000000000002,-0.0175,0.027500000000000004,0.0,0.0,-0.0175,0.0275,1244,873,1.1529,0.8091,10.195315798598605,9.140628722816501,1.0546870757821036,WELD_FOUND
97.149,0.005,-0.15000000000000002,-0.0175,0.027500000000000004,0.0,0.0,-0.0175,0.0275,1244,873,1.1529,0.8091,10.195315798598605,9.140628722816501,1.0546870757821036,WELD_FOUND
97.199,0.005,-0.2,-0.024999999999999998,0.034999999999999996,0.0,0.0,-0.025,0.035,1244,873,1.1529,0.8091,9.140628722816501,9.140628722816501,0.0,WELD_FOUND
97.249,0.005,-0.2,-0.024999999999999998,0.034999999999999996,0.0,0.0,-0.025,0.035,1244,873,1.1529,0.8091,9.140628722816501,9.140628722816501,0.0,WELD_FOUND
97.299,0.005,-0.25,-0.0325,0.042499999999999996,0.0,0.0,-0.0325,0.0425,1243,873,1.152,0.8091,5.97656621480972,9.140628722816501,-3.164062508006781,WELD_FOUND
97.349,0.005,-0.25,-0.0325,0.042499999999999996,0.0,0.0,-0.0325,0.0425,1243,873,1.152,0.8091,5.97656621480972,9.140628722816501,-3.164062508006781,WELD_FOUND
97.399,0.005,-0.3,-0.04,0.049999999999999996,-0.0049,0.0,-0.0351,0.05,1242,873,1.151,0.8091,6.679691074293397,9.140628722816501,-2.460937648523104,WELD_FOUND
97.449,0.005,-0.3,-0.04,0.049999999999999996,-0.0049,0.0,-0.0351,0.05,1242,873,1.151,0.8091,6.679691074293397,9.140628722816501,-2.460937648523104,WELD_FOUND
97.499,0.005,-0.2616685206455767,-0.034250278096836506,0.0442502780968365,-0.0049,0.0,-0.0293,0.0443,1241,873,1.1501,0.8091,3.8671912094718666,6.679691074293397,-2.8124998648215307,WELD_FOUND
97.549,0.005,-0.2616685206455767,-0.034250278096836506,0.0442502780968365,-0.0054,0.0,-0.0288,0.0443,1241,873,1.1501,0.8091,3.8671912094718666,6.679691074293397,-2.8124998648215307,WELD_FOUND
97.599,0.005,-0.28545072190227305,-0.03781760828534096,0.04781760828534096,-0.0054,0.0,-0.0324,0.0478,1240,873,1.1492,0.8091,7.382816360663898,6.679691074293397,0.7031252863705006,WELD_FOUND
97.649,0.005,-0.28545072190227305,-0.03781760828534096,0.04781760828534096,-0.007,0.0,-0.0308,0.0478,1240,873,1.1492,0.8091,7.382816360663898,6.679691074293397,0.7031252863705006,WELD_FOUND
97.699,0.005223341587221031,-0.25107558802340163,-0.03243799661628922,0.042884679790731274,-0.007,0.0,-0.0255,0.0429,1240,873,1.1492,0.8091,4.921878712140794,5.97656621480972,-1.0546875026689264,WELD_FOUND
97.749,0.005223341587221031,-0.25107558802340163,-0.03243799661628922,0.042884679790731274,-0.007,0.0,-0.0255,0.0429,1240,873,1.1492,0.8091,4.921878712140794,5.97656621480972,-1.0546875026689264,WELD_FOUND
97.8,0.0,0.0,0.0,0.0,-0.0056,0.0,0.0056,0.0,1240,873,1.1492,0.8091,4.921878712140794,nan,nan,NO_WELD
97.849,0.0,0.0,0.0,0.0,-0.0056,0.0,0.0056,0.0,1240,873,1.1492,0.8091,4.921878712140794,nan,nan,NO_WELD
97.899,0.0,0.0,0.0,0.0,-0.0056,0.0,0.0056,0.0,1240,873,1.1492,0.8091,4.921878712140794,nan,nan,NO_WELD
97.949,0.0,0.0,0.0,0.0,-0.0045,0.0,0.0045,0.0,1240,873,1.1492,0.8091,4.921878712140794,nan,nan,NO_WELD
97.999,0.005,-0.05,-0.0024999999999999996,0.0125,-0.0045,0.0,0.002,0.0125,1240,873,1.1492,0.8091,7.382816360663898,7.382816360663898,0.0,WELD_FOUND
98.049,0.005,-0.05,-0.0024999999999999996,0.0125,-0.0045,0.0,0.002,0.0125,1240,873,1.1492,0.8091,7.382816360663898,7.382816360663898,0.0,WELD_FOUND
98.101,0.0,0.0,0.0,0.0,-0.0036,0.0,0.0036,0.0,1240,873,1.1492,0.8091,7.382816360663898,nan,nan,NO_WELD
98.149,0.0,0.0,0.0,0.0,-0.0036,0.0,0.0036,0.0,1240,873,1.1492,0.8091,7.382816360663898,nan,nan,NO_WELD
98.199,0.005,-0.05,-0.0024999999999999996,0.0125,-0.0029,0.0,0.0004,0.0125,1240,873,1.1492,0.8091,9.140628722816501,9.140628722816501,0.0,WELD_FOUND
98.249,0.005,-0.05,-0.0024999999999999996,0.0125,-0.0029,0.0,0.0004,0.0125,1240,873,1.1492,0.8091,9.140628722816501,9.140628722816501,0.0,WELD_FOUND
98.299,0.0,0.0,0.0,0.0,-0.0023,0.0,0.0023,0.0,1240,873,1.1492,0.8091,9.140628722816501,nan,nan,NO_WELD
98.349,0.0,0.0,0.0,0.0,-0.0023,0.0,0.0023,0.0,1240,873,1.1492,0.8091,9.140628722816501,nan,nan,NO_WELD
98.399,0.0,0.0,0.0,0.0,-0.0023,0.0,0.0023,0.0,1240,873,1.1492,0.8091,9.140628722816501,nan,nan,NO_WELD
98.449,0.0,0.0,0.0,0.0,-0.0018,0.0,0.0018,0.0,1240,873,1.1492,0.8091,9.140628722816501,nan,nan,NO_WELD
98.499,0.005,-0.05,-0.0024999999999999996,0.0125,-0.0018,0.0,-0.0007,0.0125,1240,873,1.1492,0.8091,6.328128431108148,6.328128431108148,0.0,WELD_FOUND
98.549,0.005,-0.05,-0.0024999999999999996,0.0125,-0.0018,0.0,-0.0007,0.0125,1240,873,1.1492,0.8091,6.328128431108148,6.328128431108148,0.0,WELD_FOUND
98.6,0.005,-0.1,-0.009999999999999998,0.02,-0.0015,0.0,-0.0085,0.02,1240,873,1.1492,0.8091,5.97656621480972,6.152347536402345,-0.17578132159262516,WELD_FOUND
98.649,0.005,-0.1,-0.009999999999999998,0.02,-0.0015,0.0,-0.0085,0.02,1240,873,1.1492,0.8091,5.97656621480972,6.152347536402345,-0.17578132159262516,WELD_FOUND
98.699,0.0,0.0,0.0,0.0,-0.0015,0.0,0.0015,0.0,1240,873,1.1492,0.8091,5.97656621480972,nan,nan,NO_WELD
98.749,0.0,0.0,0.0,0.0,-0.0012,0.0,0.0012,0.0,1240,873,1.1492,0.8091,5.97656621480972,nan,nan,NO_WELD
98.799,0.018840831733255615,-0.05,0.011340831733255615,0.026340831733255615,-0.0012,0.0,0.0125,0.0263,1240,873,1.1492,0.8091,1.7578159906906006,1.7578159906906006,0.0,WELD_FOUND
98.849,0.018840831733255615,-0.05,0.011340831733255615,0.026340831733255615,0.0,0.0,0.0113,0.0263,1240,873,1.1492,0.8091,1.7578159906906006,1.7578159906906006,0.0,WELD_FOUND
98.899,0.026028501148768996,-0.026693554962653056,0.02202446790437104,0.030032534393166953,0.0,0.0,0.022,0.03,1241,873,1.1501,0.8091,0.35156592487770283,1.054690917763512,-0.7031249928858092,WELD_FOUND
98.949,0.026028501148768996,-0.026693554962653056,0.02202446790437104,0.030032534393166953,0.0,0.0,0.022,0.03,1241,873,1.1501,0.8091,0.35156592487770283,1.054690917763512,-0.7031249928858092,WELD_FOUND
98.999,0.0,0.0,0.0,0.0,0.0049,0.0,-0.0049,0.0,1242,873,1.151,0.8091,0.35156592487770283,nan,nan,NO_WELD
99.049,0.0,0.0,0.0,0.0,0.0049,0.0,-0.0049,0.0,1242,873,1.151,0.8091,0.35156592487770283,nan,nan,NO_WELD
99.101,0.0,0.0,0.0,0.0,0.0067,0.0,-0.0067,0.0,1243,873,1.152,0.8091,0.35156592487770283,nan,nan,NO_WELD
99.149,0.0,0.0,0.0,0.0,0.0067,0.0,-0.0067,0.0,1243,873,1.152,0.8091,0.35156592487770283,nan,nan,NO_WELD
99.2,0.0,0.0,0.0,0.0,0.0053,0.0,-0.0053,0.0,1243,873,1.152,0.8091,0.35156592487770283,nan,nan,NO_WELD
99.249,0.0,0.0,0.0,0.0,0.0053,0.0,-0.0053,0.0,1243,873,1.152,0.8091,0.35156592487770283,nan,nan,NO_WELD
99.3,0.03258234416615065,0.017630342234929448,0.03522689550139006,0.02993779283091123,0.0043,0.0,0.031,0.0299,1243,873,1.152,0.8091,-0.35155909468853286,-0.35155909468853286,0.0,WELD_FOUND
99.349,0.03258234416615065,0.017630342234929448,0.03522689550139006,0.02993779283091123,0.0043,0.0,0.031,0.0299,1243,873,1.152,0.8091,-0.35155909468853286,-0.35155909468853286,0.0,WELD_FOUND
99.399,0.02889401278338217,0.054755529310677245,0.03710734217998375,0.02068068338678058,0.0043,0.0,0.0328,0.0207,1243,873,1.152,0.8091,-1.7578091605014305,-1.0546840875743422,-0.7031250729270884,WELD_FOUND
99.449,0.02889401278338217,0.054755529310677245,0.03710734217998375,0.02068068338678058,0.0034,0.0,0.0337,0.0207,1243,873,1.152,0.8091,-1.7578091605014305,-1.0546840875743422,-0.7031250729270884,WELD_FOUND
99.5,0.02476037411613924,0.08680377671296445,0.0377809406230839,0.011739807609194571,0.0034,0.0,0.0344,0.0117,1245,873,1.1538,0.8091,-3.164059092912196,-1.7578091605014305,-1.4062499324107656,WELD_FOUND
99.549,0.02476037411613924,0.08680377671296445,0.0377809406230839,0.011739807609194571,0.0034,0.0,0.0344,0.0117,1245,873,1.1538,0.8091,-3.164059092912196,-1.7578091605014305,-1.4062499324107656,WELD_FOUND
99.6,0.024793503540001826,0.06894345596469485,0.03513502193470605,0.014451985145297599,0.0144,0.0,0.0207,0.0145,1248,873,1.1566,0.8091,-1.4062466240378864,-1.5820278389088056,0.17578121487091924,WELD_FOUND
99.649,0.024793503540001826,0.06894345596469485,0.03513502193470605,0.014451985145297599,0.0144,0.0,0.0207,0.0145,1248,873,1.1566,0.8091,-1.4062466240378864,-1.5820278389088056,0.17578121487091924,WELD_FOUND
99.7,0.02563566974982223,0.059243343912013004,0.03452217133662418,0.01674916816302028,0.0196,0.0037,0.0149,0.0131,1251,874,1.1594,0.81,3.4150945850063755e-06,-1.4062466240378864,1.4062500391324713,WELD_FOUND
99.749,0.02563566974982223,0.059243343912013004,0.03452217133662418,0.01674916816302028,0.0196,0.0037,0.0149,0.0131,1251,874,1.1594,0.81,3.4150945850063755e-06,-1.4062466240378864,1.4062500391324713,WELD_FOUND
99.8,0.02563566974982223,0.059243343912013004,0.03452217133662418,0.01674916816302028,0.0196,0.0037,0.0149,0.0131,1254,874,1.1622,0.81,0.35156592487770283,-1.4062466240378864,1.7578125489155891,WELD_FOUND
99.849,0.025805790808585354,0.060942822630714454,0.03494721420319252,0.016664367413978184,0.0193,0.0029,0.0157,0.0137,1254,874,1.1622,0.81,0.35156592487770283,-1.4062466240378864,1.7578125489155891,WELD_FOUND
99.899,0.025805790808585354,0.060942822630714454,0.03494721420319252,0.016664367413978184,0.0193,0.0029,0.0157,0.0137,1257,874,1.1649,0.81,-2.460934233428519,-1.4062466240378864,-1.0546876093906328,WELD_FOUND
99.949,0.02583988253300994,0.06127194565556136,0.03503067438134414,0.016649090684675738,0.0193,0.0029,0.0158,0.0137,1257,874,1.1649,0.81,-2.460934233428519,-1.4062466240378864,-1.0546876093906328,WELD_FOUND
100.0,0.02583988253300994,0.06127194565556136,0.03503067438134414,0.016649090684675738,0.0263,0.0023,0.0087,0.0143,1260,874,1.1677,0.81,-0.35155909468853286,-1.4062466240378864,1.0546875293493536,WELD_FOUND
100.049,0.031171391800895957,0.01127194565556136,0.03286218364923016,0.02948059995256175,0.0263,0.0023,0.0065,0.0271,1260,874,1.1677,0.81,-0.35155909468853286,-0.35155909468853286,0.0,WELD_FOUND
100.102,0.031171391800895957,0.01127194565556136,0.03286218364923016,0.02948059995256175,0.0263,0.0023,0.0065,0.0271,1263,874,1.1705,0.81,-2.460934233428519,-0.35155909468853286,-2.109375138739986,WELD_FOUND
100.149,0.03229765529155465,0.012853810204609234,0.03422572682224603,0.030369583760863263,0.0232,0.0019,0.011,0.0285,1263,874,1.1705,0.81,-2.460934233428519,-0.35155909468853286,-2.109375138739986,WELD_FOUND
100.2,0.03229765529155465,0.012853810204609234,0.03422572682224603,0.030369583760863263,0.0232,0.0019,0.011,0.0285,1267,875,1.1742,0.8109,-2.460934233428519,-0.35155909468853286,-2.109375138739986,WELD_FOUND
100.249,0.0,0.0,0.0,0.0,0.0288,0.0048,-0.0288,-0.0048,1267,875,1.1742,0.8109,-2.460934233428519,nan,nan,NO_WELD
100.3,0.0,0.0,0.0,0.0,0.0288,0.0048,-0.0288,-0.0048,1272,875,1.1789,0.8109,-2.460934233428519,nan,nan,NO_WELD
100.349,0.01911419396002268,0.05,0.02661419396002268,0.011614193960022681,0.0288,0.0048,-0.0022,0.0068,1272,875,1.1789,0.8109,-3.164059092912196,-3.164059092912196,0.0,WELD_FOUND
100.4,0.01911419396002268,0.05,0.02661419396002268,0.011614193960022681,0.0296,0.0054,-0.003,0.0062,1272,876,1.1789,0.8119,-3.164059092912196,-3.164059092912196,0.0,WELD_FOUND
100.449,0.019736097842946766,0.1,0.03473609784294676,0.004736097842946766,0.0296,0.0054,0.0051,-0.0006,1272,876,1.1789,0.8119,-1.7578091605014305,-2.460934233428519,0.7031250729270886,WELD_FOUND
100.499,0.019736097842946766,0.1,0.03473609784294676,0.004736097842946766,0.0215,0.0043,0.0133,0.0004,1273,876,1.1798,0.8119,-1.7578091605014305,-2.460934233428519,0.7031250729270886,WELD_FOUND
100.549,0.019861673326294127,0.10701104602162725,0.035913330229538215,0.003810016423050039,0.0215,0.0043,0.0144,-0.0005,1273,876,1.1798,0.8119,-2.460934233428519,-2.460934233428519,0.0,WELD_FOUND
100.599,0.019861673326294127,0.10701104602162725,0.035913330229538215,0.003810016423050039,0.0215,0.0043,0.0144,-0.0005,1275,876,1.1816,0.8119,-2.460934233428519,-2.460934233428519,0.0,WELD_FOUND
100.649,0.02139854116679179,0.08778022841160295,0.03456557542853223,0.008231506905051348,0.0178,0.0034,0.0167,0.0048,1275,876,1.1816,0.8119,3.4150945850063755e-06,-2.1093715902432693,2.109375005337854,WELD_FOUND
100.699,0.02139854116679179,0.08778022841160295,0.03456557542853223,0.008231506905051348,0.0178,0.0034,0.0167,0.0048,1277,876,1.1835,0.8119,3.4150945850063755e-06,-2.1093715902432693,2.109375005337854,WELD_FOUND
100.749,0.023291123762669726,0.07152146617882445,0.03401934368949339,0.01256290383584606,0.0181,0.0027,0.0159,0.0098,1277,876,1.1835,0.8119,1.7578159906906006,-1.7578091605014305,3.5156251511920313,WELD_FOUND
100.799,0.023291123762669726,0.07152146617882445,0.03401934368949339,0.01256290383584606,0.0181,0.0027,0.0159,0.0098,1279,876,1.1853,0.8119,1.7578159906906006,-1.7578091605014305,3.5156251511920313,WELD_FOUND
100.849,0.02367926257727756,0.07564990217895864,0.03502674790412136,0.012331777250433763,0.0181,0.0027,0.0169,0.0096,1279,876,1.1853,0.8119,-1.7578091605014305,-1.7578091605014305,0.0,WELD_FOUND
100.899,0.02367926257727756,0.07564990217895864,0.03502674790412136,0.012331777250433763,0.0208,0.0022,0.0143,0.0101,1281,876,1.1872,0.8119,-1.7578091605014305,-1.7578091605014305,0.0,WELD_FOUND
100.949,0.0,0.0,0.0,0.0,0.0208,0.0022,-0.0208,-0.0022,1281,876,1.1872,0.8119,-1.7578091605014305,nan,nan,NO_WELD
100.999,0.0,0.0,0.0,0.0,0.0236,0.0018,-0.0236,-0.0018,1284,876,1.19,0.8119,-1.7578091605014305,nan,nan,NO_WELD
101.049,0.035,0.0,0.035,0.035,0.0236,0.0018,0.0114,0.0332,1284,876,1.19,0.8119,3.4150945850063755e-06,3.4150945850063755e-06,0.0,WELD_FOUND
101.101,0.035,0.0,0.035,0.035,0.0179,0.0014,0.0171,0.0336,1285,876,1.1909,0.8119,3.4150945850063755e-06,3.4150945850063755e-06,0.0,WELD_FOUND
101.149,0.0,0.0,0.0,0.0,0.0179,0.0014,-0.0179,-0.0014,1285,876,1.1909,0.8119,3.4150945850063755e-06,nan,nan,NO_WELD
101.199,0.0,0.0,0.0,0.0,0.0179,0.0014,-0.0179,-0.0014,1289,881,1.1946,0.8165,3.4150945850063755e-06,nan,nan,NO_WELD
101.249,0.027128731710949944,0.05,0.03462873171094995,0.019628731710949945,0.0206,0.0132,0.014,0.0064,1289,881,1.1946,0.8165,-1.4062466240378864,-1.4062466240378864,0.0,WELD_FOUND
101.299,0.027128731710949944,0.05,0.03462873171094995,0.019628731710949945,0.0206,0.0132,0.014,0.0064,1290,882,1.1955,0.8174,-1.4062466240378864,-1.4062466240378864,0.0,WELD_FOUND
101.349,0.0,0.0,0.0,0.0,0.0206,0.0132,-0.0206,-0.0132,1290,882,1.1955,0.8174,-1.4062466240378864,nan,nan,NO_WELD
101.399,0.0,0.0,0.0,0.0,0.0198,0.0129,-0.0198,-0.0129,1292,883,1.1974,0.8183,-1.4062466240378864,nan,nan,NO_WELD
101.449,0.0,0.0,0.0,0.0,0.0198,0.0129,-0.0198,-0.0129,1292,883,1.1974,0.8183,-1.4062466240378864,nan,nan,NO_WELD
101.499,0.0,0.0,0.0,0.0,0.0198,0.0129,-0.0198,-0.0129,1292,883,1.1974,0.8183,-1.4062466240378864,nan,nan,NO_WELD
101.549,0.022339529566604236,-0.05,0.014839529566604236,0.029839529566604236,0.0158,0.0103,-0.001,0.0195,1292,883,1.1974,0.8183,2.812503493359528,2.812503493359528,0.0,WELD_FOUND
101.599,0.022339529566604236,-0.05,0.014839529566604236,0.029839529566604236,0.0158,0.0103,-0.001,0.0195,1292,884,1.1974,0.8193,2.812503493359528,2.812503493359528,0.0,WELD_FOUND
101.649,0.0,0.0,0.0,0.0,0.0158,0.0103,-0.0158,-0.0103,1292,884,1.1974,0.8193,2.812503493359528,nan,nan,NO_WELD
101.699,0.0,0.0,0.0,0.0,0.0169,0.0161,-0.0169,-0.0161,1295,887,1.2002,0.822,2.812503493359528,nan,nan,NO_WELD
101.749,0.026580878079940355,0.05,0.034080878079940355,0.019080878079940355,0.0169,0.0161,0.0172,0.003,1295,887,1.2002,0.822,-2.1093715902432693,-2.1093715902432693,0.0,WELD_FOUND
101.799,0.026580878079940355,0.05,0.034080878079940355,0.019080878079940355,0.0135,0.0059,0.0206,0.0132,1295,886,1.2002,0.8211,-2.1093715902432693,-2.1093715902432693,0.0,WELD_FOUND
101.849,0.02949813849653875,0.02361479116935566,0.0330403571719421,0.025955919821135404,0.0135,0.0059,0.0195,0.02,1295,886,1.2002,0.8211,0.7031284346608206,-0.7031216044716506,1.4062500391324713,WELD_FOUND
101.899,0.02949813849653875,0.02361479116935566,0.0330403571719421,0.025955919821135404,0.0135,0.0059,0.0195,0.02,1298,889,1.2029,0.8239,0.7031284346608206,-0.7031216044716506,1.4062500391324713,WELD_FOUND
101.949,0.023239830647153244,0.07361479116935567,0.034282049322556594,0.012197611971749895,0.0155,0.011,0.0188,0.0012,1298,889,1.2029,0.8239,-2.460934233428519,-2.1093715902432693,-0.3515626431852499,WELD_FOUND
101.999,0.023239830647153244,0.07361479116935567,0.034282049322556594,0.012197611971749895,0.0155,0.011,0.0188,0.0012,1303,894,1.2076,0.8285,-2.460934233428519,-2.1093715902432693,-0.3515626431852499,WELD_FOUND
102.049,0.02877507180986,0.023614791169355664,0.03231729048526335,0.025232853134456654,0.0279,0.0251,0.0045,0.0001,1303,894,1.2076,0.8285,2.109378420432439,-0.7031216044716506,2.8125000249040895,WELD_FOUND
102.101,0.02877507180986,0.023614791169355664,0.03231729048526335,0.025232853134456654,0.0279,0.0251,0.0045,0.0001,1306,897,1.2104,0.8313,2.109378420432439,-0.7031216044716506,2.8125000249040895,WELD_FOUND
102.149,0.0,0.0,0.0,0.0,0.0278,0.0262,-0.0278,-0.0262,1306,897,1.2104,0.8313,2.109378420432439,nan,nan,NO_WELD
102.199,0.0,0.0,0.0,0.0,0.0278,0.0262,-0.0278,-0.0262,1308,898,1.2122,0.8322,2.109378420432439,nan,nan,NO_WELD
102.249,0.0,0.0,0.0,0.0,0.0278,0.0262,-0.0278,-0.0262,1308,898,1.2122,0.8322,2.109378420432439,nan,nan,NO_WELD
102.299,0.0,0.0,0.0,0.0,0.0192,0.0182,-0.0192,-0.0182,1307,898,1.2113,0.8322,2.109378420432439,nan,nan,NO_WELD
102.349,0.028159411655167582,0.04580722229465098,0.03503049499936523,0.021288328310969936,0.0192,0.0182,0.0159,0.0031,1307,898,1.2113,0.8322,-1.0546840875743422,-1.0546840875743422,0.0,WELD_FOUND
102.399,0.028159411655167582,0.04580722229465098,0.03503049499936523,0.021288328310969936,0.0153,0.0145,0.0197,0.0067,1307,898,1.2113,0.8322,-1.0546840875743422,-1.0546840875743422,0.0,WELD_FOUND
102.449,0.028925034282408328,0.03646535139952774,0.03439483699233749,0.023455231572479168,0.0153,0.0145,0.0191,0.0089,1307,898,1.2113,0.8322,-0.7031216044716506,-0.8789028727034228,0.1757812682317722,WELD_FOUND
102.499,0.028925034282408328,0.03646535139952774,0.03439483699233749,0.023455231572479168,0.0153,0.0145,0.0191,0.0089,1310,901,1.2141,0.835,-0.7031216044716506,-0.8789028727034228,0.1757812682317722,WELD_FOUND
102.549,0.0,0.0,0.0,0.0,0.0166,0.0161,-0.0166,-0.0161,1310,901,1.2141,0.835,-0.7031216044716506,nan,nan,NO_WELD
102.6,0.0,0.0,0.0,0.0,0.0166,0.0161,-0.0166,-0.0161,1314,904,1.2178,0.8378,-0.7031216044716506,nan,nan,NO_WELD
102.649,0.0,0.0,0.0,0.0,0.0166,0.0161,-0.0166,-0.0161,1314,904,1.2178,0.8378,-0.7031216044716506,nan,nan,NO_WELD
102.7,0.0,0.0,0.0,0.0,0.0198,0.0171,-0.0198,-0.0171,1314,904,1.2178,0.8378,-0.7031216044716506,nan,nan,NO_WELD
102.749,0.0,0.0,0.0,0.0,0.0198,0.0171,-0.0198,-0.0171,1314,904,1.2178,0.8378,-0.7031216044716506,nan,nan,NO_WELD
102.8,0.0,0.0,0.0,0.0,0.0198,0.0171,-0.0198,-0.0171,1314,904,1.2178,0.8378,-0.7031216044716506,nan,nan,NO_WELD
102.849,0.0,0.0,0.0,0.0,0.0159,0.0137,-0.0159,-0.0137,1314,904,1.2178,0.8378,-4.921871881951623,-4.921871881951623,0.0,WELD_FOUND
102.9,0.0,0.0,0.0,0.0,0.0159,0.0137,-0.0159,-0.0137,1314,904,1.2178,0.8378,-4.921871881951623,-4.921871881951623,0.0,WELD_FOUND
102.949,0.0,0.0,0.0,0.0,0.0127,0.0137,-0.0127,-0.0137,1314,904,1.2178,0.8378,-4.921871881951623,nan,nan,NO_WELD
103.0,0.0,0.0,0.0,0.0,0.0127,0.0109,-0.0127,-0.0109,1314,904,1.2178,0.8378,-4.921871881951623,nan,nan,NO_WELD
103.049,0.0,0.0,0.0,0.0,0.0127,0.0109,-0.0127,-0.0109,1314,904,1.2178,0.8378,-4.921871881951623,nan,nan,NO_WELD
103.101,0.0,0.0,0.0,0.0,0.0102,0.0087,-0.0102,-0.0087,1314,904,1.2178,0.8378,-4.921871881951623,nan,nan,NO_WELD
103.149,0.00781914882825486,0.05,0.01531914882825486,0.00031914882825486053,0.0102,0.0087,0.0052,-0.0084,1314,904,1.2178,0.8378,-5.273434098250051,-5.273434098250051,0.0,WELD_FOUND
